Number of initial container : 3
Number of new container : 20
Total number of containers : 23
Level_num : 9
Container_level : [1, 8, 8, 9, 6, 6, 3, 6, 6, 6, 1, 8, 8, 6, 1, 3, 3, 8, 3, 8, 6, 3, 3]
ideal_configuration : 
 [[6. 6. 8. 0. 0. 0.]
 [3. 6. 8. 8. 0. 0.]
 [3. 3. 6. 8. 9. 0.]
 [1. 3. 3. 6. 8. 0.]
 [1. 1. 3. 6. 6. 8.]]
Centroid : {1: (0.3333333333333333, 0.3333333333333333), 8: (3.1666666666666665, 2.1666666666666665), 9: (4.0, 2.0), 6: (2.0, 2.0), 3: (1.0, 1.5)}
Repeat number : 3
Original weight : [21.73, 10.61, 13.8, 18.18, 18.61, 17.74, 10.58, 10.31, 13.67, 18.4, 12.08, 17.35, 5.55, 11.65, 8.43, 15.79, 9.93, 9.48, 14.12, 8.1, 9.33, 15.84, 7.0]
Group : [0, 3, 3, 3, 2, 2, 1, 2, 2, 2, 0, 3, 3, 2, 0, 1, 1, 3, 1, 3, 2, 1, 1]
Sequence : [0, 0, 0, 1, 2, 3, 4, 5, 6, 7, 8, 9, 10, 11, 12, 13, 14, 15, 16, 17, 18, 19, 20]
Scroe : [21.73, 310.61, 313.8, 318.18, 218.61, 217.74, 110.58, 210.31, 213.67, 218.4, 12.08, 317.35, 305.55, 211.65, 8.43, 115.78999999999999, 109.93, 309.48, 114.12, 308.1, 209.33, 115.84, 107.0]
Time taken to solve the MIP model : 0.1314 seconds
min_d : 0, max_d : 9
---------------------------------
solution for: IP model
objective: 4.03704
x_0_5_0=1
x_1_4_0=1
x_2_3_0=1
x_3_4_1=1
x_4_2_0=1
x_5_3_1=1
x_6_1_0=1
x_7_2_1=1
x_8_2_2=1
x_9_2_3=1
x_10_0_0=1
x_11_3_2=1
x_12_3_3=1
x_13_2_4=1
x_14_0_1=1
x_15_1_1=1
x_16_1_2=1
x_17_3_4=1
x_18_0_2=1
x_19_4_2=1
x_20_0_3=1
x_21_1_3=1
x_22_1_4=1
r_0_0=1
r_0_1=1
r_0_2=1
r_0_3=1
r_1_0=1
r_1_1=1
r_1_2=1
r_1_3=1
r_1_4=1
r_2_0=1
r_2_1=1
r_2_2=1
r_2_3=1
r_2_4=1
r_3_0=1
r_3_1=1
r_3_2=1
r_3_3=1
r_3_4=1
r_4_0=1
r_4_1=1
r_4_2=1
d_0=5.000
d_1=3.000
d_2=2.333
d_3=1.000
d_4=2.000
d_5=2.000
d_6=1.500
d_7=1.000
d_9=1.000
d_10=0.667
d_11=0.333
d_12=1.000
d_13=2.000
d_14=1.000
d_15=0.500
d_16=0.500
d_17=2.000
d_18=1.500
d_19=1.000
d_20=3.000
d_21=1.500
d_22=2.500
d_x_0=4.667
d_x_1=0.833
d_x_2=0.167
d_x_5=1.000
d_x_10=0.333
d_x_11=0.167
d_x_12=0.167
d_x_14=0.333
d_x_17=0.167
d_x_18=1.000
d_x_19=0.833
d_x_20=2.000
d_y_0=0.333
d_y_1=2.167
d_y_2=2.167
d_y_3=1.000
d_y_4=2.000
d_y_5=1.000
d_y_6=1.500
d_y_7=1.000
d_y_9=1.000
d_y_10=0.333
d_y_11=0.167
d_y_12=0.833
d_y_13=2.000
d_y_14=0.667
d_y_15=0.500
d_y_16=0.500
d_y_17=1.833
d_y_18=0.500
d_y_19=0.167
d_y_20=1.000
d_y_21=1.500
d_y_22=2.500
normalized distance of container 0 : 0.5555555555555556
normalized distance of container 1 : 0.3333333333333333
normalized distance of container 2 : 0.25925925925925924
normalized distance of container 3 : 0.1111111111111111
normalized distance of container 4 : 0.2222222222222222
normalized distance of container 5 : 0.2222222222222222
normalized distance of container 6 : 0.16666666666666666
normalized distance of container 7 : 0.1111111111111111
normalized distance of container 8 : 0.0
normalized distance of container 9 : 0.1111111111111111
normalized distance of container 10 : 0.07407407407407357
normalized distance of container 11 : 0.03703703703703656
normalized distance of container 12 : 0.11111111111111052
normalized distance of container 13 : 0.2222222222222222
normalized distance of container 14 : 0.11111111111111056
normalized distance of container 15 : 0.05555555555555555
normalized distance of container 16 : 0.055555555555555136
normalized distance of container 17 : 0.22222222222222188
normalized distance of container 18 : 0.16666666666666627
normalized distance of container 19 : 0.11111111111111052
normalized distance of container 20 : 0.3333333333333333
normalized distance of container 21 : 0.16666666666666666
normalized distance of container 22 : 0.2777777777777774
