Number of initial container : 3
Number of new container : 20
Total number of containers : 23
Level_num : 9
Container_level : [3, 3, 6, 8, 6, 1, 9, 6, 6, 8, 6, 3, 1, 1, 1, 1, 8, 1, 3, 8, 3, 6, 1]
ideal_configuration : 
 [[3. 6. 8. 0. 0. 0.]
 [1. 3. 6. 8. 0. 0.]
 [1. 3. 6. 6. 9. 0.]
 [1. 1. 3. 6. 8. 0.]
 [1. 1. 1. 3. 6. 8.]]
Centroid : {3: (1.4, 2.0), 6: (2.5, 2.0), 8: (3.5, 2.0), 1: (0.5714285714285714, 1.0), 9: (4.0, 2.0)}
Repeat number : 1
Original weight : [13.2, 7.7, 9.81, 7.97, 5.02, 10.16, 22.69, 6.46, 22.71, 16.99, 6.91, 12.01, 15.18, 21.18, 21.96, 23.89, 10.48, 11.03, 8.86, 21.87, 20.91, 6.76, 6.39]
Group : [1, 1, 2, 3, 2, 0, 3, 2, 2, 3, 2, 1, 0, 0, 0, 0, 3, 0, 1, 3, 1, 2, 0]
Sequence : [0, 0, 0, 1, 2, 3, 4, 5, 6, 7, 8, 9, 10, 11, 12, 13, 14, 15, 16, 17, 18, 19, 20]
Scroe : [113.2, 107.7, 209.81, 307.97, 205.02, 10.16, 322.69, 206.46, 222.71, 316.99, 206.91, 112.01, 15.18, 21.18, 21.96, 23.89, 310.48, 11.03, 108.86, 321.87, 120.91, 206.76, 6.39]
Time taken to solve the MIP model : 0.1263 seconds
min_d : 0, max_d : 9
---------------------------------
solution for: IP model
objective: 4.35238
x_0_4_0=1
x_1_3_0=1
x_2_4_1=1
x_3_5_0=1
x_4_3_1=1
x_5_2_0=1
x_6_5_1=1
x_7_2_1=1
x_8_3_2=1
x_9_5_2=1
x_10_2_2=1
x_11_2_3=1
x_12_1_0=1
x_13_0_0=1
x_14_0_1=1
x_15_1_1=1
x_16_4_2=1
x_17_0_2=1
x_18_1_2=1
x_19_4_3=1
x_20_1_3=1
x_21_3_3=1
x_22_0_3=1
r_0_0=1
r_0_1=1
r_0_2=1
r_0_3=1
r_1_2=1
r_1_3=1
r_2_0=1
r_2_1=1
r_2_2=1
r_2_3=1
r_3_2=1
r_3_3=1
r_5_1=1
r_5_2=1
d_0=4.600
d_1=3.600
d_2=2.500
d_3=3.500
d_4=1.500
d_5=2.429
d_6=2.000
d_7=1.500
d_8=0.500
d_9=1.500
d_10=0.500
d_11=1.600
d_12=1.429
d_13=1.571
d_14=0.571
d_15=0.429
d_16=0.500
d_17=1.571
d_18=0.400
d_19=1.500
d_20=1.400
d_21=1.500
d_22=2.571
d_x_0=2.600
d_x_1=1.600
d_x_2=1.500
d_x_3=1.500
d_x_4=0.500
d_x_5=1.429
d_x_6=1.000
d_x_7=0.500
d_x_8=0.500
d_x_9=1.500
d_x_10=0.500
d_x_11=0.600
d_x_12=0.429
d_x_13=0.571
d_x_14=0.571
d_x_15=0.429
d_x_16=0.500
d_x_17=0.571
d_x_18=0.400
d_x_19=0.500
d_x_20=0.400
d_x_21=0.500
d_x_22=0.571
d_y_0=2.000
d_y_1=2.000
d_y_2=1.000
d_y_3=2.000
d_y_4=1.000
d_y_5=1.000
d_y_6=1.000
d_y_7=1.000
d_y_11=1.000
d_y_12=1.000
d_y_13=1.000
d_y_17=1.000
d_y_19=1.000
d_y_20=1.000
d_y_21=1.000
d_y_22=2.000
normalized distance of container 0 : 0.5111111111111111
normalized distance of container 1 : 0.4
normalized distance of container 2 : 0.2777777777777778
normalized distance of container 3 : 0.3888888888888889
normalized distance of container 4 : 0.16666666666666657
normalized distance of container 5 : 0.26984126984126966
normalized distance of container 6 : 0.2222222222222222
normalized distance of container 7 : 0.16666666666666666
normalized distance of container 8 : 0.055555555555555164
normalized distance of container 9 : 0.16666666666666646
normalized distance of container 10 : 0.05555555555555555
normalized distance of container 11 : 0.17777777777777715
normalized distance of container 12 : 0.15873015873015814
normalized distance of container 13 : 0.1746031746031746
normalized distance of container 14 : 0.06349206349206349
normalized distance of container 15 : 0.047619047619047034
normalized distance of container 16 : 0.05555555555555536
normalized distance of container 17 : 0.1746031746031746
normalized distance of container 18 : 0.04444444444444443
normalized distance of container 19 : 0.16666666666666646
normalized distance of container 20 : 0.15555555555555556
normalized distance of container 21 : 0.16666666666666627
normalized distance of container 22 : 0.2857142857142857
