Number of initial container : 3
Number of new container : 20
Total number of containers : 23
Level_num : 9
Container_level : [1, 8, 6, 8, 8, 8, 3, 1, 9, 3, 8, 6, 1, 1, 1, 6, 8, 6, 8, 8, 3, 1, 6]
ideal_configuration : 
 [[6. 8. 8. 0. 0. 0.]
 [3. 6. 8. 8. 0. 0.]
 [1. 3. 6. 8. 9. 0.]
 [1. 1. 3. 6. 8. 0.]
 [1. 1. 1. 6. 8. 8.]]
Centroid : {1: (0.6666666666666666, 0.6666666666666666), 8: (3.0, 2.125), 6: (1.8, 2.0), 3: (1.0, 2.0), 9: (4.0, 2.0)}
Repeat number : 22
Original weight : [7.01, 10.19, 10.3, 18.22, 16.76, 5.98, 8.27, 7.41, 23.98, 19.97, 5.17, 5.26, 21.38, 20.48, 12.78, 21.97, 9.1, 5.78, 19.36, 8.14, 19.39, 14.47, 8.43]
Group : [0, 3, 2, 3, 3, 3, 1, 0, 3, 1, 3, 2, 0, 0, 0, 2, 3, 2, 3, 3, 1, 0, 2]
Sequence : [0, 0, 0, 1, 2, 3, 4, 5, 6, 7, 8, 9, 10, 11, 12, 13, 14, 15, 16, 17, 18, 19, 20]
Scroe : [7.01, 310.19, 210.3, 318.22, 316.76, 305.98, 108.27, 7.41, 323.98, 119.97, 305.17, 205.26, 21.38, 20.48, 12.78, 221.97, 309.1, 205.78, 319.36, 308.14, 119.39, 14.47, 208.43]
Time taken to solve the MIP model : 0.1513 seconds
min_d : 0, max_d : 9
---------------------------------
solution for: IP model
objective: 4.31667
x_0_3_0=1
x_1_4_0=1
x_2_2_0=1
x_3_3_1=1
x_4_3_2=1
x_5_4_1=1
x_6_5_0=1
x_7_0_0=1
x_8_5_1=1
x_9_2_1=1
x_10_4_2=1
x_11_2_2=1
x_12_1_0=1
x_13_1_1=1
x_14_0_1=1
x_15_2_3=1
x_16_3_3=1
x_17_2_4=1
x_18_4_3=1
x_19_3_4=1
x_20_1_2=1
x_21_0_2=1
x_22_1_3=1
r_0_1=1
r_0_2=1
r_1_0=1
r_1_1=1
r_1_2=1
r_1_3=1
r_2_0=1
r_2_1=1
r_2_2=1
r_2_3=1
r_2_4=1
r_3_1=1
r_3_2=1
r_3_3=1
r_3_4=1
r_4_0=1
r_4_1=1
r_4_2=1
r_4_3=1
d_0=3.000
d_1=3.125
d_2=2.200
d_3=1.125
d_4=0.125
d_5=2.125
d_6=6.000
d_7=1.333
d_8=2.000
d_9=2.000
d_10=1.125
d_11=0.200
d_12=1.000
d_13=0.667
d_14=1.000
d_15=1.200
d_16=0.875
d_17=2.200
d_18=1.875
d_19=1.875
d_21=2.000
d_22=1.800
d_x_0=2.333
d_x_1=1.000
d_x_2=0.200
d_x_5=1.000
d_x_6=4.000
d_x_7=0.667
d_x_8=1.000
d_x_9=1.000
d_x_10=1.000
d_x_11=0.200
d_x_12=0.333
d_x_13=0.333
d_x_14=0.667
d_x_15=0.200
d_x_17=0.200
d_x_18=1.000
d_x_21=0.667
d_x_22=0.800
d_y_0=0.667
d_y_1=2.125
d_y_2=2.000
d_y_3=1.125
d_y_4=0.125
d_y_5=1.125
d_y_6=2.000
d_y_7=0.667
d_y_8=1.000
d_y_9=1.000
d_y_10=0.125
d_y_12=0.667
d_y_13=0.333
d_y_14=0.333
d_y_15=1.000
d_y_16=0.875
d_y_17=2.000
d_y_18=0.875
d_y_19=1.875
d_y_21=1.333
d_y_22=1.000
normalized distance of container 0 : 0.3333333333333333
normalized distance of container 1 : 0.3472222222222222
normalized distance of container 2 : 0.24444444444444446
normalized distance of container 3 : 0.125
normalized distance of container 4 : 0.013888888888888888
normalized distance of container 5 : 0.2361111111111111
normalized distance of container 6 : 0.6666666666666666
normalized distance of container 7 : 0.14814814814814814
normalized distance of container 8 : 0.2222222222222222
normalized distance of container 9 : 0.2222222222222222
normalized distance of container 10 : 0.12499999999999882
normalized distance of container 11 : 0.022222222222221675
normalized distance of container 12 : 0.11111111111111056
normalized distance of container 13 : 0.0740740740740726
normalized distance of container 14 : 0.11111111111111018
normalized distance of container 15 : 0.13333333333333247
normalized distance of container 16 : 0.09722222222222182
normalized distance of container 17 : 0.24444444444444396
normalized distance of container 18 : 0.20833333333333293
normalized distance of container 19 : 0.20833333333333293
normalized distance of container 20 : 0.0
normalized distance of container 21 : 0.2222222222222213
normalized distance of container 22 : 0.2
