Number of initial container : 3
Number of new container : 20
Total number of containers : 23
Level_num : 9
Container_level : [1, 6, 6, 9, 6, 3, 3, 3, 8, 1, 1, 6, 8, 8, 6, 8, 6, 6, 8, 6, 6, 3, 3]
ideal_configuration : 
 [[6. 6. 8. 0. 0. 0.]
 [3. 6. 6. 8. 0. 0.]
 [3. 3. 6. 8. 9. 0.]
 [1. 3. 6. 6. 8. 0.]
 [1. 1. 3. 6. 6. 8.]]
Centroid : {1: (0.3333333333333333, 0.3333333333333333), 6: (2.0, 2.0), 9: (4.0, 2.0), 3: (0.8, 1.6), 8: (3.4, 2.0)}
Repeat number : 28
Original weight : [18.55, 17.51, 18.05, 23.58, 17.03, 7.83, 8.51, 12.05, 9.46, 10.62, 23.44, 17.72, 8.79, 15.47, 20.95, 10.8, 13.3, 14.49, 21.53, 11.23, 17.15, 9.46, 21.36]
Group : [0, 2, 2, 3, 2, 1, 1, 1, 3, 0, 0, 2, 3, 3, 2, 3, 2, 2, 3, 2, 2, 1, 1]
Sequence : [0, 0, 0, 1, 2, 3, 4, 5, 6, 7, 8, 9, 10, 11, 12, 13, 14, 15, 16, 17, 18, 19, 20]
Scroe : [18.55, 217.51, 218.05, 323.58, 217.03, 107.83, 108.51, 112.05, 309.46, 10.62, 23.44, 217.72, 308.79, 315.47, 220.95, 310.8, 213.3, 214.49, 321.53, 211.23, 217.15, 109.46000000000001, 121.36]
Time taken to solve the MIP model : 0.1288 seconds
min_d : 0, max_d : 9
---------------------------------
solution for: IP model
objective: 4.66667
x_0_3_0=1
x_1_3_1=1
x_2_0_0=1
x_3_4_0=1
x_4_0_1=1
x_5_1_0=1
x_6_1_1=1
x_7_1_2=1
x_8_4_1=1
x_9_2_0=1
x_10_5_0=1
x_11_2_1=1
x_12_5_1=1
x_13_5_2=1
x_14_2_2=1
x_15_4_2=1
x_16_2_3=1
x_17_3_2=1
x_18_4_3=1
x_19_3_3=1
x_20_2_4=1
x_21_1_3=1
x_22_0_2=1
r_0_0=1
r_0_1=1
r_0_2=1
r_1_2=1
r_1_3=1
r_2_1=1
r_2_2=1
r_2_3=1
r_2_4=1
r_3_1=1
r_3_2=1
r_3_3=1
r_4_0=1
r_4_1=1
r_4_2=1
r_4_3=1
d_0=3.000
d_1=2.000
d_2=4.000
d_3=2.000
d_4=3.000
d_5=1.800
d_6=0.800
d_7=0.600
d_8=1.600
d_9=2.000
d_10=5.000
d_11=1.000
d_12=2.600
d_13=1.600
d_15=0.600
d_16=1.000
d_17=1.000
d_18=1.600
d_19=2.000
d_20=2.000
d_21=1.600
d_22=1.200
d_x_0=2.667
d_x_1=1.000
d_x_2=2.000
d_x_4=2.000
d_x_5=0.200
d_x_6=0.200
d_x_7=0.200
d_x_8=0.600
d_x_9=1.667
d_x_10=4.667
d_x_12=1.600
d_x_13=1.600
d_x_15=0.600
d_x_17=1.000
d_x_18=0.600
d_x_19=1.000
d_x_21=0.200
d_x_22=0.800
d_y_0=0.333
d_y_1=1.000
d_y_2=2.000
d_y_3=2.000
d_y_4=1.000
d_y_5=1.600
d_y_6=0.600
d_y_7=0.400
d_y_8=1.000
d_y_9=0.333
d_y_10=0.333
d_y_11=1.000
d_y_12=1.000
d_y_16=1.000
d_y_18=1.000
d_y_19=1.000
d_y_20=2.000
d_y_21=1.400
d_y_22=0.400
normalized distance of container 0 : 0.3333333333333333
normalized distance of container 1 : 0.2222222222222222
normalized distance of container 2 : 0.4444444444444444
normalized distance of container 3 : 0.2222222222222222
normalized distance of container 4 : 0.3333333333333333
normalized distance of container 5 : 0.2
normalized distance of container 6 : 0.08888888888888889
normalized distance of container 7 : 0.0666666666666666
normalized distance of container 8 : 0.17777777777777753
normalized distance of container 9 : 0.2222222222222222
normalized distance of container 10 : 0.5555555555555556
normalized distance of container 11 : 0.1111111111111111
normalized distance of container 12 : 0.2888888888888887
normalized distance of container 13 : 0.1777777777777776
normalized distance of container 14 : 0.0
normalized distance of container 15 : 0.06666666666666643
normalized distance of container 16 : 0.1111111111111111
normalized distance of container 17 : 0.1111111111111111
normalized distance of container 18 : 0.17777777777777753
normalized distance of container 19 : 0.2222222222222222
normalized distance of container 20 : 0.2222222222222222
normalized distance of container 21 : 0.17777777777777742
normalized distance of container 22 : 0.1333333333333324
