Number of initial container : 3
Number of new container : 20
Total number of containers : 23
Level_num : 9
Container_level : [3, 6, 3, 6, 3, 3, 8, 3, 5, 6, 3, 1, 6, 1, 3, 6, 6, 3, 6, 9, 6, 1, 6]
ideal_configuration : 
 [[3. 6. 6. 0. 0. 0.]
 [3. 5. 6. 8. 0. 0.]
 [3. 3. 6. 6. 9. 0.]
 [1. 3. 3. 6. 6. 0.]
 [1. 1. 3. 3. 6. 6.]]
Centroid : {3: (1.125, 1.625), 6: (2.888888888888889, 1.8888888888888888), 8: (3.0, 3.0), 5: (1.0, 3.0), 1: (0.3333333333333333, 0.3333333333333333), 9: (4.0, 2.0)}
Repeat number : 4
Original weight : [14.32, 20.65, 19.14, 9.54, 23.96, 5.78, 16.35, 18.65, 8.07, 20.8, 14.22, 17.77, 13.32, 18.4, 22.04, 23.29, 15.54, 13.97, 13.16, 23.72, 21.11, 18.45, 22.43]
Group : [1, 2, 1, 2, 1, 1, 3, 1, 2, 2, 1, 0, 2, 0, 1, 2, 2, 1, 2, 3, 2, 0, 2]
Sequence : [0, 0, 0, 1, 2, 3, 4, 5, 6, 7, 8, 9, 10, 11, 12, 13, 14, 15, 16, 17, 18, 19, 20]
Scroe : [114.32, 220.65, 119.14, 209.54, 123.96000000000001, 105.78, 316.35, 118.65, 208.07, 220.8, 114.22, 17.77, 213.32, 18.4, 122.03999999999999, 223.29, 215.54, 113.97, 213.16, 323.72, 221.11, 18.45, 222.43]
Time taken to solve the MIP model : 0.3107 seconds
min_d : 0, max_d : 9
---------------------------------
solution for: IP model
objective: 4.57407
x_0_0_0=1
x_1_3_0=1
x_2_5_0=1
x_3_3_1=1
x_4_1_0=1
x_5_1_1=1
x_6_3_2=1
x_7_1_2=1
x_8_1_3=1
x_9_4_0=1
x_10_1_4=1
x_11_2_0=1
x_12_5_1=1
x_13_0_1=1
x_14_2_1=1
x_15_4_1=1
x_16_5_2=1
x_17_2_2=1
x_18_2_3=1
x_19_4_2=1
x_20_3_3=1
x_21_0_2=1
x_22_3_4=1
r_0_0=1
r_0_1=1
r_0_2=1
r_1_0=1
r_1_1=1
r_1_2=1
r_1_3=1
r_1_4=1
r_2_1=1
r_2_2=1
r_2_3=1
r_3_0=1
r_3_1=1
r_3_2=1
r_3_3=1
r_3_4=1
r_4_0=1
r_4_1=1
r_4_2=1
r_5_1=1
r_5_2=1
d_0=2.750
d_1=2.000
d_2=5.500
d_3=1.000
d_4=1.750
d_5=0.750
d_6=1.000
d_7=0.500
d_9=3.000
d_10=2.500
d_11=2.000
d_12=3.000
d_13=1.000
d_14=1.500
d_15=2.000
d_16=2.222
d_17=1.250
d_18=2.000
d_20=1.222
d_21=2.000
d_22=2.222
d_x_0=1.125
d_x_1=0.111
d_x_2=3.875
d_x_3=0.111
d_x_4=0.125
d_x_5=0.125
d_x_7=0.125
d_x_9=1.111
d_x_10=0.125
d_x_11=1.667
d_x_12=2.111
d_x_13=0.333
d_x_14=0.875
d_x_15=1.111
d_x_16=2.111
d_x_17=0.875
d_x_18=0.889
d_x_20=0.111
d_x_21=0.333
d_x_22=0.111
d_y_0=1.625
d_y_1=1.889
d_y_2=1.625
d_y_3=0.889
d_y_4=1.625
d_y_5=0.625
d_y_6=1.000
d_y_7=0.375
d_y_9=1.889
d_y_10=2.375
d_y_11=0.333
d_y_12=0.889
d_y_13=0.667
d_y_14=0.625
d_y_15=0.889
d_y_16=0.111
d_y_17=0.375
d_y_18=1.111
d_y_20=1.111
d_y_21=1.667
d_y_22=2.111
normalized distance of container 0 : 0.3055555555555556
normalized distance of container 1 : 0.2222222222222222
normalized distance of container 2 : 0.6111111111111112
normalized distance of container 3 : 0.11111111111111101
normalized distance of container 4 : 0.19444444444444445
normalized distance of container 5 : 0.08333333333333333
normalized distance of container 6 : 0.1111111111111111
normalized distance of container 7 : 0.05555555555555437
normalized distance of container 8 : 0.0
normalized distance of container 9 : 0.33333333333333287
normalized distance of container 10 : 0.2777777777777774
normalized distance of container 11 : 0.22222222222222174
normalized distance of container 12 : 0.3333333333333329
normalized distance of container 13 : 0.11111111111111022
normalized distance of container 14 : 0.16666666666666588
normalized distance of container 15 : 0.22222222222222177
normalized distance of container 16 : 0.24691358024691276
normalized distance of container 17 : 0.1388888888888877
normalized distance of container 18 : 0.22222222222222177
normalized distance of container 19 : 0.0
normalized distance of container 20 : 0.1358024691358016
normalized distance of container 21 : 0.22222222222222132
normalized distance of container 22 : 0.2469135802469127
