Number of initial container : 3
Number of new container : 2
Total number of containers : 5
Level_num : 9
Container_level : [9, 7, 6, 1, 1]
ideal_configuration : 
 [[0. 0. 0. 0. 0. 0.]
 [0. 0. 0. 0. 0. 0.]
 [7. 0. 0. 0. 0. 0.]
 [1. 9. 0. 0. 0. 0.]
 [1. 6. 0. 0. 0. 0.]]
Centroid : {9: (1.0, 1.0), 7: (0.0, 2.0), 6: (1.0, 0.0), 1: (0.0, 0.5)}
Repeat number : 21
Original weight : [14.97, 13.68, 12.96, 9.86, 9.48]
Sequence : [0, 0, 0, 1, 2]
Emergency : [0, 0, 0, 0, 0]
Time taken to solve the MIP model : 0.0046 seconds
min_d : 0, max_d : 9
---------------------------------
solution for: IP model
objective: 1.61111
status: OPTIMAL_SOLUTION(2)
x_0_1_0=1
x_1_2_0=1
x_2_2_1=1
x_3_0_0=1
x_4_3_0=1
r_2_0=1
r_2_1=1
r_2_2=-0
r_2_3=-0
r_2_4=-0
d_0=1.000
d_1=4.000
d_2=2.000
d_3=0.500
d_4=3.500
d_x_1=2.000
d_x_2=1.000
d_x_4=3.000
d_y_0=1.000
d_y_1=2.000
d_y_2=1.000
d_y_3=0.500
d_y_4=0.500
normalized distance of container 0 : 0.1111111111111111
normalized distance of container 1 : 0.4444444444444444
normalized distance of container 2 : 0.2222222222222222
normalized distance of container 3 : 0.055555555555555504
normalized distance of container 4 : 0.3888888888888888
