Number of initial container : 2
Number of new container : 5
Total number of containers : 7
Level_num : 9
Container_level : [9, 7, 6, 1, 5, 1, 4]
ideal_configuration : 
 [[0. 0. 0. 0. 0. 0.]
 [9. 0. 0. 0. 0. 0.]
 [5. 0. 0. 0. 0. 0.]
 [1. 6. 0. 0. 0. 0.]
 [1. 4. 7. 0. 0. 0.]]
Centroid : {9: (0.0, 3.0), 7: (2.0, 0.0), 6: (1.0, 1.0), 1: (0.0, 0.5), 5: (0.0, 2.0), 4: (1.0, 0.0)}
Repeat number : 22
Original weight : [23.27, 19.94, 19.55, 9.03, 16.9, 9.9, 14.73]
Group : [0, 0, 0, 0, 0, 0, 0]
Sequence : [0, 0, 1, 2, 3, 4, 5]
Scroe : [23.27, 19.94, 19.55, 9.03, 16.9, 9.9, 14.73]
Time taken to solve the MIP model : 0.0564 seconds
min_d : 0, max_d : 9
---------------------------------
solution for: IP model
objective: 0.833333
x_0_5_0=1
x_1_3_0=1
x_2_2_0=1
x_3_0_0=1
x_4_0_1=1
x_5_1_0=1
x_6_1_1=1
d_0=8.000
d_1=1.000
d_2=2.000
d_3=0.500
d_4=1.000
d_5=1.500
d_6=1.000
d_x_0=5.000
d_x_1=1.000
d_x_2=1.000
d_x_5=1.000
d_y_0=3.000
d_y_2=1.000
d_y_3=0.500
d_y_4=1.000
d_y_5=0.500
d_y_6=1.000
normalized distance of container 0 : 0.8888888888888888
normalized distance of container 1 : 0.1111111111111111
normalized distance of container 2 : 0.2222222222222222
normalized distance of container 3 : 0.05555555555555536
normalized distance of container 4 : 0.1111111111111111
normalized distance of container 5 : 0.16666666666666588
normalized distance of container 6 : 0.1111111111111111
