Number of initial container : 2
Number of new container : 5
Total number of containers : 7
Level_num : 9
Container_level : [9, 2, 1, 5, 6, 6, 2]
ideal_configuration : 
 [[0. 0. 0. 0. 0. 0.]
 [9. 0. 0. 0. 0. 0.]
 [5. 0. 0. 0. 0. 0.]
 [2. 6. 0. 0. 0. 0.]
 [1. 2. 6. 0. 0. 0.]]
Centroid : {9: (0.0, 3.0), 2: (0.5, 0.5), 1: (0.0, 0.0), 5: (0.0, 2.0), 6: (1.5, 0.5)}
Repeat number : 14
Original weight : [23.99, 13.33, 11.64, 19.28, 19.69, 20.7, 14.41]
Group : [0, 0, 0, 0, 0, 0, 0]
Sequence : [0, 0, 1, 2, 3, 4, 5]
Scroe : [23.99, 13.33, 11.64, 19.28, 19.69, 20.7, 14.41]
Time taken to solve the MIP model : 0.0605 seconds
min_d : 0, max_d : 9
---------------------------------
solution for: IP model
objective: 0.833333
x_0_2_0=1
x_1_4_0=1
x_2_0_0=1
x_3_0_1=1
x_4_3_0=1
x_5_3_1=1
x_6_1_0=1
d_0=5.000
d_1=4.000
d_3=1.000
d_4=2.000
d_5=2.000
d_6=1.000
d_x_0=2.000
d_x_1=3.500
d_x_4=1.500
d_x_5=1.500
d_x_6=0.500
d_y_0=3.000
d_y_1=0.500
d_y_3=1.000
d_y_4=0.500
d_y_5=0.500
d_y_6=0.500
normalized distance of container 0 : 0.5555555555555556
normalized distance of container 1 : 0.4444444444444444
normalized distance of container 2 : 0.0
normalized distance of container 3 : 0.1111111111111111
normalized distance of container 4 : 0.22222222222222182
normalized distance of container 5 : 0.2222222222222222
normalized distance of container 6 : 0.11111111111110795
