Number of initial container : 7
Number of new container : 8
Total number of containers : 15
Level_num : 9
Container_level : [1, 7, 2, 5, 3, 1, 4, 1, 3, 8, 2, 1, 2, 3, 9]
ideal_configuration : 
 [[4. 0. 0. 0. 0. 0.]
 [2. 5. 0. 0. 0. 0.]
 [1. 3. 7. 0. 0. 0.]
 [1. 2. 3. 8. 0. 0.]
 [1. 1. 2. 3. 9. 0.]]
Centroid : {1: (0.25, 0.75), 7: (2.0, 2.0), 2: (1.0, 1.3333333333333333), 5: (1.0, 3.0), 3: (2.0, 1.0), 4: (0.0, 4.0), 8: (3.0, 1.0), 9: (4.0, 0.0)}
Repeat number : 16
Original weight : [7.66, 21.78, 10.26, 16.7, 12.83, 6.66, 13.79, 7.17, 11.25, 23.26, 10.09, 8.33, 9.88, 13.09, 23.99]
Group : [0, 0, 0, 0, 0, 0, 0, 0, 0, 0, 0, 0, 0, 0, 0]
Sequence : [0, 0, 0, 0, 0, 0, 0, 1, 2, 3, 4, 5, 6, 7, 8]
Scroe : [7.66, 21.78, 10.26, 16.7, 12.83, 6.66, 13.79, 7.17, 11.25, 23.26, 10.09, 8.33, 9.88, 13.09, 23.99]
Time taken to solve the MIP model : 0.0216 seconds
min_d : 0, max_d : 9
---------------------------------
solution for: IP model
objective: 3.64815
x_0_4_0=1
x_1_0_0=1
x_2_2_0=1
x_3_3_0=1
x_4_4_1=1
x_5_2_1=1
x_6_4_2=1
x_7_1_0=1
x_8_3_1=1
x_9_3_2=1
x_10_1_1=1
x_11_0_1=1
x_12_1_2=1
x_13_2_2=1
x_14_5_0=1
r_0_0=1
r_0_1=1
r_1_0=1
r_1_1=1
r_1_2=1
r_2_0=1
r_2_1=1
r_2_2=1
r_2_4=-0
r_3_0=1
r_3_1=1
r_3_2=1
d_0=4.500
d_1=4.000
d_2=2.333
d_3=5.000
d_4=2.000
d_5=2.000
d_6=6.000
d_7=1.500
d_8=1.000
d_9=1.000
d_10=0.333
d_11=0.500
d_12=0.667
d_13=1.000
d_14=1.000
d_x_0=3.750
d_x_1=2.000
d_x_2=1.000
d_x_3=2.000
d_x_4=2.000
d_x_5=1.750
d_x_6=4.000
d_x_7=0.750
d_x_8=1.000
d_x_11=0.250
d_x_14=1.000
d_y_0=0.750
d_y_1=2.000
d_y_2=1.333
d_y_3=3.000
d_y_5=0.250
d_y_6=2.000
d_y_7=0.750
d_y_9=1.000
d_y_10=0.333
d_y_11=0.250
d_y_12=0.667
d_y_13=1.000
normalized distance of container 0 : 0.5
normalized distance of container 1 : 0.4444444444444444
normalized distance of container 2 : 0.25925925925925924
normalized distance of container 3 : 0.5555555555555556
normalized distance of container 4 : 0.2222222222222222
normalized distance of container 5 : 0.2222222222222222
normalized distance of container 6 : 0.6666666666666666
normalized distance of container 7 : 0.16666666666666666
normalized distance of container 8 : 0.1111111111111111
normalized distance of container 9 : 0.1111111111111111
normalized distance of container 10 : 0.03703703703703703
normalized distance of container 11 : 0.05555555555555317
normalized distance of container 12 : 0.0740740740740738
normalized distance of container 13 : 0.1111111111111111
normalized distance of container 14 : 0.1111111111111111
