Number of initial container : 7
Number of new container : 8
Total number of containers : 15
Level_num : 9
Container_level : [5, 8, 3, 4, 3, 3, 1, 1, 2, 6, 7, 9, 3, 6, 1]
ideal_configuration : 
 [[6. 0. 0. 0. 0. 0.]
 [3. 6. 0. 0. 0. 0.]
 [2. 3. 7. 0. 0. 0.]
 [1. 3. 4. 8. 0. 0.]
 [1. 1. 3. 5. 9. 0.]]
Centroid : {5: (3.0, 0.0), 8: (3.0, 1.0), 3: (1.0, 1.5), 4: (2.0, 1.0), 1: (0.3333333333333333, 0.3333333333333333), 2: (0.0, 2.0), 6: (0.5, 3.5), 7: (2.0, 2.0), 9: (4.0, 0.0)}
Repeat number : 17
Original weight : [15.46, 20.75, 12.25, 14.31, 11.1, 10.68, 6.71, 6.81, 9.58, 17.46, 20.25, 22.38, 11.67, 17.38, 7.62]
Group : [0, 0, 0, 0, 0, 0, 0, 0, 0, 0, 0, 0, 0, 0, 0]
Sequence : [0, 0, 0, 0, 0, 0, 0, 1, 2, 3, 4, 5, 6, 7, 8]
Scroe : [15.46, 20.75, 12.25, 14.31, 11.1, 10.68, 6.71, 6.81, 9.58, 17.46, 20.25, 22.38, 11.67, 17.38, 7.62]
Time taken to solve the MIP model : 0.0200 seconds
min_d : 0, max_d : 9
---------------------------------
solution for: IP model
objective: 3.14815
x_0_0_0=1
x_1_4_0=1
x_2_5_0=1
x_3_2_0=1
x_4_5_1=1
x_5_4_1=1
x_6_0_1=1
x_7_1_0=1
x_8_0_2=1
x_9_0_3=1
x_10_2_1=1
x_11_3_0=1
x_12_1_1=1
x_13_0_4=1
x_14_1_2=1
r_0_0=1
r_0_1=1
r_0_2=1
r_0_3=1
r_0_4=1
r_1_0=1
r_1_1=1
r_1_2=1
r_4_0=1
r_4_1=1
r_5_0=1
r_5_1=1
d_0=3.000
d_1=2.000
d_2=5.500
d_3=1.000
d_4=4.500
d_5=3.500
d_6=1.000
d_7=1.000
d_9=1.000
d_10=1.000
d_11=1.000
d_12=0.500
d_13=1.000
d_14=2.333
d_x_0=3.000
d_x_1=1.000
d_x_2=4.000
d_x_4=4.000
d_x_5=3.000
d_x_6=0.333
d_x_7=0.667
d_x_9=0.500
d_x_11=1.000
d_x_13=0.500
d_x_14=0.667
d_y_1=1.000
d_y_2=1.500
d_y_3=1.000
d_y_4=0.500
d_y_5=0.500
d_y_6=0.667
d_y_7=0.333
d_y_9=0.500
d_y_10=1.000
d_y_12=0.500
d_y_13=0.500
d_y_14=1.667
normalized distance of container 0 : 0.3333333333333333
normalized distance of container 1 : 0.2222222222222222
normalized distance of container 2 : 0.6111111111111112
normalized distance of container 3 : 0.1111111111111111
normalized distance of container 4 : 0.5
normalized distance of container 5 : 0.3888888888888889
normalized distance of container 6 : 0.1111111111111111
normalized distance of container 7 : 0.111111111111111
normalized distance of container 8 : 0.0
normalized distance of container 9 : 0.11111111111111012
normalized distance of container 10 : 0.1111111111111111
normalized distance of container 11 : 0.1111111111111111
normalized distance of container 12 : 0.05555555555555477
normalized distance of container 13 : 0.11111111111111012
normalized distance of container 14 : 0.2592592592592593
