Number of initial container : 4
Number of new container : 3
Total number of containers : 7
Level_num : 9
Container_level : [7, 1, 9, 6, 4, 6, 1]
ideal_configuration : 
 [[0. 0. 0. 0. 0. 0.]
 [9. 0. 0. 0. 0. 0.]
 [6. 0. 0. 0. 0. 0.]
 [1. 6. 0. 0. 0. 0.]
 [1. 4. 7. 0. 0. 0.]]
Centroid : {7: (2.0, 0.0), 1: (0.0, 0.5), 9: (0.0, 3.0), 6: (0.5, 1.5), 4: (1.0, 0.0)}
Repeat number : 8
Original weight : [17.47, 5.66, 21.37, 16.61, 11.79, 15.45, 5.31]
Group : [0, 0, 0, 0, 0, 0, 0]
Sequence : [0, 0, 0, 0, 1, 2, 3]
Scroe : [17.47, 5.66, 21.37, 16.61, 11.79, 15.45, 5.31]
Time taken to solve the MIP model : 0.0107 seconds
min_d : 0, max_d : 9
---------------------------------
solution for: IP model
objective: 2.22222
x_0_5_0=1
x_1_4_0=1
x_2_5_1=1
x_3_3_0=1
x_4_1_0=1
x_5_1_1=1
x_6_0_0=1
r_3_0=1
r_5_0=1
r_5_1=1
d_0=3.000
d_1=4.500
d_2=7.000
d_3=4.000
d_5=1.000
d_6=0.500
d_x_0=3.000
d_x_1=4.000
d_x_2=5.000
d_x_3=2.500
d_x_5=0.500
d_y_1=0.500
d_y_2=2.000
d_y_3=1.500
d_y_5=0.500
d_y_6=0.500
normalized distance of container 0 : 0.3333333333333333
normalized distance of container 1 : 0.5
normalized distance of container 2 : 0.7777777777777778
normalized distance of container 3 : 0.4444444444444444
normalized distance of container 4 : 0.0
normalized distance of container 5 : 0.11111111111111091
normalized distance of container 6 : 0.055555555555555164
