Number of initial container : 4
Number of new container : 3
Total number of containers : 7
Level_num : 9
Container_level : [2, 1, 4, 2, 8, 9, 2]
ideal_configuration : 
 [[0. 0. 0. 0. 0. 0.]
 [9. 0. 0. 0. 0. 0.]
 [2. 0. 0. 0. 0. 0.]
 [2. 4. 0. 0. 0. 0.]
 [1. 2. 8. 0. 0. 0.]]
Centroid : {2: (0.3333333333333333, 1.0), 1: (0.0, 0.0), 4: (1.0, 1.0), 8: (2.0, 0.0), 9: (0.0, 3.0)}
Repeat number : 15
Original weight : [13.61, 11.16, 16.73, 14.22, 23.05, 23.49, 14.17]
Group : [0, 0, 0, 0, 0, 0, 0]
Sequence : [0, 0, 0, 0, 1, 2, 3]
Scroe : [13.61, 11.16, 16.73, 14.22, 23.05, 23.49, 14.17]
Time taken to solve the MIP model : 0.0106 seconds
min_d : 0, max_d : 9
---------------------------------
solution for: IP model
objective: 2.51852
x_0_5_0=1
x_1_2_0=1
x_2_5_1=1
x_3_5_2=1
x_4_4_0=1
x_5_0_0=1
x_6_0_1=1
r_0_0=1
r_0_1=1
r_5_1=1
r_5_2=1
d_0=5.667
d_1=2.000
d_2=4.000
d_3=5.667
d_4=2.000
d_5=3.000
d_6=0.333
d_x_0=4.667
d_x_1=2.000
d_x_2=4.000
d_x_3=4.667
d_x_4=2.000
d_x_6=0.333
d_y_0=1.000
d_y_3=1.000
d_y_5=3.000
normalized distance of container 0 : 0.6296296296296297
normalized distance of container 1 : 0.2222222222222222
normalized distance of container 2 : 0.4444444444444444
normalized distance of container 3 : 0.6296296296296297
normalized distance of container 4 : 0.2222222222222222
normalized distance of container 5 : 0.3333333333333333
normalized distance of container 6 : 0.03703703703703648
