Number of initial container : 0
Number of new container : 25
Total number of containers : 25
Level_num : 9
Container_level : [1, 4, 7, 1, 8, 7, 9, 5, 8, 6, 1, 6, 6, 3, 2, 6, 7, 6, 1, 5, 5, 8, 1, 5, 3]
ideal_configuration : 
 [[5. 6. 7. 9. 0. 0.]
 [3. 5. 6. 8. 0. 0.]
 [1. 3. 5. 6. 8. 0.]
 [1. 1. 4. 6. 7. 8.]
 [1. 1. 2. 5. 6. 7.]]
Centroid : {1: (0.4, 0.8), 4: (2.0, 1.0), 7: (3.6666666666666665, 1.6666666666666667), 8: (4.0, 2.0), 9: (3.0, 4.0), 5: (1.5, 2.25), 6: (2.6, 2.0), 3: (0.5, 2.5), 2: (2.0, 0.0)}
Repeat number : 29
Original weight : [5.68, 13.56, 19.84, 6.97, 20.3, 20.02, 22.24, 13.83, 20.49, 17.61, 7.38, 16.16, 17.67, 10.55, 7.97, 16.76, 19.34, 16.92, 5.38, 14.9, 14.34, 21.09, 5.76, 14.22, 11.27]
Sequence : [1, 2, 3, 4, 5, 6, 7, 8, 9, 10, 11, 12, 13, 14, 15, 16, 17, 18, 19, 20, 21, 22, 23, 24, 25]
Emergency : [0, 0, 0, 0, 0, 0, 0, 0, 0, 0, 0, 0, 0, 0, 0, 0, 0, 0, 0, 0, 0, 0, 0, 0, 0]
Time taken to solve the MIP model : 0.1618 seconds
min_d : 0, max_d : 9
---------------------------------
solution for: IP model
objective: 3.60741
status: OPTIMAL_SOLUTION(2)
x_0_1_0=1
x_1_4_0=1
x_2_4_1=1
x_3_1_1=1
x_4_4_2=1
x_5_4_3=1
x_6_4_4=1
x_7_1_2=1
x_8_5_0=1
x_9_3_0=1
x_10_0_0=1
x_11_3_1=1
x_12_3_2=1
x_13_1_3=1
x_14_2_0=1
x_15_2_1=1
x_16_5_1=1
x_17_3_3=1
x_18_0_1=1
x_19_2_2=1
x_20_2_3=1
x_21_5_2=1
x_22_0_2=1
x_23_2_4=1
x_24_0_3=1
r_0_0=1
r_0_1=1
r_0_2=1
r_0_3=1
r_1_2=1
r_1_3=1
r_2_1=1
r_2_2=1
r_2_3=1
r_2_4=1
r_3_0=1
r_3_1=1
r_3_2=1
r_3_3=1
r_4_2=1
r_4_3=1
r_4_4=1
r_5_0=1
r_5_1=1
r_5_2=1
d_0=1.400
d_1=3.000
d_2=1.000
d_3=0.800
d_5=1.667
d_6=1.000
d_7=0.750
d_8=3.000
d_9=2.400
d_10=1.200
d_11=1.400
d_12=0.400
d_13=1.000
d_15=1.600
d_16=2.000
d_17=1.400
d_18=0.600
d_19=0.750
d_20=1.250
d_21=1.000
d_22=1.600
d_23=2.250
d_24=1.000
d_x_0=0.600
d_x_1=2.000
d_x_2=0.333
d_x_3=0.600
d_x_5=0.333
d_x_6=1.000
d_x_7=0.500
d_x_8=1.000
d_x_9=0.400
d_x_10=0.400
d_x_11=0.400
d_x_12=0.400
d_x_13=0.500
d_x_15=0.600
d_x_16=1.333
d_x_17=0.400
d_x_18=0.400
d_x_19=0.500
d_x_20=0.500
d_x_21=1.000
d_x_22=0.400
d_x_23=0.500
d_x_24=0.500
d_y_0=0.800
d_y_1=1.000
d_y_2=0.667
d_y_3=0.200
d_y_5=1.333
d_y_7=0.250
d_y_8=2.000
d_y_9=2.000
d_y_10=0.800
d_y_11=1.000
d_y_13=0.500
d_y_15=1.000
d_y_16=0.667
d_y_17=1.000
d_y_18=0.200
d_y_19=0.250
d_y_20=0.750
d_y_22=1.200
d_y_23=1.750
d_y_24=0.500
normalized distance of container 0 : 0.15555555555555511
normalized distance of container 1 : 0.3333333333333333
normalized distance of container 2 : 0.111111111111111
normalized distance of container 3 : 0.08888888888888699
normalized distance of container 4 : 0.0
normalized distance of container 5 : 0.18518518518518456
normalized distance of container 6 : 0.1111111111111111
normalized distance of container 7 : 0.08333333333333333
normalized distance of container 8 : 0.3333333333333333
normalized distance of container 9 : 0.2666666666666661
normalized distance of container 10 : 0.13333333333333336
normalized distance of container 11 : 0.155555555555555
normalized distance of container 12 : 0.04444444444444389
normalized distance of container 13 : 0.11111111111110913
normalized distance of container 14 : 0.0
normalized distance of container 15 : 0.17777777777777778
normalized distance of container 16 : 0.22222222222222204
normalized distance of container 17 : 0.155555555555555
normalized distance of container 18 : 0.0666666666666662
normalized distance of container 19 : 0.08333333333333254
normalized distance of container 20 : 0.1388888888888889
normalized distance of container 21 : 0.1111111111111111
normalized distance of container 22 : 0.17777777777777815
normalized distance of container 23 : 0.25
normalized distance of container 24 : 0.11111111111111116
