Number of initial container : 7
Number of new container : 8
Total number of containers : 15
Level_num : 9
Container_level : [6, 8, 6, 8, 2, 1, 5, 8, 6, 9, 6, 5, 2, 7, 5]
ideal_configuration : 
 [[7. 0. 0. 0. 0. 0.]
 [6. 8. 0. 0. 0. 0.]
 [5. 6. 8. 0. 0. 0.]
 [2. 5. 6. 8. 0. 0.]
 [1. 2. 5. 6. 9. 0.]]
Centroid : {6: (1.5, 1.5), 8: (2.0, 2.0), 2: (0.5, 0.5), 1: (0.0, 0.0), 5: (1.0, 1.0), 9: (4.0, 0.0), 7: (0.0, 4.0)}
Repeat number : 30
Original weight : [17.62, 22.67, 18.12, 22.48, 8.93, 5.54, 16.01, 22.12, 17.09, 23.24, 18.81, 15.99, 9.68, 20.42, 15.03]
Sequence : [0, 0, 0, 0, 0, 0, 0, 1, 2, 3, 4, 5, 6, 7, 8]
Emergency : [0, 0, 0, 0, 0, 0, 0, 0, 0, 0, 0, 0, 0, 0, 0]
Time taken to solve the MIP model : 0.0497 seconds
min_d : 0, max_d : 9
---------------------------------
solution for: IP model
objective: 3.33333
status: OPTIMAL_SOLUTION(2)
x_0_4_0=1
x_1_4_1=1
x_2_0_0=1
x_3_3_0=1
x_4_4_2=1
x_5_2_0=1
x_6_2_1=1
x_7_2_2=1
x_8_3_1=1
x_9_5_0=1
x_10_1_0=1
x_11_0_1=1
x_12_0_2=1
x_13_0_3=1
x_14_1_1=1
r_0_0=1
r_0_1=1
r_0_2=1
r_0_3=1
r_1_0=1
r_1_1=1
r_3_0=1
r_3_1=1
r_4_0=1
r_4_1=1
r_4_2=1
d_0=4.000
d_1=3.000
d_2=3.000
d_3=3.000
d_4=5.000
d_5=2.000
d_6=1.000
d_8=2.000
d_9=1.000
d_10=2.000
d_11=1.000
d_12=2.000
d_13=1.000
d_x_0=2.500
d_x_1=2.000
d_x_2=1.500
d_x_3=1.000
d_x_4=3.500
d_x_5=2.000
d_x_6=1.000
d_x_8=1.500
d_x_9=1.000
d_x_10=0.500
d_x_11=1.000
d_x_12=0.500
d_y_0=1.500
d_y_1=1.000
d_y_2=1.500
d_y_3=2.000
d_y_4=1.500
d_y_8=0.500
d_y_10=1.500
d_y_12=1.500
d_y_13=1.000
normalized distance of container 0 : 0.4444444444444444
normalized distance of container 1 : 0.3333333333333333
normalized distance of container 2 : 0.3333333333333333
normalized distance of container 3 : 0.3333333333333333
normalized distance of container 4 : 0.5555555555555556
normalized distance of container 5 : 0.2222222222222222
normalized distance of container 6 : 0.1111111111111111
normalized distance of container 7 : 0.0
normalized distance of container 8 : 0.2222222222222222
normalized distance of container 9 : 0.1111111111111111
normalized distance of container 10 : 0.2222222222222222
normalized distance of container 11 : 0.1111111111111111
normalized distance of container 12 : 0.22222222222222143
normalized distance of container 13 : 0.1111111111111111
normalized distance of container 14 : 0.0
