Number of initial container : 7
Number of new container : 8
Total number of containers : 15
Level_num : 9
Container_level : [1, 7, 1, 3, 2, 3, 7, 1, 1, 1, 9, 7, 5, 5, 1]
ideal_configuration : 
 [[5. 0. 0. 0. 0. 0.]
 [2. 7. 0. 0. 0. 0.]
 [1. 3. 7. 0. 0. 0.]
 [1. 1. 3. 7. 0. 0.]
 [1. 1. 1. 5. 9. 0.]]
Centroid : {1: (1.6666666666666667, 0.6666666666666666), 7: (3.0, 2.0), 3: (2.5, 1.5), 2: (1.0, 3.0), 9: (5.0, 0.0), 5: (2.5, 2.0)}
Repeat number : 14
Original weight : [9.88, 20.97, 8.83, 13.48, 11.37, 12.39, 20.88, 9.1, 9.8, 8.55, 23.34, 20.91, 16.3, 16.5, 9.94]
Sequence : [0, 0, 0, 0, 0, 0, 0, 1, 2, 3, 4, 5, 6, 7, 8]
Emergency : [0, 0, 0, 0, 0, 0, 0, 0, 0, 0, 0, 0, 0, 0, 0]
Time taken to solve the MIP model : 0.0345 seconds
min_d : 0, max_d : 9
---------------------------------
solution for: IP model
objective: 4.55556
x_1_3_0=1
x_2_3_1=1
x_3_4_0=1
x_4_6_0=1
x_5_2_0=1
x_6_2_1=1
x_7_1_0=1
x_8_4_1=1
x_9_4_2=1
x_10_5_0=1
x_11_6_1=1
x_12_1_1=1
x_13_2_2=1
x_14_2_3=1
x_15_5_1=1
d_1=2.000
d_2=1.000
d_3=3.000
d_4=5.000
d_5=4.000
d_6=1.000
d_7=4.000
d_8=2.667
d_9=3.667
d_10=4.000
d_11=2.000
d_12=3.000
d_13=0.500
d_14=1.500
d_15=3.667
d_x_1=1.333
d_x_3=2.333
d_x_4=3.500
d_x_5=1.000
d_x_6=0.500
d_x_7=2.000
d_x_8=2.333
d_x_9=2.333
d_x_10=3.333
d_x_11=1.000
d_x_12=2.000
d_x_13=0.500
d_x_14=0.500
d_x_15=3.333
d_y_1=0.667
d_y_2=1.000
d_y_3=0.667
d_y_4=1.500
d_y_5=3.000
d_y_6=0.500
d_y_7=2.000
d_y_8=0.333
d_y_9=1.333
d_y_10=0.667
d_y_11=1.000
d_y_12=1.000
d_y_14=1.000
d_y_15=0.333
normalized distance of container 1 : 0.2222222222222222
normalized distance of container 2 : 0.1111111111111111
normalized distance of container 3 : 0.33333333333333326
normalized distance of container 4 : 0.5555555555555556
normalized distance of container 5 : 0.4444444444444444
normalized distance of container 6 : 0.1111111111111111
normalized distance of container 7 : 0.4444444444444444
normalized distance of container 8 : 0.2962962962962962
normalized distance of container 9 : 0.40740740740740733
normalized distance of container 10 : 0.4444444444444444
normalized distance of container 11 : 0.2222222222222222
normalized distance of container 12 : 0.3333333333333333
normalized distance of container 13 : 0.055555555555555455
normalized distance of container 14 : 0.16666666666666646
normalized distance of container 15 : 0.4074074074074074
