Number of initial container : 7
Number of new container : 8
Total number of containers : 15
Level_num : 9
Container_level : [3, 1, 4, 7, 7, 4, 8, 1, 1, 9, 1, 3, 8, 5, 3]
ideal_configuration : 
 [[7. 0. 0. 0. 0. 0.]
 [3. 7. 0. 0. 0. 0.]
 [1. 4. 8. 0. 0. 0.]
 [1. 3. 4. 8. 0. 0.]
 [1. 1. 3. 5. 9. 0.]]
Centroid : {3: (2.0, 1.3333333333333333), 1: (1.25, 0.75), 4: (2.5, 1.5), 7: (1.5, 3.5), 8: (3.5, 1.5), 9: (5.0, 0.0), 5: (4.0, 0.0)}
Repeat number : 1
Original weight : [12.04, 7.42, 13.13, 19.34, 19.24, 13.18, 20.16, 8.71, 8.46, 21.35, 8.81, 11.06, 20.06, 15.4, 11.98]
Sequence : [0, 0, 0, 0, 0, 0, 0, 1, 2, 3, 4, 5, 6, 7, 8]
Emergency : [0, 0, 0, 0, 0, 0, 0, 0, 0, 0, 0, 0, 0, 0, 0]
Time taken to solve the MIP model : 0.5785 seconds
min_d : 0, max_d : 9
---------------------------------
solution for: IP model
objective: 4.25926
status: OPTIMAL_SOLUTION(2)
x_1_3_0=1
x_2_4_0=1
x_3_4_1=1
x_4_1_0=1
x_5_5_0=1
x_6_4_2=1
x_7_3_1=1
x_8_2_0=1
x_9_2_1=1
x_10_5_1=1
x_11_2_2=1
x_12_2_3=1
x_13_1_1=1
x_14_6_0=1
x_15_6_1=1
r_2_0=1
r_2_1=1
r_2_2=1
r_2_3=1
r_6_0=1
r_6_1=1
d_1=2.333
d_2=3.500
d_3=2.000
d_4=4.000
d_5=7.000
d_6=2.000
d_7=1.000
d_8=1.500
d_9=1.000
d_10=1.000
d_11=2.000
d_12=1.667
d_13=3.000
d_14=2.000
d_15=4.333
d_x_1=1.000
d_x_2=2.750
d_x_3=1.500
d_x_4=0.500
d_x_5=3.500
d_x_6=1.500
d_x_7=0.500
d_x_8=0.750
d_x_9=0.750
d_x_11=0.750
d_x_13=2.500
d_x_14=2.000
d_x_15=4.000
d_y_1=1.333
d_y_2=0.750
d_y_3=0.500
d_y_4=3.500
d_y_5=3.500
d_y_6=0.500
d_y_7=0.500
d_y_8=0.750
d_y_9=0.250
d_y_10=1.000
d_y_11=1.250
d_y_12=1.667
d_y_13=0.500
d_y_15=0.333
normalized distance of container 1 : 0.25925925925925924
normalized distance of container 2 : 0.3888888888888889
normalized distance of container 3 : 0.2222222222222222
normalized distance of container 4 : 0.4444444444444444
normalized distance of container 5 : 0.7777777777777778
normalized distance of container 6 : 0.2222222222222222
normalized distance of container 7 : 0.1111111111111111
normalized distance of container 8 : 0.16666666666666666
normalized distance of container 9 : 0.11111111111111122
normalized distance of container 10 : 0.1111111111111111
normalized distance of container 11 : 0.22222222222222202
normalized distance of container 12 : 0.1851851851851852
normalized distance of container 13 : 0.3333333333333329
normalized distance of container 14 : 0.2222222222222222
normalized distance of container 15 : 0.48148148148148145
