Number of initial container : 0
Number of new container : 25
Total number of containers : 25
Level_num : 9
Container_level : [1, 7, 7, 8, 9, 7, 5, 1, 7, 6, 2, 4, 8, 1, 7, 1, 8, 2, 3, 5, 2, 4, 6, 8, 3]
ideal_configuration : 
 [[4. 7. 8. 9. 0. 0.]
 [2. 5. 7. 8. 0. 0.]
 [1. 3. 5. 7. 8. 0.]
 [1. 2. 3. 6. 7. 8.]
 [1. 1. 2. 4. 6. 7.]]
Centroid : {1: (0.25, 0.75), 7: (3.0, 2.0), 8: (3.5, 2.5), 9: (3.0, 4.0), 5: (1.5, 2.5), 6: (3.5, 0.5), 2: (1.0, 1.3333333333333333), 4: (1.5, 2.0), 3: (1.5, 1.5)}
Repeat number : 23
Original weight : [7.25, 21.26, 21.39, 21.64, 23.91, 20.94, 16.44, 5.3, 21.39, 19.08, 8.64, 13.65, 23.87, 7.36, 19.66, 5.53, 22.5, 8.11, 11.42, 16.39, 7.63, 13.43, 18.83, 23.17, 12.02]
Group : [0, 0, 0, 0, 0, 0, 0, 0, 0, 0, 0, 0, 0, 0, 0, 0, 0, 0, 0, 0, 0, 0, 0, 0, 0]
Sequence : [1, 2, 3, 4, 5, 6, 7, 8, 9, 10, 11, 12, 13, 14, 15, 16, 17, 18, 19, 20, 21, 22, 23, 24, 25]
Scroe : [7.25, 21.26, 21.39, 21.64, 23.91, 20.94, 16.44, 5.3, 21.39, 19.08, 8.64, 13.65, 23.87, 7.36, 19.66, 5.53, 22.5, 8.11, 11.42, 16.39, 7.63, 13.43, 18.83, 23.17, 12.02]
Time taken to solve the MIP model : 1.2267 seconds
min_d : 0, max_d : 9
---------------------------------
solution for: IP model
objective: 2.41667
x_0_3_0=1
x_1_3_1=1
x_2_3_2=1
x_3_3_3=1
x_4_3_4=1
x_5_5_0=1
x_6_4_0=1
x_7_2_0=1
x_8_5_1=1
x_9_4_1=1
x_10_2_1=1
x_11_2_2=1
x_12_5_2=1
x_13_1_0=1
x_14_4_2=1
x_15_0_0=1
x_16_4_3=1
x_17_1_1=1
x_18_1_2=1
x_19_2_3=1
x_20_0_1=1
x_21_1_3=1
x_22_2_4=1
x_23_4_4=1
x_24_0_2=1
d_0=3.500
d_1=1.000
d_3=1.000
d_5=4.000
d_6=5.000
d_7=2.500
d_8=3.000
d_9=1.000
d_10=1.333
d_11=0.500
d_12=2.000
d_13=1.500
d_14=1.000
d_15=1.000
d_16=1.000
d_17=0.333
d_18=1.000
d_19=1.000
d_20=1.333
d_21=1.500
d_22=5.000
d_23=2.000
d_24=2.000
d_x_0=2.750
d_x_3=0.500
d_x_5=2.000
d_x_6=2.500
d_x_7=1.750
d_x_8=2.000
d_x_9=0.500
d_x_10=1.000
d_x_11=0.500
d_x_12=1.500
d_x_13=0.750
d_x_14=1.000
d_x_15=0.250
d_x_16=0.500
d_x_18=0.500
d_x_19=0.500
d_x_20=1.000
d_x_21=0.500
d_x_22=1.500
d_x_23=0.500
d_x_24=1.500
d_y_0=0.750
d_y_1=1.000
d_y_3=0.500
d_y_5=2.000
d_y_6=2.500
d_y_7=0.750
d_y_8=1.000
d_y_9=0.500
d_y_10=0.333
d_y_12=0.500
d_y_13=0.750
d_y_15=0.750
d_y_16=0.500
d_y_17=0.333
d_y_18=0.500
d_y_19=0.500
d_y_20=0.333
d_y_21=1.000
d_y_22=3.500
d_y_23=1.500
d_y_24=0.500
normalized distance of container 0 : 0.3888888888888885
normalized distance of container 1 : 0.1111111111111111
normalized distance of container 2 : 0.0
normalized distance of container 3 : 0.11111111111111101
normalized distance of container 4 : 0.0
normalized distance of container 5 : 0.4444444444444444
normalized distance of container 6 : 0.5555555555555548
normalized distance of container 7 : 0.2777777777777764
normalized distance of container 8 : 0.3333333333333333
normalized distance of container 9 : 0.11111111111110933
normalized distance of container 10 : 0.14814814814814806
normalized distance of container 11 : 0.055555555555554664
normalized distance of container 12 : 0.22222222222222202
normalized distance of container 13 : 0.16666666666666508
normalized distance of container 14 : 0.1111111111111111
normalized distance of container 15 : 0.1111111111111111
normalized distance of container 16 : 0.11111111111111052
normalized distance of container 17 : 0.03703703703703703
normalized distance of container 18 : 0.11111111111111033
normalized distance of container 19 : 0.11111111111110993
normalized distance of container 20 : 0.14814814814814814
normalized distance of container 21 : 0.16666666666666666
normalized distance of container 22 : 0.5555555555555556
normalized distance of container 23 : 0.22222222222222218
normalized distance of container 24 : 0.2222222222222222
