Number of initial container : 0
Number of new container : 25
Total number of containers : 25
Level_num : 9
Container_level : [8, 6, 6, 7, 3, 3, 6, 2, 5, 2, 2, 7, 4, 2, 7, 8, 9, 7, 8, 4, 6, 2, 8, 1, 1]
ideal_configuration : 
 [[4. 6. 8. 9. 0. 0.]
 [2. 5. 7. 8. 0. 0.]
 [2. 3. 6. 7. 8. 0.]
 [1. 2. 3. 6. 7. 8.]
 [1. 2. 2. 4. 6. 7.]]
Centroid : {8: (3.5, 2.5), 6: (2.5, 1.75), 7: (3.5, 1.5), 3: (1.5, 1.5), 2: (0.8, 1.2), 5: (1.0, 3.0), 4: (1.5, 2.0), 9: (3.0, 4.0), 1: (0.0, 0.5)}
Repeat number : 15
Original weight : [23.19, 18.38, 19.09, 21.41, 11.17, 11.29, 19.18, 9.64, 15.41, 9.73, 10.42, 21.0, 14.8, 9.63, 19.95, 22.64, 23.99, 20.28, 23.3, 15.18, 19.26, 9.33, 23.88, 6.46, 8.15]
Group : [0, 0, 0, 0, 0, 0, 0, 0, 0, 0, 0, 0, 0, 0, 0, 0, 0, 0, 0, 0, 0, 0, 0, 0, 0]
Sequence : [1, 2, 3, 4, 5, 6, 7, 8, 9, 10, 11, 12, 13, 14, 15, 16, 17, 18, 19, 20, 21, 22, 23, 24, 25]
Scroe : [23.19, 18.38, 19.09, 21.41, 11.17, 11.29, 19.18, 9.64, 15.41, 9.73, 10.42, 21.0, 14.8, 9.63, 19.95, 22.64, 23.99, 20.28, 23.3, 15.18, 19.26, 9.33, 23.88, 6.46, 8.15]
Time taken to solve the MIP model : 30.9721 seconds
min_d : 0, max_d : 9
---------------------------------
solution for: IP model
objective: 4.42222
x_0_1_0=1
x_1_4_0=1
x_2_4_1=1
x_3_4_2=1
x_4_3_0=1
x_4_4_0=0
x_5_3_0=0
x_5_3_1=1
x_6_3_2=1
x_7_3_1=0
x_7_4_0=-0
x_7_5_0=1
x_8_5_1=1
x_9_0_0=-0
x_9_0_3=0
x_9_2_0=1
x_10_0_0=0
x_10_0_3=-0
x_10_2_1=1
x_11_3_3=1
x_12_2_2=1
x_13_1_1=1
x_14_5_2=1
x_15_4_3=1
x_16_3_4=1
x_17_5_3=1
x_18_4_4=1
x_19_2_3=1
x_20_2_4=1
x_21_1_2=1
x_22_5_4=1
x_23_0_0=1
x_24_0_1=1
r_1_0=1
r_1_1=1
r_1_2=1
d_0=5.000
d_1=3.250
d_2=2.250
d_3=1.000
d_4=3.000
d_5=2.000
d_6=0.750
d_7=5.400
d_8=6.000
d_9=2.400
d_10=1.400
d_11=2.000
d_12=0.500
d_13=0.400
d_14=2.000
d_15=1.000
d_17=3.000
d_18=2.000
d_19=1.500
d_20=2.750
d_21=1.000
d_22=3.000
d_23=0.500
d_24=0.500
d_x_0=2.500
d_x_1=1.500
d_x_2=1.500
d_x_3=0.500
d_x_4=1.500
d_x_5=1.500
d_x_6=0.500
d_x_7=4.200
d_x_8=4.000
d_x_9=1.200
d_x_10=1.200
d_x_11=0.500
d_x_12=0.500
d_x_13=0.200
d_x_14=1.500
d_x_15=0.500
d_x_17=1.500
d_x_18=0.500
d_x_19=0.500
d_x_20=0.500
d_x_21=0.200
d_x_22=1.500
d_y_0=2.500
d_y_1=1.750
d_y_2=0.750
d_y_3=0.500
d_y_4=1.500
d_y_5=0.500
d_y_6=0.250
d_y_7=1.200
d_y_8=2.000
d_y_9=1.200
d_y_10=0.200
d_y_11=1.500
d_y_13=0.200
d_y_14=0.500
d_y_15=0.500
d_y_17=1.500
d_y_18=1.500
d_y_19=1.000
d_y_20=2.250
d_y_21=0.800
d_y_22=1.500
d_y_23=0.500
d_y_24=0.500
normalized distance of container 0 : 0.5555555555555555
normalized distance of container 1 : 0.36111111111111793
normalized distance of container 2 : 0.25
normalized distance of container 3 : 0.11111111111111802
normalized distance of container 4 : 0.3333333333333823
normalized distance of container 5 : 0.22222222222227117
normalized distance of container 6 : 0.08333333333333254
normalized distance of container 7 : 0.5999999999998661
normalized distance of container 8 : 0.6666666666666666
normalized distance of container 9 : 0.2666666666667818
normalized distance of container 10 : 0.15555555555543812
normalized distance of container 11 : 0.22222222222222598
normalized distance of container 12 : 0.05555555555555477
normalized distance of container 13 : 0.044444444444443225
normalized distance of container 14 : 0.22222222222222518
normalized distance of container 15 : 0.11111111111111091
normalized distance of container 16 : 0.0
normalized distance of container 17 : 0.3333333333333333
normalized distance of container 18 : 0.22222222222222202
normalized distance of container 19 : 0.16666666666666588
normalized distance of container 20 : 0.30555555555555514
normalized distance of container 21 : 0.11111111111110948
normalized distance of container 22 : 0.33333333333333326
normalized distance of container 23 : 0.05555555555555555
normalized distance of container 24 : 0.05555555555555398
