Number of initial container : 0
Number of new container : 25
Total number of containers : 25
Level_num : 9
Container_level : [2, 6, 5, 5, 8, 7, 2, 4, 4, 7, 2, 5, 1, 8, 2, 7, 8, 1, 8, 4, 9, 4, 8, 3, 2]
ideal_configuration : 
 [[4. 6. 8. 9. 0. 0.]
 [2. 4. 7. 8. 0. 0.]
 [2. 3. 5. 7. 8. 0.]
 [1. 2. 4. 5. 7. 8.]
 [1. 2. 2. 4. 5. 8.]]
Centroid : {2: (0.8, 1.2), 6: (1.0, 4.0), 5: (3.0, 1.0), 8: (3.8, 2.0), 7: (3.0, 2.0), 4: (1.5, 2.0), 1: (0.0, 0.5), 9: (3.0, 4.0), 3: (1.0, 2.0)}
Repeat number : 6
Original weight : [10.22, 17.86, 16.82, 17.2, 22.2, 20.89, 10.84, 13.61, 14.22, 20.05, 10.33, 15.92, 8.76, 22.74, 10.33, 19.44, 22.53, 7.8, 22.52, 15.04, 23.25, 15.42, 22.19, 11.79, 11.57]
Group : [0, 0, 0, 0, 0, 0, 0, 0, 0, 0, 0, 0, 0, 0, 0, 0, 0, 0, 0, 0, 0, 0, 0, 0, 0]
Sequence : [1, 2, 3, 4, 5, 6, 7, 8, 9, 10, 11, 12, 13, 14, 15, 16, 17, 18, 19, 20, 21, 22, 23, 24, 25]
Scroe : [10.22, 17.86, 16.82, 17.2, 22.2, 20.89, 10.84, 13.61, 14.22, 20.05, 10.33, 15.92, 8.76, 22.74, 10.33, 19.44, 22.53, 7.8, 22.52, 15.04, 23.25, 15.42, 22.19, 11.79, 11.57]
Time taken to solve the MIP model : 186.8517 seconds
min_d : 0, max_d : 9
---------------------------------
solution for: IP model
objective: 3.33333
x_0_1_0=1
x_1_5_0=1
x_2_4_0=1
x_3_4_1=1
x_4_4_2=1
x_5_5_1=1
x_6_1_1=1
x_7_1_2=1
x_8_1_3=1
x_9_1_4=1
x_10_3_0=1
x_11_3_1=1
x_12_0_0=1
x_13_5_2=1
x_14_0_1=1
x_15_3_2=1
x_16_4_3=1
x_17_2_0=1
x_18_3_3=1
x_19_2_1=1
x_20_3_4=1
x_21_2_2=1
x_22_2_3=1
x_23_0_2=1
x_24_0_3=1
r_0_2=1
r_0_3=1
d_0=1.400
d_1=8.000
d_2=2.000
d_3=1.000
d_4=0.200
d_5=3.000
d_6=0.400
d_7=0.500
d_8=1.500
d_9=4.000
d_10=3.400
d_12=0.500
d_13=1.200
d_14=1.000
d_16=1.200
d_17=2.500
d_18=1.800
d_19=1.500
d_21=0.500
d_22=2.800
d_23=1.000
d_24=2.600
d_x_0=0.200
d_x_1=4.000
d_x_2=1.000
d_x_3=1.000
d_x_4=0.200
d_x_5=2.000
d_x_6=0.200
d_x_7=0.500
d_x_8=0.500
d_x_9=2.000
d_x_10=2.200
d_x_13=1.200
d_x_14=0.800
d_x_16=0.200
d_x_17=2.000
d_x_18=0.800
d_x_19=0.500
d_x_21=0.500
d_x_22=1.800
d_x_23=1.000
d_x_24=0.800
d_y_0=1.200
d_y_1=4.000
d_y_2=1.000
d_y_5=1.000
d_y_6=0.200
d_y_8=1.000
d_y_9=2.000
d_y_10=1.200
d_y_12=0.500
d_y_14=0.200
d_y_16=1.000
d_y_17=0.500
d_y_18=1.000
d_y_19=1.000
d_y_22=1.000
d_y_24=1.800
normalized distance of container 0 : 0.15555555555555547
normalized distance of container 1 : 0.8888888888888888
normalized distance of container 2 : 0.2222222222222222
normalized distance of container 3 : 0.1111111111111111
normalized distance of container 4 : 0.022222222222222046
normalized distance of container 5 : 0.3333333333333333
normalized distance of container 6 : 0.044444444444443176
normalized distance of container 7 : 0.05555555555555555
normalized distance of container 8 : 0.16666666666666666
normalized distance of container 9 : 0.4444444444444444
normalized distance of container 10 : 0.3777777777777756
normalized distance of container 11 : 0.0
normalized distance of container 12 : 0.05555555555555555
normalized distance of container 13 : 0.13333333333333336
normalized distance of container 14 : 0.1111111111111111
normalized distance of container 15 : 0.0
normalized distance of container 16 : 0.13333333333333316
normalized distance of container 17 : 0.2777777777777778
normalized distance of container 18 : 0.19999999999999965
normalized distance of container 19 : 0.16666666666666666
normalized distance of container 20 : 0.0
normalized distance of container 21 : 0.05555555555555555
normalized distance of container 22 : 0.31111111111111067
normalized distance of container 23 : 0.1111111111111111
normalized distance of container 24 : 0.2888888888888889
