Number of initial container : 0
Number of new container : 25
Total number of containers : 25
Level_num : 9
Container_level : [1, 2, 6, 8, 3, 9, 1, 5, 5, 2, 5, 8, 5, 3, 4, 5, 1, 6, 7, 2, 7, 7, 8, 7, 8]
ideal_configuration : 
 [[5. 6. 8. 9. 0. 0.]
 [3. 5. 7. 8. 0. 0.]
 [2. 3. 5. 7. 8. 0.]
 [1. 2. 4. 5. 7. 8.]
 [1. 1. 2. 5. 6. 7.]]
Centroid : {1: (0.3333333333333333, 0.3333333333333333), 2: (1.0, 1.0), 6: (2.5, 2.0), 8: (3.5, 2.5), 3: (0.5, 2.5), 9: (3.0, 4.0), 5: (1.8, 2.0), 4: (2.0, 1.0), 7: (3.5, 1.5)}
Repeat number : 20
Original weight : [6.97, 8.51, 19.07, 21.75, 11.67, 23.77, 7.33, 16.71, 16.89, 8.63, 15.23, 21.73, 15.85, 11.82, 14.63, 15.42, 6.29, 18.49, 19.55, 10.15, 20.23, 20.42, 23.47, 21.06, 22.66]
Group : [0, 0, 0, 0, 0, 0, 0, 0, 0, 0, 0, 0, 0, 0, 0, 0, 0, 0, 0, 0, 0, 0, 0, 0, 0]
Sequence : [1, 2, 3, 4, 5, 6, 7, 8, 9, 10, 11, 12, 13, 14, 15, 16, 17, 18, 19, 20, 21, 22, 23, 24, 25]
Scroe : [6.97, 8.51, 19.07, 21.75, 11.67, 23.77, 7.33, 16.71, 16.89, 8.63, 15.23, 21.73, 15.85, 11.82, 14.63, 15.42, 6.29, 18.49, 19.55, 10.15, 20.23, 20.42, 23.47, 21.06, 22.66]
Time taken to solve the MIP model : 4.4094 seconds
min_d : 0, max_d : 9
---------------------------------
solution for: IP model
objective: 2.49259
x_0_3_0=1
x_1_3_1=1
x_2_3_2=1
x_3_3_3=1
x_4_5_0=1
x_5_3_4=1
x_6_1_0=1
x_7_5_1=1
x_8_5_2=1
x_9_1_1=1
x_10_1_2=1
x_11_5_3=1
x_12_1_3=1
x_13_2_0=1
x_14_2_1=1
x_15_2_2=1
x_16_0_0=1
x_17_2_3=1
x_18_4_0=1
x_19_0_1=1
x_20_4_1=1
x_21_4_2=1
x_22_2_4=1
x_23_4_3=1
x_24_4_4=1
d_0=3.000
d_1=2.000
d_2=0.500
d_3=1.000
d_4=7.000
d_6=1.000
d_7=4.200
d_8=3.200
d_10=0.800
d_11=2.000
d_12=1.800
d_13=4.000
d_15=0.200
d_16=0.667
d_17=1.500
d_18=2.000
d_19=1.000
d_20=1.000
d_21=1.000
d_22=3.000
d_23=2.000
d_24=2.000
d_x_0=2.667
d_x_1=2.000
d_x_2=0.500
d_x_3=0.500
d_x_4=4.500
d_x_6=0.667
d_x_7=3.200
d_x_8=3.200
d_x_10=0.800
d_x_11=1.500
d_x_12=0.800
d_x_13=1.500
d_x_15=0.200
d_x_16=0.333
d_x_17=0.500
d_x_18=0.500
d_x_19=1.000
d_x_20=0.500
d_x_21=0.500
d_x_22=1.500
d_x_23=0.500
d_x_24=0.500
d_y_0=0.333
d_y_3=0.500
d_y_4=2.500
d_y_6=0.333
d_y_7=1.000
d_y_11=0.500
d_y_12=1.000
d_y_13=2.500
d_y_16=0.333
d_y_17=1.000
d_y_18=1.500
d_y_20=0.500
d_y_21=0.500
d_y_22=1.500
d_y_23=1.500
d_y_24=1.500
normalized distance of container 0 : 0.33333333333333287
normalized distance of container 1 : 0.2222222222222222
normalized distance of container 2 : 0.055555555555555164
normalized distance of container 3 : 0.1111111111111111
normalized distance of container 4 : 0.7777777777777762
normalized distance of container 5 : 0.0
normalized distance of container 6 : 0.11111111111111005
normalized distance of container 7 : 0.4666666666666658
normalized distance of container 8 : 0.3555555555555547
normalized distance of container 9 : 0.0
normalized distance of container 10 : 0.08888888888888889
normalized distance of container 11 : 0.22222222222222182
normalized distance of container 12 : 0.2
normalized distance of container 13 : 0.44444444444444287
normalized distance of container 14 : 0.0
normalized distance of container 15 : 0.022222222222221748
normalized distance of container 16 : 0.07407407407407407
normalized distance of container 17 : 0.16666666666666666
normalized distance of container 18 : 0.22222222222222202
normalized distance of container 19 : 0.1111111111111111
normalized distance of container 20 : 0.11111111111111145
normalized distance of container 21 : 0.11111111111111091
normalized distance of container 22 : 0.3333333333333333
normalized distance of container 23 : 0.22222222222222257
normalized distance of container 24 : 0.22222222222222257
