Number of initial container : 0
Number of new container : 25
Total number of containers : 25
Level_num : 9
Container_level : [1, 4, 2, 6, 2, 8, 6, 6, 6, 3, 1, 4, 7, 6, 8, 5, 3, 1, 6, 9, 1, 3, 2, 6, 5]
ideal_configuration : 
 [[4. 6. 6. 9. 0. 0.]
 [2. 4. 6. 7. 0. 0.]
 [1. 3. 5. 6. 8. 0.]
 [1. 2. 3. 5. 6. 8.]
 [1. 1. 2. 3. 6. 6.]]
Centroid : {1: (0.25, 0.75), 4: (0.5, 3.5), 2: (1.0, 1.3333333333333333), 6: (3.0, 2.0), 8: (4.5, 1.5), 3: (2.0, 1.0), 7: (3.0, 3.0), 5: (2.5, 1.5), 9: (3.0, 4.0)}
Repeat number : 13
Original weight : [8.33, 13.21, 10.72, 17.54, 9.51, 22.03, 17.21, 17.38, 18.45, 12.44, 7.62, 13.66, 19.14, 18.67, 21.27, 16.28, 11.57, 8.04, 18.68, 22.48, 7.58, 12.47, 9.61, 17.29, 15.78]
Sequence : [1, 2, 3, 4, 5, 6, 7, 8, 9, 10, 11, 12, 13, 14, 15, 16, 17, 18, 19, 20, 21, 22, 23, 24, 25]
Emergency : [0, 0, 0, 0, 0, 0, 0, 0, 0, 0, 0, 0, 0, 0, 0, 0, 0, 0, 0, 0, 0, 0, 0, 0, 0]
Time taken to solve the MIP model : 1602.0695 seconds
min_d : 0, max_d : 9
---------------------------------
solution for: IP model
objective: 3.65741
x_0_1_0=1
x_1_4_0=1
x_2_5_0=1
x_3_4_1=1
x_4_1_1=1
x_5_5_1=1
x_6_3_0=1
x_7_3_1=1
x_8_4_2=1
x_9_1_2=1
x_10_0_0=1
x_11_1_3=1
x_12_4_3=1
x_13_3_2=1
x_14_4_4=1
x_15_1_4=1
x_16_5_2=1
x_17_0_1=1
x_18_3_3=1
x_19_3_4=1
x_20_2_0=1
x_21_2_1=1
x_22_0_2=1
x_23_0_3=1
x_24_2_2=1
r_5_1=1
r_5_2=1
d_0=1.500
d_1=7.000
d_2=5.333
d_3=2.000
d_4=0.333
d_5=1.000
d_6=2.000
d_7=1.000
d_8=1.000
d_9=2.000
d_10=1.000
d_11=1.000
d_12=1.000
d_14=3.000
d_15=4.000
d_16=4.000
d_17=0.500
d_18=1.000
d_20=2.500
d_22=1.667
d_23=4.000
d_24=1.000
d_x_0=0.750
d_x_1=3.500
d_x_2=4.000
d_x_3=1.000
d_x_5=0.500
d_x_8=1.000
d_x_9=1.000
d_x_10=0.250
d_x_11=0.500
d_x_12=1.000
d_x_14=0.500
d_x_15=1.500
d_x_16=3.000
d_x_17=0.250
d_x_20=1.750
d_x_22=1.000
d_x_23=3.000
d_x_24=0.500
d_y_0=0.750
d_y_1=3.500
d_y_2=1.333
d_y_3=1.000
d_y_4=0.333
d_y_5=0.500
d_y_6=2.000
d_y_7=1.000
d_y_9=1.000
d_y_10=0.750
d_y_11=0.500
d_y_14=2.500
d_y_15=2.500
d_y_16=1.000
d_y_17=0.250
d_y_18=1.000
d_y_20=0.750
d_y_22=0.667
d_y_23=1.000
d_y_24=0.500
normalized distance of container 0 : 0.16666666666666627
normalized distance of container 1 : 0.777777777777777
normalized distance of container 2 : 0.5925925925925926
normalized distance of container 3 : 0.2222222222222222
normalized distance of container 4 : 0.03703703703703703
normalized distance of container 5 : 0.11111111111111101
normalized distance of container 6 : 0.2222222222222222
normalized distance of container 7 : 0.1111111111111111
normalized distance of container 8 : 0.1111111111111111
normalized distance of container 9 : 0.2222222222222222
normalized distance of container 10 : 0.1111111111111111
normalized distance of container 11 : 0.1111111111111111
normalized distance of container 12 : 0.1111111111111111
normalized distance of container 13 : 0.0
normalized distance of container 14 : 0.33333333333333254
normalized distance of container 15 : 0.4444444444444432
normalized distance of container 16 : 0.4444444444444444
normalized distance of container 17 : 0.05555555555555477
normalized distance of container 18 : 0.1111111111111111
normalized distance of container 19 : 0.0
normalized distance of container 20 : 0.277777777777777
normalized distance of container 21 : 0.0
normalized distance of container 22 : 0.1851851851851852
normalized distance of container 23 : 0.4444444444444444
normalized distance of container 24 : 0.11111111111110993
