Number of initial container : 15
Number of new container : 8
Total number of containers : 23
Level_num : 9
Container_level : [6, 8, 4, 8, 4, 1, 8, 5, 9, 2, 4, 4, 4, 4, 3, 2, 4, 6, 1, 1, 4, 1, 7]
ideal_configuration : 
 [[4. 5. 8. 0. 0. 0.]
 [3. 4. 6. 8. 0. 0.]
 [1. 4. 4. 6. 9. 0.]
 [1. 2. 4. 4. 7. 0.]
 [1. 1. 2. 4. 4. 8.]]
Centroid : {6: (2.5, 2.5), 8: (3.3333333333333335, 2.3333333333333335), 4: (2.0, 1.625), 1: (0.25, 0.75), 5: (1.0, 4.0), 9: (4.0, 2.0), 2: (1.5, 0.5), 3: (0.0, 3.0), 7: (4.0, 1.0)}
Repeat number : 10
Original weight : [17.78, 22.23, 14.32, 21.02, 13.8, 8.38, 22.18, 16.25, 22.73, 9.85, 15.12, 14.24, 14.75, 13.85, 13.14, 10.59, 14.86, 18.0, 7.99, 9.08, 15.2, 7.85, 19.77]
Group : [0, 0, 0, 0, 0, 0, 0, 0, 0, 0, 0, 0, 0, 0, 0, 0, 0, 0, 0, 0, 0, 0, 0]
Sequence : [0, 0, 0, 0, 0, 0, 0, 0, 0, 0, 0, 0, 0, 0, 0, 1, 2, 3, 4, 5, 6, 7, 8]
Scroe : [17.78, 22.23, 14.32, 21.02, 13.8, 8.38, 22.18, 16.25, 22.73, 9.85, 15.12, 14.24, 14.75, 13.85, 13.14, 10.59, 14.86, 18.0, 7.99, 9.08, 15.2, 7.85, 19.77]
Time taken to solve the MIP model : 0.0239 seconds
min_d : 0, max_d : 9
---------------------------------
solution for: IP model
objective: 13
x_0_4_0=1
x_1_2_0=1
x_2_4_1=1
x_3_4_2=1
x_4_3_0=1
x_5_1_0=1
x_6_5_0=1
x_7_0_0=1
x_8_0_1=1
x_9_4_3=1
x_10_5_1=1
x_11_3_1=1
x_12_5_2=1
x_13_1_1=1
x_14_5_3=1
x_15_4_4=1
x_16_1_2=1
x_17_3_2=1
x_18_2_1=1
x_19_5_4=1
x_20_1_3=1
x_21_2_2=1
x_22_3_3=1
r_2_0=1
r_2_1=1
r_2_2=1
r_4_0=1
r_4_1=1
r_4_2=1
r_4_3=1
r_4_4=1
r_5_0=1
r_5_1=1
r_5_2=1
r_5_3=1
r_5_4=1
d_0=4.000
d_1=3.667
d_2=2.625
d_3=1.000
d_4=2.625
d_5=1.500
d_6=4.000
d_7=5.000
d_8=5.000
d_9=5.000
d_10=3.625
d_11=1.625
d_12=3.375
d_13=1.625
d_14=5.000
d_15=7.000
d_16=2.000
d_17=2.000
d_18=3.000
d_19=9.000
d_20=3.000
d_21=4.000
d_22=3.000
d_x_0=1.500
d_x_1=1.333
d_x_2=2.000
d_x_3=0.667
d_x_4=1.000
d_x_5=0.750
d_x_6=1.667
d_x_7=1.000
d_x_8=4.000
d_x_9=2.500
d_x_10=3.000
d_x_11=1.000
d_x_12=3.000
d_x_13=1.000
d_x_14=5.000
d_x_15=3.000
d_x_16=1.000
d_x_17=1.000
d_x_18=2.000
d_x_19=5.000
d_x_20=1.000
d_x_21=2.000
d_x_22=1.000
d_y_0=2.500
d_y_1=2.333
d_y_2=0.625
d_y_3=0.333
d_y_4=1.625
d_y_5=0.750
d_y_6=2.333
d_y_7=4.000
d_y_8=1.000
d_y_9=2.500
d_y_10=0.625
d_y_11=0.625
d_y_12=0.375
d_y_13=0.625
d_y_15=4.000
d_y_16=1.000
d_y_17=1.000
d_y_18=1.000
d_y_19=4.000
d_y_20=2.000
d_y_21=2.000
d_y_22=2.000
normalized distance of container 0 : 0.4444444444444444
normalized distance of container 1 : 0.40740740740740744
normalized distance of container 2 : 0.2916666666666667
normalized distance of container 3 : 0.1111111111111111
normalized distance of container 4 : 0.2916666666666667
normalized distance of container 5 : 0.16666666666666666
normalized distance of container 6 : 0.4444444444444444
normalized distance of container 7 : 0.5555555555555556
normalized distance of container 8 : 0.5555555555555556
normalized distance of container 9 : 0.5555555555555556
normalized distance of container 10 : 0.4027777777777778
normalized distance of container 11 : 0.18055555555555555
normalized distance of container 12 : 0.375
normalized distance of container 13 : 0.18055555555555555
normalized distance of container 14 : 0.5555555555555556
normalized distance of container 15 : 0.7777777777777778
normalized distance of container 16 : 0.2222222222222222
normalized distance of container 17 : 0.2222222222222222
normalized distance of container 18 : 0.3333333333333333
normalized distance of container 19 : 1.0
normalized distance of container 20 : 0.3333333333333333
normalized distance of container 21 : 0.4444444444444444
normalized distance of container 22 : 0.3333333333333333
