Number of initial container : 15
Number of new container : 8
Total number of containers : 23
Level_num : 9
Container_level : [3, 8, 7, 7, 9, 6, 4, 2, 7, 3, 7, 2, 7, 7, 1, 5, 1, 5, 1, 4, 3, 2, 2]
ideal_configuration : 
 [[4. 7. 7. 0. 0. 0.]
 [2. 4. 7. 8. 0. 0.]
 [2. 3. 5. 7. 9. 0.]
 [1. 2. 3. 5. 7. 0.]
 [1. 1. 2. 3. 6. 7.]]
Centroid : {3: (2.0, 1.0), 8: (3.0, 3.0), 7: (2.8333333333333335, 2.3333333333333335), 9: (4.0, 2.0), 6: (4.0, 0.0), 4: (0.5, 3.5), 2: (0.75, 1.5), 1: (0.3333333333333333, 0.3333333333333333), 5: (2.5, 1.5)}
Repeat number : 27
Original weight : [11.73, 22.12, 19.88, 20.14, 22.93, 17.5, 13.99, 7.33, 18.77, 10.8, 20.6, 7.4, 20.64, 20.13, 7.13, 16.19, 5.07, 14.5, 5.42, 13.51, 11.51, 9.43, 8.3]
Group : [0, 0, 0, 0, 0, 0, 0, 0, 0, 0, 0, 0, 0, 0, 0, 0, 0, 0, 0, 0, 0, 0, 0]
Sequence : [0, 0, 0, 0, 0, 0, 0, 0, 0, 0, 0, 0, 0, 0, 0, 1, 2, 3, 4, 5, 6, 7, 8]
Scroe : [11.73, 22.12, 19.88, 20.14, 22.93, 17.5, 13.99, 7.33, 18.77, 10.8, 20.6, 7.4, 20.64, 20.13, 7.13, 16.19, 5.07, 14.5, 5.42, 13.51, 11.51, 9.43, 8.3]
Time taken to solve the MIP model : 0.0465 seconds
min_d : 0, max_d : 9
---------------------------------
solution for: IP model
objective: 20
x_0_3_0=1
x_1_2_0=1
x_2_3_1=1
x_3_1_0=1
x_4_1_1=1
x_5_1_2=1
x_6_5_0=1
x_7_3_2=1
x_8_3_3=1
x_9_5_1=1
x_10_1_3=1
x_11_3_4=1
x_12_0_0=1
x_13_2_1=1
x_14_2_2=1
x_15_5_2=1
x_16_4_0=1
x_17_5_3=1
x_18_4_1=1
x_19_0_1=1
x_20_4_2=1
x_21_2_3=1
x_22_5_4=1
r_0_0=1
r_0_1=1
r_1_0=1
r_1_1=1
r_1_2=1
r_1_3=1
r_2_0=1
r_2_1=1
r_2_2=1
r_2_3=1
r_3_0=1
r_3_1=1
r_3_2=1
r_3_3=1
r_3_4=1
r_5_0=1
r_5_1=1
r_5_2=1
r_5_3=1
r_5_4=1
d_0=2.000
d_1=4.000
d_2=1.500
d_3=4.167
d_4=4.000
d_5=5.000
d_6=8.000
d_7=2.750
d_8=0.833
d_9=3.000
d_10=2.500
d_11=4.750
d_12=5.167
d_13=2.167
d_14=3.333
d_15=4.000
d_16=5.000
d_17=5.000
d_18=5.000
d_19=4.000
d_20=3.000
d_21=4.000
d_22=8.000
d_x_0=1.000
d_x_1=1.000
d_x_2=0.167
d_x_3=1.833
d_x_4=3.000
d_x_5=3.000
d_x_6=4.500
d_x_7=2.250
d_x_8=0.167
d_x_9=3.000
d_x_10=1.833
d_x_11=2.250
d_x_12=2.833
d_x_13=0.833
d_x_14=1.667
d_x_15=3.000
d_x_16=4.000
d_x_17=3.000
d_x_18=4.000
d_x_19=1.000
d_x_20=2.000
d_x_21=2.000
d_x_22=5.000
d_y_0=1.000
d_y_1=3.000
d_y_2=1.333
d_y_3=2.333
d_y_4=1.000
d_y_5=2.000
d_y_6=3.500
d_y_7=0.500
d_y_8=0.667
d_y_10=0.667
d_y_11=2.500
d_y_12=2.333
d_y_13=1.333
d_y_14=1.667
d_y_15=1.000
d_y_16=1.000
d_y_17=2.000
d_y_18=1.000
d_y_19=3.000
d_y_20=1.000
d_y_21=2.000
d_y_22=3.000
normalized distance of container 0 : 0.2222222222222222
normalized distance of container 1 : 0.4444444444444444
normalized distance of container 2 : 0.16666666666666666
normalized distance of container 3 : 0.462962962962963
normalized distance of container 4 : 0.4444444444444444
normalized distance of container 5 : 0.5555555555555556
normalized distance of container 6 : 0.8888888888888888
normalized distance of container 7 : 0.3055555555555556
normalized distance of container 8 : 0.09259259259259256
normalized distance of container 9 : 0.3333333333333333
normalized distance of container 10 : 0.2777777777777778
normalized distance of container 11 : 0.5277777777777778
normalized distance of container 12 : 0.5740740740740741
normalized distance of container 13 : 0.24074074074074078
normalized distance of container 14 : 0.3703703703703704
normalized distance of container 15 : 0.4444444444444444
normalized distance of container 16 : 0.5555555555555556
normalized distance of container 17 : 0.5555555555555556
normalized distance of container 18 : 0.5555555555555556
normalized distance of container 19 : 0.4444444444444444
normalized distance of container 20 : 0.3333333333333333
normalized distance of container 21 : 0.4444444444444444
normalized distance of container 22 : 0.8888888888888888
