Number of initial container : 15
Number of new container : 8
Total number of containers : 23
Level_num : 9
Container_level : [6, 6, 7, 7, 8, 5, 1, 7, 2, 1, 6, 6, 2, 1, 5, 9, 8, 4, 3, 2, 4, 7, 7]
ideal_configuration : 
 [[5. 7. 8. 0. 0. 0.]
 [3. 6. 7. 8. 0. 0.]
 [2. 4. 6. 7. 9. 0.]
 [1. 2. 4. 6. 7. 0.]
 [1. 1. 2. 5. 6. 7.]]
Centroid : {6: (2.5, 1.5), 7: (3.0, 2.0), 8: (2.5, 3.5), 5: (1.5, 2.0), 1: (0.3333333333333333, 0.3333333333333333), 2: (1.0, 1.0), 9: (4.0, 2.0), 4: (1.5, 1.5), 3: (0.0, 3.0)}
Repeat number : 13
Original weight : [18.27, 18.61, 20.43, 20.21, 23.47, 16.09, 5.12, 20.23, 8.31, 6.08, 18.79, 18.81, 8.3, 5.11, 15.3, 23.56, 22.36, 13.71, 10.23, 9.07, 13.42, 20.54, 19.73]
Group : [0, 0, 0, 0, 0, 0, 0, 0, 0, 0, 0, 0, 0, 0, 0, 0, 0, 0, 0, 0, 0, 0, 0]
Sequence : [0, 0, 0, 0, 0, 0, 0, 0, 0, 0, 0, 0, 0, 0, 0, 1, 2, 3, 4, 5, 6, 7, 8]
Scroe : [18.27, 18.61, 20.43, 20.21, 23.47, 16.09, 5.12, 20.23, 8.31, 6.08, 18.79, 18.81, 8.3, 5.11, 15.3, 23.56, 22.36, 13.71, 10.23, 9.07, 13.42, 20.54, 19.73]
Time taken to solve the MIP model : 0.0140 seconds
min_d : 0, max_d : 9
---------------------------------
solution for: IP model
objective: 20
x_0_1_0=1
x_1_5_0=1
x_2_1_1=1
x_3_5_1=1
x_4_4_0=1
x_5_2_0=1
x_6_3_0=1
x_7_0_0=1
x_8_2_1=1
x_9_5_2=1
x_10_0_1=1
x_11_0_2=1
x_12_4_1=1
x_13_3_1=1
x_14_5_3=1
x_15_1_2=1
x_16_0_3=1
x_17_4_2=1
x_18_2_2=1
x_19_5_4=1
x_20_4_3=1
x_21_4_4=1
x_22_3_2=1
r_0_0=1
r_0_1=1
r_0_2=1
r_0_3=1
r_2_0=1
r_2_1=1
r_2_2=1
r_3_0=1
r_3_1=1
r_3_2=1
r_4_0=1
r_4_1=1
r_4_2=1
r_4_3=1
r_4_4=1
r_5_0=1
r_5_1=1
r_5_2=1
r_5_3=1
r_5_4=1
d_0=3.000
d_1=4.000
d_2=3.000
d_3=3.000
d_4=5.000
d_5=2.500
d_6=3.000
d_7=5.000
d_8=1.000
d_9=6.333
d_10=3.000
d_11=3.000
d_12=3.000
d_13=3.333
d_14=4.500
d_15=3.000
d_16=4.000
d_17=4.000
d_18=3.000
d_19=7.000
d_20=5.000
d_21=3.000
d_x_0=1.500
d_x_1=2.500
d_x_2=2.000
d_x_3=2.000
d_x_4=1.500
d_x_5=0.500
d_x_6=2.667
d_x_7=3.000
d_x_8=1.000
d_x_9=4.667
d_x_10=2.500
d_x_11=2.500
d_x_12=3.000
d_x_13=2.667
d_x_14=3.500
d_x_15=3.000
d_x_16=3.000
d_x_17=3.000
d_x_18=2.000
d_x_19=4.000
d_x_20=3.000
d_x_21=1.000
d_y_0=1.500
d_y_1=1.500
d_y_2=1.000
d_y_3=1.000
d_y_4=3.500
d_y_5=2.000
d_y_6=0.333
d_y_7=2.000
d_y_9=1.667
d_y_10=0.500
d_y_11=0.500
d_y_13=0.667
d_y_14=1.000
d_y_16=1.000
d_y_17=1.000
d_y_18=1.000
d_y_19=3.000
d_y_20=2.000
d_y_21=2.000
normalized distance of container 0 : 0.3333333333333333
normalized distance of container 1 : 0.4444444444444444
normalized distance of container 2 : 0.3333333333333333
normalized distance of container 3 : 0.3333333333333333
normalized distance of container 4 : 0.5555555555555556
normalized distance of container 5 : 0.2777777777777778
normalized distance of container 6 : 0.3333333333333333
normalized distance of container 7 : 0.5555555555555556
normalized distance of container 8 : 0.1111111111111111
normalized distance of container 9 : 0.7037037037037037
normalized distance of container 10 : 0.3333333333333333
normalized distance of container 11 : 0.3333333333333333
normalized distance of container 12 : 0.3333333333333333
normalized distance of container 13 : 0.37037037037037035
normalized distance of container 14 : 0.5
normalized distance of container 15 : 0.3333333333333333
normalized distance of container 16 : 0.4444444444444444
normalized distance of container 17 : 0.4444444444444444
normalized distance of container 18 : 0.3333333333333333
normalized distance of container 19 : 0.7777777777777778
normalized distance of container 20 : 0.5555555555555556
normalized distance of container 21 : 0.3333333333333333
normalized distance of container 22 : 0.0
