Number of initial container : 3
Number of new container : 17
Total number of containers : 20
Level_num : 9
Container_level : [1, 1, 6, 3, 6, 6, 1, 3, 7, 6, 5, 3, 8, 1, 1, 9, 6, 4, 1, 5]
ideal_configuration : 
 [[5. 6. 0. 0. 0. 0.]
 [3. 5. 6. 0. 0. 0.]
 [1. 3. 6. 7. 0. 0.]
 [1. 1. 3. 6. 8. 0.]
 [1. 1. 1. 4. 6. 9.]]
Centroid : {1: (0.6666666666666666, 0.6666666666666666), 6: (2.4, 2.0), 3: (1.0, 2.0), 7: (3.0, 2.0), 5: (0.5, 3.5), 8: (4.0, 1.0), 9: (5.0, 0.0), 4: (3.0, 0.0)}
Repeat number : 17
Original weight : [6.0, 6.79, 17.78, 10.64, 17.86, 17.12, 6.37, 11.74, 18.67, 17.91, 14.99, 10.07, 20.76, 6.72, 7.44, 22.19, 17.69, 13.32, 7.93, 15.75]
Sequence : [0, 0, 0, 1, 2, 3, 4, 5, 6, 7, 8, 9, 10, 11, 12, 13, 14, 15, 16, 17]
Emergency : [0, 0, 0, 0, 0, 0, 0, 0, 0, 0, 0, 0, 0, 0, 0, 0, 0, 0, 0, 0]
Time taken to solve the MIP model : 0.1301 seconds
min_d : 0, max_d : 9
---------------------------------
solution for: IP model
objective: 3.26667
status: OPTIMAL_SOLUTION(2)
x_0_2_0=1
x_1_4_0=1
x_2_4_1=1
x_3_1_0=1
x_4_3_0=1
x_5_2_1=1
x_6_1_1=1
x_7_1_2=1
x_8_4_2=1
x_9_2_2=1
x_10_1_3=1
x_11_1_4=1
x_12_3_1=1
x_13_0_0=1
x_14_0_1=1
x_15_5_0=1
x_16_2_3=1
x_17_3_2=1
x_18_0_2=1
x_19_0_3=1
r_1_0=1
r_1_1=1
r_1_2=1
r_1_3=1
r_1_4=1
r_2_2=1
r_2_3=1
r_3_0=1
r_3_1=1
r_3_2=1
d_0=2.000
d_1=4.000
d_2=2.600
d_3=2.000
d_4=2.600
d_5=1.400
d_6=0.667
d_8=1.000
d_9=0.400
d_10=1.000
d_11=2.000
d_12=1.000
d_13=1.333
d_14=1.000
d_16=1.400
d_17=2.000
d_18=2.000
d_19=1.000
d_x_0=1.333
d_x_1=3.333
d_x_2=1.600
d_x_4=0.600
d_x_5=0.400
d_x_6=0.333
d_x_8=1.000
d_x_9=0.400
d_x_10=0.500
d_x_12=1.000
d_x_13=0.667
d_x_14=0.667
d_x_16=0.400
d_x_18=0.667
d_x_19=0.500
d_y_0=0.667
d_y_1=0.667
d_y_2=1.000
d_y_3=2.000
d_y_4=2.000
d_y_5=1.000
d_y_6=0.333
d_y_10=0.500
d_y_11=2.000
d_y_13=0.667
d_y_14=0.333
d_y_16=1.000
d_y_17=2.000
d_y_18=1.333
d_y_19=0.500
normalized distance of container 0 : 0.2222222222222222
normalized distance of container 1 : 0.4444444444444444
normalized distance of container 2 : 0.2888888888888889
normalized distance of container 3 : 0.2222222222222222
normalized distance of container 4 : 0.28888888888888864
normalized distance of container 5 : 0.15555555555555556
normalized distance of container 6 : 0.07407407407407263
normalized distance of container 7 : 0.0
normalized distance of container 8 : 0.1111111111111111
normalized distance of container 9 : 0.04444444444444443
normalized distance of container 10 : 0.11111111111110954
normalized distance of container 11 : 0.2222222222222222
normalized distance of container 12 : 0.1111111111111111
normalized distance of container 13 : 0.14814814814814814
normalized distance of container 14 : 0.11111111111111058
normalized distance of container 15 : 0.0
normalized distance of container 16 : 0.15555555555555556
normalized distance of container 17 : 0.2222222222222222
normalized distance of container 18 : 0.22222222222222168
normalized distance of container 19 : 0.11111111111111101
