Number of initial container : 10
Number of new container : 5
Total number of containers : 15
Level_num : 9
Container_level : [7, 9, 6, 4, 6, 5, 3, 1, 1, 4, 8, 3, 1, 1, 5]
ideal_configuration : 
 [[6. 0. 0. 0. 0. 0.]
 [4. 6. 0. 0. 0. 0.]
 [1. 4. 7. 0. 0. 0.]
 [1. 3. 5. 8. 0. 0.]
 [1. 1. 3. 5. 9. 0.]]
Centroid : {7: (2.0, 2.0), 9: (4.0, 0.0), 6: (0.5, 3.5), 4: (0.5, 2.5), 5: (2.5, 0.5), 3: (1.5, 0.5), 1: (0.25, 0.75), 8: (3.0, 1.0)}
Repeat number : 17
Original weight : [20.18, 22.11, 17.35, 13.92, 17.55, 16.53, 11.35, 8.59, 8.21, 14.87, 21.11, 12.13, 7.74, 7.68, 15.03]
Sequence : [0, 0, 0, 0, 0, 0, 0, 0, 0, 0, 1, 2, 3, 4, 5]
Emergency : [0, 0, 0, 0, 0, 0, 0, 0, 0, 0, 0, 0, 0, 0, 0]
Time taken to solve the MIP model : 0.0114 seconds
min_d : 0, max_d : 9
---------------------------------
solution for: IP model
objective: 6.22222
status: OPTIMAL_SOLUTION(2)
x_0_2_0=1
x_1_0_0=1
x_2_0_1=1
x_3_1_0=1
x_4_0_2=1
x_5_1_1=1
x_6_2_1=1
x_7_2_2=1
x_8_4_0=1
x_9_1_2=1
x_10_4_1=1
x_11_3_0=1
x_12_5_0=1
x_13_5_1=1
x_13_5_2=0
x_14_3_1=1
r_0_0=1
r_0_1=1
r_0_2=1
r_1_1=1
r_1_2=1
r_2_0=1
r_2_1=1
r_2_2=1
d_0=2.000
d_1=4.000
d_2=3.000
d_3=3.000
d_4=2.000
d_5=2.000
d_6=1.000
d_7=3.000
d_8=4.500
d_9=1.000
d_10=1.000
d_11=2.000
d_12=5.500
d_13=5.000
d_14=1.000
d_x_1=4.000
d_x_2=0.500
d_x_3=0.500
d_x_4=0.500
d_x_5=1.500
d_x_6=0.500
d_x_7=1.750
d_x_8=3.750
d_x_9=0.500
d_x_10=1.000
d_x_11=1.500
d_x_12=4.750
d_x_13=4.750
d_x_14=0.500
d_y_0=2.000
d_y_2=2.500
d_y_3=2.500
d_y_4=1.500
d_y_5=0.500
d_y_6=0.500
d_y_7=1.250
d_y_8=0.750
d_y_9=0.500
d_y_11=0.500
d_y_12=0.750
d_y_13=0.250
d_y_14=0.500
normalized distance of container 0 : 0.2222222222222222
normalized distance of container 1 : 0.4444444444444444
normalized distance of container 2 : 0.3333333333333333
normalized distance of container 3 : 0.3333333333333333
normalized distance of container 4 : 0.2222222222222222
normalized distance of container 5 : 0.2222222222222222
normalized distance of container 6 : 0.1111111111111111
normalized distance of container 7 : 0.3333333333333333
normalized distance of container 8 : 0.5
normalized distance of container 9 : 0.1111111111111111
normalized distance of container 10 : 0.1111111111111111
normalized distance of container 11 : 0.22222222222222182
normalized distance of container 12 : 0.6111111111111112
normalized distance of container 13 : 0.5555562227346134
normalized distance of container 14 : 0.11111111111110993
