Number of initial container : 5
Number of new container : 15
Total number of containers : 20
Level_num : 9
Container_level : [6, 1, 6, 1, 7, 6, 1, 4, 3, 4, 3, 7, 1, 4, 5, 4, 1, 9, 1, 7]
ideal_configuration : 
 [[4. 6. 0. 0. 0. 0.]
 [3. 4. 7. 0. 0. 0.]
 [1. 3. 5. 7. 0. 0.]
 [1. 1. 4. 6. 7. 0.]
 [1. 1. 1. 4. 6. 9.]]
Centroid : {6: (2.6666666666666665, 1.6666666666666667), 1: (0.6666666666666666, 0.6666666666666666), 7: (3.0, 2.0), 4: (1.5, 2.0), 3: (0.5, 2.5), 5: (2.0, 2.0), 9: (5.0, 0.0)}
Repeat number : 28
Original weight : [17.39, 6.68, 16.9, 6.75, 21.43, 16.98, 5.97, 12.71, 9.82, 13.09, 10.98, 19.72, 5.12, 13.77, 15.11, 13.45, 5.25, 23.76, 6.77, 21.18]
Sequence : [0, 0, 0, 0, 0, 1, 2, 3, 4, 5, 6, 7, 8, 9, 10, 11, 12, 13, 14, 15]
Emergency : [0, 0, 0, 0, 0, 0, 0, 0, 0, 0, 0, 0, 0, 0, 0, 0, 0, 0, 0, 0]
Time taken to solve the MIP model : 0.0528 seconds
min_d : 0, max_d : 9
---------------------------------
solution for: IP model
objective: 3.33333
status: OPTIMAL_SOLUTION(2)
x_0_3_0=1
x_1_2_0=1
x_2_1_0=1
x_3_3_1=1
x_4_3_2=1
x_5_4_0=1
x_6_1_1=1
x_7_1_2=1
x_8_1_3=1
x_9_4_1=1
x_10_1_4=1
x_11_4_2=1
x_12_0_0=1
x_13_2_1=1
x_14_2_2=1
x_15_2_3=1
x_16_0_1=1
x_17_5_0=1
x_18_0_2=1
x_19_3_3=1
r_1_0=1
r_1_1=1
r_1_2=1
r_1_3=1
r_1_4=1
r_2_0=1
r_2_1=1
r_2_2=1
r_2_3=1
r_3_0=1
r_3_1=1
r_3_2=1
r_3_3=1
r_4_0=1
r_4_1=1
r_4_2=1
d_0=2.000
d_1=2.000
d_2=3.333
d_3=2.667
d_5=3.000
d_6=0.667
d_7=0.500
d_8=1.000
d_9=3.500
d_10=2.000
d_11=1.000
d_12=1.333
d_13=1.500
d_15=1.500
d_16=1.000
d_18=2.000
d_19=1.000
d_x_0=0.333
d_x_1=1.333
d_x_2=1.667
d_x_3=2.333
d_x_5=1.333
d_x_6=0.333
d_x_7=0.500
d_x_8=0.500
d_x_9=2.500
d_x_10=0.500
d_x_11=1.000
d_x_12=0.667
d_x_13=0.500
d_x_15=0.500
d_x_16=0.667
d_x_18=0.667
d_y_0=1.667
d_y_1=0.667
d_y_2=1.667
d_y_3=0.333
d_y_5=1.667
d_y_6=0.333
d_y_8=0.500
d_y_9=1.000
d_y_10=1.500
d_y_12=0.667
d_y_13=1.000
d_y_15=1.000
d_y_16=0.333
d_y_18=1.333
d_y_19=1.000
normalized distance of container 0 : 0.2222222222222222
normalized distance of container 1 : 0.2222222222222222
normalized distance of container 2 : 0.37037037037037035
normalized distance of container 3 : 0.29629629629629634
normalized distance of container 4 : 0.0
normalized distance of container 5 : 0.33333333333333326
normalized distance of container 6 : 0.07407407407407342
normalized distance of container 7 : 0.05555555555555555
normalized distance of container 8 : 0.11111111111111012
normalized distance of container 9 : 0.3888888888888881
normalized distance of container 10 : 0.22222222222222024
normalized distance of container 11 : 0.1111111111111111
normalized distance of container 12 : 0.14814814814814814
normalized distance of container 13 : 0.16666666666666588
normalized distance of container 14 : 0.0
normalized distance of container 15 : 0.16666666666666588
normalized distance of container 16 : 0.11111111111111058
normalized distance of container 17 : 0.0
normalized distance of container 18 : 0.22222222222222168
normalized distance of container 19 : 0.1111111111111111
