Number of initial container : 5
Number of new container : 15
Total number of containers : 20
Level_num : 9
Container_level : [2, 5, 8, 2, 5, 7, 7, 9, 1, 3, 1, 1, 2, 1, 2, 4, 1, 5, 6, 4]
ideal_configuration : 
 [[4. 6. 0. 0. 0. 0.]
 [2. 4. 7. 0. 0. 0.]
 [1. 2. 5. 7. 0. 0.]
 [1. 1. 2. 5. 8. 0.]
 [1. 1. 2. 3. 5. 9.]]
Centroid : {2: (1.25, 1.5), 5: (3.0, 1.0), 8: (4.0, 1.0), 7: (2.5, 2.5), 9: (5.0, 0.0), 1: (0.4, 0.8), 3: (3.0, 0.0), 4: (0.5, 3.5), 6: (1.0, 4.0)}
Repeat number : 3
Original weight : [8.9, 14.9, 21.58, 8.52, 15.14, 19.76, 20.18, 23.64, 5.92, 10.16, 6.42, 5.1, 8.8, 5.67, 9.32, 14.11, 6.93, 16.22, 18.89, 14.36]
Sequence : [0, 0, 0, 0, 0, 1, 2, 3, 4, 5, 6, 7, 8, 9, 10, 11, 12, 13, 14, 15]
Emergency : [0, 0, 0, 0, 0, 0, 0, 0, 0, 0, 0, 0, 0, 0, 0, 0, 0, 0, 0, 0]
Time taken to solve the MIP model : 0.0263 seconds
min_d : 0, max_d : 9
---------------------------------
solution for: IP model
objective: 2.94444
status: OPTIMAL_SOLUTION(2)
x_0_2_0=1
x_1_2_1=1
x_2_3_0=1
x_3_3_1=1
x_4_0_0=1
x_5_3_2=1
x_6_3_3=1
x_7_5_0=1
x_8_0_1=1
x_9_4_0=1
x_10_0_2=1
x_11_1_0=1
x_12_2_2=1
x_13_1_1=1
x_14_1_2=1
x_15_1_3=1
x_16_0_3=1
x_17_4_1=1
x_18_1_4=1
x_19_0_4=1
r_0_0=1
r_0_1=1
r_0_2=1
r_0_3=1
r_0_4=1
r_2_0=1
r_2_1=1
r_2_2=1
r_3_0=1
r_3_1=1
r_3_2=1
r_3_3=1
r_4_1=1
d_0=2.250
d_1=1.000
d_2=2.000
d_3=2.250
d_4=4.000
d_5=1.000
d_6=1.000
d_8=0.600
d_9=1.000
d_10=1.600
d_11=1.400
d_12=1.250
d_13=0.800
d_14=0.750
d_15=1.000
d_16=2.600
d_17=1.000
d_19=1.000
d_x_0=0.750
d_x_1=1.000
d_x_2=1.000
d_x_3=1.750
d_x_4=3.000
d_x_5=0.500
d_x_6=0.500
d_x_8=0.400
d_x_9=1.000
d_x_10=0.400
d_x_11=0.600
d_x_12=0.750
d_x_13=0.600
d_x_14=0.250
d_x_15=0.500
d_x_16=0.400
d_x_17=1.000
d_x_19=0.500
d_y_0=1.500
d_y_2=1.000
d_y_3=0.500
d_y_4=1.000
d_y_5=0.500
d_y_6=0.500
d_y_8=0.200
d_y_10=1.200
d_y_11=0.800
d_y_12=0.500
d_y_13=0.200
d_y_14=0.500
d_y_15=0.500
d_y_16=2.200
d_y_19=0.500
normalized distance of container 0 : 0.25
normalized distance of container 1 : 0.1111111111111111
normalized distance of container 2 : 0.2222222222222222
normalized distance of container 3 : 0.25
normalized distance of container 4 : 0.4444444444444444
normalized distance of container 5 : 0.1111111111111111
normalized distance of container 6 : 0.11111111111111087
normalized distance of container 7 : 0.0
normalized distance of container 8 : 0.0666666666666658
normalized distance of container 9 : 0.1111111111111111
normalized distance of container 10 : 0.17777777777777728
normalized distance of container 11 : 0.15555555555555414
normalized distance of container 12 : 0.1388888888888873
normalized distance of container 13 : 0.08888888888888699
normalized distance of container 14 : 0.08333333333333254
normalized distance of container 15 : 0.11111111111110944
normalized distance of container 16 : 0.2888888888888884
normalized distance of container 17 : 0.1111111111111111
normalized distance of container 18 : 0.0
normalized distance of container 19 : 0.11111111111110944
