Number of initial container : 5
Number of new container : 15
Total number of containers : 20
Level_num : 9
Container_level : [1, 3, 7, 5, 9, 3, 5, 5, 7, 7, 6, 8, 8, 3, 5, 6, 5, 4, 8, 2]
ideal_configuration : 
 [[5. 7. 0. 0. 0. 0.]
 [5. 6. 8. 0. 0. 0.]
 [3. 5. 6. 8. 0. 0.]
 [2. 3. 5. 7. 8. 0.]
 [1. 3. 4. 5. 7. 9.]]
Centroid : {1: (1.0, 0.0), 3: (1.6666666666666667, 1.0), 7: (3.6666666666666665, 1.6666666666666667), 5: (2.2, 2.0), 9: (6.0, 0.0), 6: (2.5, 2.5), 8: (4.0, 2.0), 4: (3.0, 0.0), 2: (1.0, 1.0)}
Repeat number : 17
Original weight : [6.4, 11.23, 20.2, 16.09, 23.54, 11.3, 15.82, 15.65, 20.36, 19.45, 18.98, 22.19, 23.34, 11.64, 15.6, 17.13, 16.1, 14.9, 21.84, 9.25]
Sequence : [0, 0, 0, 0, 0, 1, 2, 3, 4, 5, 6, 7, 8, 9, 10, 11, 12, 13, 14, 15]
Emergency : [0, 0, 0, 0, 0, 0, 0, 0, 0, 0, 0, 0, 0, 0, 0, 0, 0, 0, 0, 0]
Time taken to solve the MIP model : 0.2242 seconds
min_d : 0, max_d : 9
---------------------------------
solution for: IP model
objective: 4.57778
x_1_6_0=1
x_2_4_0=1
x_3_4_1=1
x_4_2_0=1
x_5_4_2=1
x_6_1_0=1
x_7_3_0=1
x_8_3_1=1
x_9_6_1=1
x_10_2_1=1
x_11_2_2=1
x_12_6_2=1
x_13_3_2=1
x_14_1_1=1
x_15_1_2=1
x_16_3_3=1
x_17_2_3=1
x_18_5_0=1
x_19_5_1=1
x_20_1_3=1
r_1_0=1
r_1_1=1
r_1_2=1
r_1_3=1
r_2_1=1
r_2_2=1
r_2_3=1
r_3_0=1
r_3_1=1
r_3_2=1
r_3_3=1
d_1=5.000
d_2=3.333
d_3=1.000
d_4=2.200
d_5=4.000
d_6=1.667
d_7=2.800
d_8=1.800
d_9=3.000
d_10=2.333
d_11=1.000
d_12=2.000
d_13=1.000
d_14=0.667
d_15=1.200
d_16=1.000
d_17=1.200
d_18=2.000
d_19=2.000
d_20=2.000
d_x_1=5.000
d_x_2=2.333
d_x_3=0.333
d_x_4=0.200
d_x_5=2.000
d_x_6=0.667
d_x_7=0.800
d_x_8=0.800
d_x_9=2.333
d_x_10=1.667
d_x_11=0.500
d_x_12=2.000
d_x_13=1.000
d_x_14=0.667
d_x_15=1.200
d_x_16=0.500
d_x_17=0.200
d_x_18=2.000
d_x_19=1.000
d_y_2=1.000
d_y_3=0.667
d_y_4=2.000
d_y_5=2.000
d_y_6=1.000
d_y_7=2.000
d_y_8=1.000
d_y_9=0.667
d_y_10=0.667
d_y_11=0.500
d_y_16=0.500
d_y_17=1.000
d_y_19=1.000
d_y_20=2.000
normalized distance of container 1 : 0.5555555555555556
normalized distance of container 2 : 0.37037037037037035
normalized distance of container 3 : 0.11111111111111113
normalized distance of container 4 : 0.24444444444444446
normalized distance of container 5 : 0.4444444444444444
normalized distance of container 6 : 0.18518518518518512
normalized distance of container 7 : 0.3111111111111111
normalized distance of container 8 : 0.19999999999999998
normalized distance of container 9 : 0.3333333333333333
normalized distance of container 10 : 0.25925925925925924
normalized distance of container 11 : 0.1111111111111111
normalized distance of container 12 : 0.2222222222222222
normalized distance of container 13 : 0.1111111111111111
normalized distance of container 14 : 0.07407407407407408
normalized distance of container 15 : 0.13333333333333336
normalized distance of container 16 : 0.1111111111111111
normalized distance of container 17 : 0.13333333333333336
normalized distance of container 18 : 0.2222222222222222
normalized distance of container 19 : 0.2222222222222222
normalized distance of container 20 : 0.2222222222222222
