Number of initial container : 5
Number of new container : 15
Total number of containers : 20
Level_num : 9
Container_level : [1, 7, 2, 4, 7, 3, 2, 3, 4, 4, 7, 1, 7, 5, 1, 7, 9, 1, 3, 4]
ideal_configuration : 
 [[4. 7. 0. 0. 0. 0.]
 [3. 4. 7. 0. 0. 0.]
 [1. 3. 4. 7. 0. 0.]
 [1. 2. 3. 5. 7. 0.]
 [1. 1. 2. 4. 7. 9.]]
Centroid : {1: (1.25, 0.75), 7: (3.8, 2.0), 2: (2.5, 0.5), 4: (2.5, 2.25), 3: (2.0, 2.0), 5: (4.0, 1.0), 9: (6.0, 0.0)}
Repeat number : 5
Original weight : [7.22, 19.36, 9.89, 13.19, 19.68, 10.16, 9.0, 11.31, 12.86, 13.1, 19.42, 5.43, 19.76, 14.53, 6.57, 19.93, 23.49, 7.56, 10.63, 14.41]
Sequence : [0, 0, 0, 0, 0, 1, 2, 3, 4, 5, 6, 7, 8, 9, 10, 11, 12, 13, 14, 15]
Emergency : [0, 0, 0, 0, 0, 0, 0, 0, 0, 0, 0, 0, 0, 0, 0, 0, 0, 0, 0, 0]
Time taken to solve the MIP model : 0.1516 seconds
min_d : 0, max_d : 9
---------------------------------
solution for: IP model
objective: 4.32222
x_1_2_0=1
x_2_2_1=1
x_3_6_0=1
x_4_3_0=1
x_5_2_2=1
x_6_5_0=1
x_7_4_0=1
x_8_4_1=1
x_9_4_2=1
x_10_4_3=1
x_11_3_1=1
x_12_1_0=1
x_13_3_2=1
x_14_5_1=1
x_15_1_1=1
x_16_5_2=1
x_17_6_1=1
x_18_1_2=1
x_19_1_3=1
x_20_3_3=1
r_3_1=1
r_3_2=1
r_3_3=1
d_1=1.500
d_2=2.800
d_3=4.000
d_4=2.750
d_5=1.800
d_6=5.000
d_7=2.000
d_8=3.000
d_9=1.750
d_10=2.250
d_11=1.800
d_12=1.000
d_13=0.800
d_14=1.000
d_15=0.500
d_16=1.200
d_17=1.000
d_18=1.500
d_19=2.000
d_20=1.250
d_x_1=0.750
d_x_2=1.800
d_x_3=3.500
d_x_4=0.500
d_x_5=1.800
d_x_6=3.000
d_x_7=1.500
d_x_8=2.000
d_x_9=1.500
d_x_10=1.500
d_x_11=0.800
d_x_12=0.250
d_x_13=0.800
d_x_14=1.000
d_x_15=0.250
d_x_16=1.200
d_x_18=0.250
d_x_19=1.000
d_x_20=0.500
d_y_1=0.750
d_y_2=1.000
d_y_3=0.500
d_y_4=2.250
d_y_6=2.000
d_y_7=0.500
d_y_8=1.000
d_y_9=0.250
d_y_10=0.750
d_y_11=1.000
d_y_12=0.750
d_y_15=0.250
d_y_17=1.000
d_y_18=1.250
d_y_19=1.000
d_y_20=0.750
normalized distance of container 1 : 0.16666666666666666
normalized distance of container 2 : 0.3111111111111111
normalized distance of container 3 : 0.4444444444444444
normalized distance of container 4 : 0.3055555555555556
normalized distance of container 5 : 0.19999999999999998
normalized distance of container 6 : 0.5555555555555556
normalized distance of container 7 : 0.2222222222222222
normalized distance of container 8 : 0.3333333333333333
normalized distance of container 9 : 0.19444444444444445
normalized distance of container 10 : 0.2499999999999998
normalized distance of container 11 : 0.19999999999999998
normalized distance of container 12 : 0.1111111111111111
normalized distance of container 13 : 0.08888888888888886
normalized distance of container 14 : 0.1111111111111111
normalized distance of container 15 : 0.055555555555555164
normalized distance of container 16 : 0.13333333333333336
normalized distance of container 17 : 0.1111111111111111
normalized distance of container 18 : 0.16666666666666627
normalized distance of container 19 : 0.2222222222222222
normalized distance of container 20 : 0.1388888888888889
