Number of initial container : 5
Number of new container : 18
Total number of containers : 23
Level_num : 9
Container_level : [1, 6, 8, 9, 8, 8, 3, 6, 1, 6, 3, 6, 3, 3, 8, 1, 3, 1, 1, 1, 3, 8, 6]
ideal_configuration : 
 [[3. 6. 8. 0. 0. 0.]
 [3. 3. 6. 8. 0. 0.]
 [1. 3. 6. 8. 9. 0.]
 [1. 1. 3. 6. 8. 0.]
 [1. 1. 1. 3. 6. 8.]]
Centroid : {1: (0.6666666666666666, 0.6666666666666666), 6: (2.4, 2.0), 8: (3.4, 2.0), 9: (4.0, 2.0), 3: (1.1666666666666667, 2.1666666666666665)}
Repeat number : 28
Original weight : [10.83, 5.66, 21.73, 23.62, 5.88, 8.26, 18.15, 16.42, 7.18, 15.26, 13.84, 17.02, 6.31, 8.44, 10.95, 18.08, 23.44, 13.56, 21.02, 11.47, 21.36, 6.97, 17.89]
Group : [0, 2, 3, 3, 3, 3, 1, 2, 0, 2, 1, 2, 1, 1, 3, 0, 1, 0, 0, 0, 1, 3, 2]
Sequence : [0, 0, 0, 0, 0, 1, 2, 3, 4, 5, 6, 7, 8, 9, 10, 11, 12, 13, 14, 15, 16, 17, 18]
Scroe : [10.83, 205.66, 321.73, 323.62, 305.88, 308.26, 118.15, 216.42000000000002, 7.18, 215.26, 113.84, 217.02, 106.31, 108.44, 310.95, 18.08, 123.44, 13.56, 21.02, 11.47, 121.36, 306.97, 217.89]
Time taken to solve the MIP model : 0.9837 seconds
min_d : 0, max_d : 9
---------------------------------
solution for: IP model
objective: 14
x_0_1_0=1
x_1_4_0=1
x_2_3_0=1
x_3_2_0=1
x_4_2_1=1
x_5_3_1=1
x_6_1_1=1
x_7_4_1=1
x_8_0_0=1
x_9_1_2=1
x_10_0_1=1
x_11_4_2=1
x_12_5_0=1
x_13_0_2=1
x_14_3_2=1
x_15_5_1=1
x_16_0_3=1
x_17_5_2=1
x_18_5_3=1
x_19_5_4=1
x_20_0_4=1
x_21_1_3=1
x_22_4_3=1
r_0_1=1
r_0_2=1
r_0_3=1
r_0_4=1
r_2_0=1
r_2_1=1
r_2_2=-0
r_2_3=-0
r_2_4=-0
r_3_0=1
r_3_1=1
r_3_2=1
r_5_0=1
r_5_1=1
r_5_2=1
r_5_3=1
r_5_4=1
d_0=2.000
d_1=4.000
d_2=3.000
d_3=4.000
d_4=3.000
d_5=2.000
d_6=3.000
d_7=3.000
d_8=2.000
d_9=2.000
d_10=4.000
d_11=2.000
d_12=7.000
d_13=3.000
d_14=1.000
d_15=6.000
d_16=3.000
d_17=7.000
d_18=8.000
d_19=9.000
d_20=4.000
d_21=4.000
d_22=3.000
d_x_0=1.000
d_x_1=2.000
d_x_2=1.000
d_x_3=2.000
d_x_4=2.000
d_x_5=1.000
d_x_6=1.000
d_x_7=2.000
d_x_8=1.000
d_x_9=2.000
d_x_10=2.000
d_x_11=2.000
d_x_12=4.000
d_x_13=2.000
d_x_14=1.000
d_x_15=5.000
d_x_16=2.000
d_x_17=5.000
d_x_18=5.000
d_x_19=5.000
d_x_20=2.000
d_x_21=3.000
d_x_22=2.000
d_y_0=1.000
d_y_1=2.000
d_y_2=2.000
d_y_3=2.000
d_y_4=1.000
d_y_5=1.000
d_y_6=2.000
d_y_7=1.000
d_y_8=1.000
d_y_10=2.000
d_y_12=3.000
d_y_13=1.000
d_y_15=1.000
d_y_16=1.000
d_y_17=2.000
d_y_18=3.000
d_y_19=4.000
d_y_20=2.000
d_y_21=1.000
d_y_22=1.000
normalized distance of container 0 : 0.2222222222222222
normalized distance of container 1 : 0.4444444444444444
normalized distance of container 2 : 0.3333333333333333
normalized distance of container 3 : 0.4444444444444444
normalized distance of container 4 : 0.3333333333333333
normalized distance of container 5 : 0.2222222222222222
normalized distance of container 6 : 0.3333333333333333
normalized distance of container 7 : 0.3333333333333333
normalized distance of container 8 : 0.2222222222222222
normalized distance of container 9 : 0.2222222222222222
normalized distance of container 10 : 0.4444444444444444
normalized distance of container 11 : 0.2222222222222222
normalized distance of container 12 : 0.7777777777777778
normalized distance of container 13 : 0.3333333333333333
normalized distance of container 14 : 0.1111111111111111
normalized distance of container 15 : 0.6666666666666666
normalized distance of container 16 : 0.3333333333333333
normalized distance of container 17 : 0.7777777777777778
normalized distance of container 18 : 0.8888888888888888
normalized distance of container 19 : 1.0
normalized distance of container 20 : 0.4444444444444444
normalized distance of container 21 : 0.4444444444444444
normalized distance of container 22 : 0.3333333333333333
