Number of initial container : 5
Number of new container : 18
Total number of containers : 23
Level_num : 9
Container_level : [1, 3, 1, 3, 9, 6, 1, 8, 6, 3, 8, 1, 8, 3, 8, 1, 6, 1, 3, 6, 3, 3, 8]
ideal_configuration : 
 [[3. 6. 8. 0. 0. 0.]
 [3. 3. 6. 8. 0. 0.]
 [1. 3. 3. 8. 9. 0.]
 [1. 1. 3. 6. 8. 0.]
 [1. 1. 1. 3. 6. 8.]]
Centroid : {1: (0.6666666666666666, 0.6666666666666666), 3: (1.2857142857142858, 2.142857142857143), 9: (4.0, 2.0), 6: (2.5, 2.0), 8: (3.4, 2.0)}
Repeat number : 8
Original weight : [19.7, 14.36, 9.18, 17.25, 21.11, 16.34, 20.27, 7.17, 12.17, 21.85, 7.05, 8.9, 18.75, 9.54, 6.51, 9.42, 5.75, 23.98, 6.59, 14.64, 22.23, 5.14, 14.1]
Group : [0, 1, 0, 1, 3, 2, 0, 3, 2, 1, 3, 0, 3, 1, 3, 0, 2, 0, 1, 2, 1, 1, 3]
Sequence : [0, 0, 0, 0, 0, 1, 2, 3, 4, 5, 6, 7, 8, 9, 10, 11, 12, 13, 14, 15, 16, 17, 18]
Scroe : [19.7, 114.36, 9.18, 117.25, 321.11, 216.34, 20.27, 307.17, 212.17, 121.85, 307.05, 8.9, 318.75, 109.53999999999999, 306.51, 9.42, 205.75, 23.98, 106.59, 214.64, 122.23, 105.14, 314.1]
Time taken to solve the MIP model : 0.7819 seconds
min_d : 0, max_d : 9
---------------------------------
solution for: IP model
objective: 3
x_0_5_0=1
x_1_3_0=1
x_2_1_0=1
x_3_0_0=1
x_4_1_1=1
x_5_3_1=1
x_6_5_1=1
x_7_3_2=1
x_8_0_1=1
x_9_5_2=1
x_10_0_2=1
x_11_2_0=1
x_12_3_3=1
x_13_2_1=1
x_14_2_2=1
x_15_4_0=1
x_16_5_3=1
x_17_4_1=1
x_18_4_2=1
x_19_5_4=1
x_20_4_3=1
x_21_4_4=1
x_22_0_3=1
r_4_2=1
r_4_3=1
r_4_4=1
d_0=6.000
d_1=5.000
d_2=2.000
d_3=5.000
d_4=4.000
d_5=2.000
d_6=6.000
d_7=1.000
d_8=4.000
d_9=5.000
d_10=4.000
d_11=3.000
d_12=2.000
d_13=3.000
d_14=2.000
d_15=5.000
d_16=4.000
d_17=5.000
d_18=4.000
d_19=5.000
d_20=4.000
d_21=5.000
d_22=5.000
d_x_0=5.000
d_x_1=2.000
d_x_2=1.000
d_x_3=2.000
d_x_4=3.000
d_x_5=1.000
d_x_6=5.000
d_x_7=1.000
d_x_8=3.000
d_x_9=4.000
d_x_10=4.000
d_x_11=2.000
d_x_12=1.000
d_x_13=1.000
d_x_14=2.000
d_x_15=4.000
d_x_16=3.000
d_x_17=4.000
d_x_18=3.000
d_x_19=3.000
d_x_20=3.000
d_x_21=3.000
d_x_22=4.000
d_y_0=1.000
d_y_1=3.000
d_y_2=1.000
d_y_3=3.000
d_y_4=1.000
d_y_5=1.000
d_y_6=1.000
d_y_8=1.000
d_y_9=1.000
d_y_11=1.000
d_y_12=1.000
d_y_13=2.000
d_y_15=1.000
d_y_16=1.000
d_y_17=1.000
d_y_18=1.000
d_y_19=2.000
d_y_20=1.000
d_y_21=2.000
d_y_22=1.000
normalized distance of container 0 : 0.6666666666666666
normalized distance of container 1 : 0.5555555555555556
normalized distance of container 2 : 0.2222222222222222
normalized distance of container 3 : 0.5555555555555556
normalized distance of container 4 : 0.4444444444444444
normalized distance of container 5 : 0.2222222222222222
normalized distance of container 6 : 0.6666666666666666
normalized distance of container 7 : 0.1111111111111111
normalized distance of container 8 : 0.4444444444444444
normalized distance of container 9 : 0.5555555555555556
normalized distance of container 10 : 0.4444444444444444
normalized distance of container 11 : 0.3333333333333333
normalized distance of container 12 : 0.2222222222222222
normalized distance of container 13 : 0.3333333333333333
normalized distance of container 14 : 0.2222222222222222
normalized distance of container 15 : 0.5555555555555556
normalized distance of container 16 : 0.4444444444444444
normalized distance of container 17 : 0.5555555555555556
normalized distance of container 18 : 0.4444444444444444
normalized distance of container 19 : 0.5555555555555556
normalized distance of container 20 : 0.4444444444444444
normalized distance of container 21 : 0.5555555555555556
normalized distance of container 22 : 0.5555555555555556
