Number of initial container : 5
Number of new container : 18
Total number of containers : 23
Level_num : 9
Container_level : [1, 3, 1, 4, 6, 8, 6, 9, 3, 1, 3, 3, 6, 6, 3, 1, 1, 8, 6, 1, 6, 3, 1]
ideal_configuration : 
 [[3. 6. 8. 0. 0. 0.]
 [1. 3. 6. 8. 0. 0.]
 [1. 3. 3. 6. 9. 0.]
 [1. 1. 3. 4. 6. 0.]
 [1. 1. 1. 3. 6. 6.]]
Centroid : {1: (0.5714285714285714, 1.0), 3: (1.5, 2.0), 4: (3.0, 1.0), 6: (3.1666666666666665, 1.6666666666666667), 8: (2.5, 3.5), 9: (4.0, 2.0)}
Repeat number : 5
Original weight : [5.32, 20.18, 8.33, 22.74, 9.18, 5.13, 9.84, 14.82, 9.69, 8.71, 13.17, 14.58, 7.72, 5.22, 10.65, 6.27, 22.36, 12.56, 16.5, 7.52, 5.95, 16.56, 6.43]
Group : [0, 1, 0, 1, 2, 3, 2, 3, 1, 0, 1, 1, 2, 2, 1, 0, 0, 3, 2, 0, 2, 1, 0]
Sequence : [0, 0, 0, 0, 0, 1, 2, 3, 4, 5, 6, 7, 8, 9, 10, 11, 12, 13, 14, 15, 16, 17, 18]
Scroe : [5.32, 120.18, 8.33, 122.74, 209.18, 305.13, 209.84, 314.82, 109.69, 8.71, 113.17, 114.58, 207.72, 205.22, 110.65, 6.27, 22.36, 312.56, 216.5, 7.52, 205.95, 116.56, 6.43]
Time taken to solve the MIP model : 0.3528 seconds
min_d : 0, max_d : 9
---------------------------------
solution for: IP model
objective: 3
x_0_4_0=1
x_1_0_0=1
x_2_2_0=1
x_3_2_1=1
x_4_5_0=1
x_5_0_1=1
x_6_5_1=1
x_7_0_2=1
x_8_1_0=1
x_9_3_0=1
x_10_3_1=1
x_11_3_2=1
x_12_2_2=1
x_13_3_3=1
x_14_1_1=1
x_15_4_1=1
x_16_4_2=1
x_17_5_2=1
x_18_2_3=1
x_19_4_3=1
x_20_3_4=1
x_21_1_2=1
x_22_4_4=1
r_4_2=1
r_4_3=1
r_4_4=1
d_0=5.000
d_1=4.000
d_2=3.000
d_3=1.000
d_4=4.000
d_5=6.000
d_6=3.000
d_7=4.000
d_8=3.000
d_9=4.000
d_10=3.000
d_11=2.000
d_12=3.000
d_13=3.000
d_14=2.000
d_15=4.000
d_16=5.000
d_17=5.000
d_18=4.000
d_19=6.000
d_20=4.000
d_21=1.000
d_22=7.000
d_x_0=4.000
d_x_1=2.000
d_x_2=2.000
d_x_3=1.000
d_x_4=2.000
d_x_5=3.000
d_x_6=2.000
d_x_7=4.000
d_x_8=1.000
d_x_9=3.000
d_x_10=2.000
d_x_11=2.000
d_x_12=2.000
d_x_13=1.000
d_x_14=1.000
d_x_15=4.000
d_x_16=4.000
d_x_17=3.000
d_x_18=2.000
d_x_19=4.000
d_x_20=1.000
d_x_21=1.000
d_x_22=4.000
d_y_0=1.000
d_y_1=2.000
d_y_2=1.000
d_y_4=2.000
d_y_5=3.000
d_y_6=1.000
d_y_8=2.000
d_y_9=1.000
d_y_10=1.000
d_y_12=1.000
d_y_13=2.000
d_y_14=1.000
d_y_16=1.000
d_y_17=2.000
d_y_18=2.000
d_y_19=2.000
d_y_20=3.000
d_y_22=3.000
normalized distance of container 0 : 0.5555555555555556
normalized distance of container 1 : 0.4444444444444444
normalized distance of container 2 : 0.3333333333333333
normalized distance of container 3 : 0.1111111111111111
normalized distance of container 4 : 0.4444444444444444
normalized distance of container 5 : 0.6666666666666666
normalized distance of container 6 : 0.3333333333333333
normalized distance of container 7 : 0.4444444444444444
normalized distance of container 8 : 0.3333333333333333
normalized distance of container 9 : 0.4444444444444444
normalized distance of container 10 : 0.3333333333333333
normalized distance of container 11 : 0.2222222222222222
normalized distance of container 12 : 0.3333333333333333
normalized distance of container 13 : 0.3333333333333333
normalized distance of container 14 : 0.2222222222222222
normalized distance of container 15 : 0.4444444444444444
normalized distance of container 16 : 0.5555555555555556
normalized distance of container 17 : 0.5555555555555556
normalized distance of container 18 : 0.4444444444444444
normalized distance of container 19 : 0.6666666666666666
normalized distance of container 20 : 0.4444444444444444
normalized distance of container 21 : 0.1111111111111111
normalized distance of container 22 : 0.7777777777777778
