Number of initial container : 5
Number of new container : 18
Total number of containers : 23
Level_num : 9
Container_level : [1, 9, 6, 8, 3, 8, 1, 6, 6, 6, 3, 8, 8, 6, 3, 8, 3, 1, 1, 1, 8, 1, 1]
ideal_configuration : 
 [[3. 6. 8. 0. 0. 0.]
 [1. 6. 8. 8. 0. 0.]
 [1. 3. 6. 8. 9. 0.]
 [1. 1. 3. 6. 8. 0.]
 [1. 1. 1. 3. 6. 8.]]
Centroid : {1: (0.5714285714285714, 1.0), 9: (4.0, 2.0), 6: (2.2, 2.0), 8: (3.1666666666666665, 2.1666666666666665), 3: (1.5, 1.75)}
Repeat number : 12
Original weight : [21.37, 21.35, 22.29, 14.31, 5.51, 10.18, 17.41, 12.09, 10.63, 12.17, 6.43, 17.37, 16.73, 10.74, 20.73, 10.01, 19.48, 20.1, 5.57, 10.4, 14.39, 16.06, 22.51]
Group : [0, 3, 2, 3, 1, 3, 0, 2, 2, 2, 1, 3, 3, 2, 1, 3, 1, 0, 0, 0, 3, 0, 0]
Sequence : [0, 0, 0, 0, 0, 1, 2, 3, 4, 5, 6, 7, 8, 9, 10, 11, 12, 13, 14, 15, 16, 17, 18]
Scroe : [21.37, 321.35, 222.29, 314.31, 105.51, 310.18, 17.41, 212.09, 210.63, 212.17, 106.43, 317.37, 316.73, 210.74, 120.73, 310.01, 119.48, 20.1, 5.57, 10.4, 314.39, 16.06, 22.51]
Time taken to solve the MIP model : 0.8827 seconds
min_d : 0, max_d : 9
---------------------------------
solution for: IP model
objective: 10
x_0_2_0=1
x_1_3_0=1
x_2_3_1=1
x_3_4_0=1
x_4_5_0=1
x_5_3_2=1
x_6_0_0=1
x_7_5_1=1
x_8_2_1=1
x_9_5_2=1
x_10_0_1=1
x_11_4_1=1
x_12_3_3=1
x_13_2_2=1
x_14_5_3=1
x_15_2_3=1
x_16_0_2=1
x_17_0_3=1
x_18_1_0=1
x_19_1_1=1
x_20_2_4=1
x_21_1_2=1
x_22_1_3=1
r_0_1=1
r_0_2=1
r_0_3=1
r_3_0=1
r_3_1=1
r_3_2=1
r_3_3=1
r_5_1=1
r_5_2=1
r_5_3=1
d_0=3.000
d_1=3.000
d_2=2.000
d_3=4.000
d_4=6.000
d_5=2.000
d_6=2.000
d_7=4.000
d_8=2.000
d_9=3.000
d_10=3.000
d_11=3.000
d_12=2.000
d_13=1.000
d_14=6.000
d_15=3.000
d_16=3.000
d_17=3.000
d_18=2.000
d_19=1.000
d_20=4.000
d_21=2.000
d_22=3.000
d_x_0=2.000
d_x_1=1.000
d_x_2=1.000
d_x_3=1.000
d_x_4=4.000
d_x_5=1.000
d_x_6=1.000
d_x_7=3.000
d_x_8=1.000
d_x_9=3.000
d_x_10=2.000
d_x_11=1.000
d_x_12=1.000
d_x_13=1.000
d_x_14=4.000
d_x_15=2.000
d_x_16=2.000
d_x_17=1.000
d_x_18=1.000
d_x_19=1.000
d_x_20=2.000
d_x_21=1.000
d_x_22=1.000
d_y_0=1.000
d_y_1=2.000
d_y_2=1.000
d_y_3=3.000
d_y_4=2.000
d_y_5=1.000
d_y_6=1.000
d_y_7=1.000
d_y_8=1.000
d_y_10=1.000
d_y_11=2.000
d_y_12=1.000
d_y_14=2.000
d_y_15=1.000
d_y_16=1.000
d_y_17=2.000
d_y_18=1.000
d_y_20=2.000
d_y_21=1.000
d_y_22=2.000
normalized distance of container 0 : 0.3333333333333333
normalized distance of container 1 : 0.3333333333333333
normalized distance of container 2 : 0.2222222222222222
normalized distance of container 3 : 0.4444444444444444
normalized distance of container 4 : 0.6666666666666666
normalized distance of container 5 : 0.2222222222222222
normalized distance of container 6 : 0.2222222222222222
normalized distance of container 7 : 0.4444444444444444
normalized distance of container 8 : 0.2222222222222222
normalized distance of container 9 : 0.3333333333333333
normalized distance of container 10 : 0.3333333333333333
normalized distance of container 11 : 0.3333333333333333
normalized distance of container 12 : 0.2222222222222222
normalized distance of container 13 : 0.1111111111111111
normalized distance of container 14 : 0.6666666666666666
normalized distance of container 15 : 0.3333333333333333
normalized distance of container 16 : 0.3333333333333333
normalized distance of container 17 : 0.3333333333333333
normalized distance of container 18 : 0.2222222222222222
normalized distance of container 19 : 0.1111111111111111
normalized distance of container 20 : 0.4444444444444444
normalized distance of container 21 : 0.2222222222222222
normalized distance of container 22 : 0.3333333333333333
