Number of initial container : 5
Number of new container : 18
Total number of containers : 23
Level_num : 9
Container_level : [8, 6, 3, 8, 8, 1, 3, 8, 1, 3, 8, 3, 3, 6, 9, 1, 1, 8, 1, 1, 1, 6, 1]
ideal_configuration : 
 [[3. 6. 8. 0. 0. 0.]
 [1. 3. 8. 8. 0. 0.]
 [1. 1. 3. 8. 9. 0.]
 [1. 1. 3. 6. 8. 0.]
 [1. 1. 1. 3. 6. 8.]]
Centroid : {8: (3.1666666666666665, 2.1666666666666665), 6: (2.6666666666666665, 1.6666666666666667), 3: (1.6, 2.0), 1: (0.625, 1.125), 9: (4.0, 2.0)}
Repeat number : 24
Original weight : [9.01, 10.65, 16.26, 9.71, 17.55, 22.04, 17.93, 13.63, 9.71, 12.63, 12.09, 18.5, 23.19, 12.44, 19.5, 18.03, 9.29, 12.64, 22.79, 9.82, 11.59, 18.1, 21.72]
Group : [3, 2, 1, 3, 3, 0, 1, 3, 0, 1, 3, 1, 1, 2, 3, 0, 0, 3, 0, 0, 0, 2, 0]
Sequence : [0, 0, 0, 0, 0, 1, 2, 3, 4, 5, 6, 7, 8, 9, 10, 11, 12, 13, 14, 15, 16, 17, 18]
Scroe : [309.01, 210.65, 116.26, 309.71, 317.55, 22.04, 117.93, 313.63, 9.71, 112.63, 312.09, 118.5, 123.19, 212.44, 319.5, 18.03, 9.29, 312.64, 22.79, 9.82, 11.59, 218.1, 21.72]
Time taken to solve the MIP model : 0.2906 seconds
min_d : 0, max_d : 9
---------------------------------
solution for: IP model
objective: 7
x_0_5_0=1
x_1_4_0=1
x_2_1_0=1
x_3_0_0=1
x_4_5_1=1
x_5_1_1=1
x_6_1_2=1
x_7_0_1=1
x_8_2_0=1
x_9_2_1=1
x_10_0_2=1
x_11_2_2=1
x_12_2_3=1
x_13_4_1=1
x_14_5_2=1
x_15_1_3=1
x_16_3_0=1
x_17_2_4=1
x_18_1_4=1
x_19_3_1=1
x_20_3_2=1
x_21_4_2=1
x_22_3_3=1
r_0_1=1
r_0_2=1
r_1_0=1
r_1_1=1
r_1_2=1
r_1_3=1
r_1_4=1
d_0=5.000
d_1=4.000
d_2=3.000
d_3=7.000
d_4=4.000
d_5=2.000
d_6=1.000
d_7=6.000
d_8=4.000
d_9=2.000
d_10=5.000
d_11=1.000
d_12=2.000
d_13=3.000
d_14=1.000
d_15=3.000
d_16=5.000
d_17=4.000
d_18=4.000
d_19=4.000
d_20=4.000
d_21=3.000
d_22=5.000
d_x_0=2.000
d_x_1=2.000
d_x_2=1.000
d_x_3=4.000
d_x_4=2.000
d_x_5=1.000
d_x_6=1.000
d_x_7=4.000
d_x_8=2.000
d_x_9=1.000
d_x_10=4.000
d_x_11=1.000
d_x_12=1.000
d_x_13=2.000
d_x_14=1.000
d_x_15=1.000
d_x_16=3.000
d_x_17=2.000
d_x_18=1.000
d_x_19=3.000
d_x_20=3.000
d_x_21=2.000
d_x_22=3.000
d_y_0=3.000
d_y_1=2.000
d_y_2=2.000
d_y_3=3.000
d_y_4=2.000
d_y_5=1.000
d_y_7=2.000
d_y_8=2.000
d_y_9=1.000
d_y_10=1.000
d_y_12=1.000
d_y_13=1.000
d_y_15=2.000
d_y_16=2.000
d_y_17=2.000
d_y_18=3.000
d_y_19=1.000
d_y_20=1.000
d_y_21=1.000
d_y_22=2.000
normalized distance of container 0 : 0.5555555555555556
normalized distance of container 1 : 0.4444444444444444
normalized distance of container 2 : 0.3333333333333333
normalized distance of container 3 : 0.7777777777777778
normalized distance of container 4 : 0.4444444444444444
normalized distance of container 5 : 0.2222222222222222
normalized distance of container 6 : 0.1111111111111111
normalized distance of container 7 : 0.6666666666666666
normalized distance of container 8 : 0.4444444444444444
normalized distance of container 9 : 0.2222222222222222
normalized distance of container 10 : 0.5555555555555556
normalized distance of container 11 : 0.1111111111111111
normalized distance of container 12 : 0.2222222222222222
normalized distance of container 13 : 0.3333333333333333
normalized distance of container 14 : 0.1111111111111111
normalized distance of container 15 : 0.3333333333333333
normalized distance of container 16 : 0.5555555555555556
normalized distance of container 17 : 0.4444444444444444
normalized distance of container 18 : 0.4444444444444444
normalized distance of container 19 : 0.4444444444444444
normalized distance of container 20 : 0.4444444444444444
normalized distance of container 21 : 0.3333333333333333
normalized distance of container 22 : 0.5555555555555556
