Number of initial container : 5
Number of new container : 18
Total number of containers : 23
Level_num : 9
Container_level : [6, 3, 8, 3, 6, 6, 6, 6, 3, 8, 1, 3, 9, 8, 6, 8, 1, 3, 6, 1, 8, 1, 1]
ideal_configuration : 
 [[6. 6. 8. 0. 0. 0.]
 [3. 6. 6. 8. 0. 0.]
 [1. 3. 6. 8. 9. 0.]
 [1. 1. 3. 6. 8. 0.]
 [1. 1. 3. 3. 6. 8.]]
Centroid : {6: (1.8571428571428572, 2.4285714285714284), 3: (1.6, 1.2), 8: (3.4, 2.0), 1: (0.4, 0.8), 9: (4.0, 2.0)}
Repeat number : 4
Original weight : [12.27, 12.75, 13.01, 9.49, 22.29, 13.13, 8.89, 10.51, 7.51, 15.35, 10.37, 5.73, 17.66, 15.96, 8.99, 17.58, 20.88, 7.31, 19.84, 20.43, 17.34, 19.29, 11.4]
Group : [2, 1, 3, 1, 2, 2, 2, 2, 1, 3, 0, 1, 3, 3, 2, 3, 0, 1, 2, 0, 3, 0, 0]
Sequence : [0, 0, 0, 0, 0, 1, 2, 3, 4, 5, 6, 7, 8, 9, 10, 11, 12, 13, 14, 15, 16, 17, 18]
Scroe : [212.27, 112.75, 313.01, 109.49, 222.29, 213.13, 208.89, 210.51, 107.51, 315.35, 10.37, 105.73, 317.66, 315.96, 208.99, 317.58, 20.88, 107.31, 219.84, 20.43, 317.34, 19.29, 11.4]
Time taken to solve the MIP model : 0.2587 seconds
min_d : 0, max_d : 9
---------------------------------
solution for: IP model
objective: 7
x_0_3_0=1
x_1_1_0=1
x_2_1_1=1
x_3_2_0=1
x_4_5_0=1
x_5_3_1=1
x_6_2_1=1
x_7_2_2=1
x_8_0_0=1
x_9_1_2=1
x_10_4_0=1
x_11_0_1=1
x_12_3_2=1
x_13_1_3=1
x_14_2_3=1
x_15_5_1=1
x_16_4_1=1
x_17_4_2=1
x_18_4_3=1
x_19_0_2=1
x_20_1_4=1
x_21_0_3=1
x_22_0_4=1
r_0_0=1
r_0_1=1
r_0_2=1
r_0_3=1
r_0_4=1
r_2_2=1
r_2_3=1
d_0=5.000
d_1=3.000
d_2=4.000
d_3=3.000
d_4=7.000
d_5=4.000
d_6=3.000
d_7=2.000
d_8=4.000
d_9=3.000
d_10=5.000
d_11=3.000
d_12=1.000
d_13=4.000
d_14=2.000
d_15=3.000
d_16=5.000
d_17=4.000
d_18=4.000
d_19=3.000
d_20=5.000
d_21=4.000
d_22=5.000
d_x_0=2.000
d_x_1=1.000
d_x_2=3.000
d_x_3=1.000
d_x_4=4.000
d_x_5=2.000
d_x_6=1.000
d_x_7=1.000
d_x_8=2.000
d_x_9=3.000
d_x_10=4.000
d_x_11=2.000
d_x_12=1.000
d_x_13=3.000
d_x_14=1.000
d_x_15=2.000
d_x_16=4.000
d_x_17=3.000
d_x_18=3.000
d_x_19=1.000
d_x_20=3.000
d_x_21=1.000
d_x_22=1.000
d_y_0=3.000
d_y_1=2.000
d_y_2=1.000
d_y_3=2.000
d_y_4=3.000
d_y_5=2.000
d_y_6=2.000
d_y_7=1.000
d_y_8=2.000
d_y_10=1.000
d_y_11=1.000
d_y_13=1.000
d_y_14=1.000
d_y_15=1.000
d_y_16=1.000
d_y_17=1.000
d_y_18=1.000
d_y_19=2.000
d_y_20=2.000
d_y_21=3.000
d_y_22=4.000
normalized distance of container 0 : 0.5555555555555556
normalized distance of container 1 : 0.3333333333333333
normalized distance of container 2 : 0.4444444444444444
normalized distance of container 3 : 0.3333333333333333
normalized distance of container 4 : 0.7777777777777778
normalized distance of container 5 : 0.4444444444444444
normalized distance of container 6 : 0.3333333333333333
normalized distance of container 7 : 0.2222222222222222
normalized distance of container 8 : 0.4444444444444444
normalized distance of container 9 : 0.3333333333333333
normalized distance of container 10 : 0.5555555555555556
normalized distance of container 11 : 0.3333333333333333
normalized distance of container 12 : 0.1111111111111111
normalized distance of container 13 : 0.4444444444444444
normalized distance of container 14 : 0.2222222222222222
normalized distance of container 15 : 0.3333333333333333
normalized distance of container 16 : 0.5555555555555556
normalized distance of container 17 : 0.4444444444444444
normalized distance of container 18 : 0.4444444444444444
normalized distance of container 19 : 0.3333333333333333
normalized distance of container 20 : 0.5555555555555556
normalized distance of container 21 : 0.4444444444444444
normalized distance of container 22 : 0.5555555555555556
