Number of initial container : 5
Number of new container : 5
Total number of containers : 10
Level_num : 9
Container_level : [1, 8, 5, 6, 1, 6, 5, 9, 5, 7]
ideal_configuration : 
 [[0. 0. 0. 0. 0. 0.]
 [6. 0. 0. 0. 0. 0.]
 [5. 7. 0. 0. 0. 0.]
 [1. 5. 8. 0. 0. 0.]
 [1. 5. 6. 9. 0. 0.]]
Centroid : {1: (0.0, 0.5), 8: (2.0, 1.0), 5: (0.6666666666666666, 1.0), 6: (1.0, 1.5), 9: (3.0, 0.0), 7: (1.0, 2.0)}
Repeat number : 23
Original weight : [6.91, 21.84, 15.25, 17.48, 5.14, 17.0, 16.22, 23.96, 16.3, 20.01]
Group : [0, 0, 0, 0, 0, 0, 0, 0, 0, 0]
Sequence : [0, 0, 0, 0, 0, 1, 2, 3, 4, 5]
Scroe : [6.91, 21.84, 15.25, 17.48, 5.14, 17.0, 16.22, 23.96, 16.3, 20.01]
Time taken to solve the MIP model : 0.0115 seconds
min_d : 0, max_d : 9
---------------------------------
solution for: IP model
objective: 0
x_0_0_0=1
x_1_2_0=1
x_2_5_0=1
x_3_1_0=1
x_4_4_0=1
x_5_5_1=1
x_6_0_1=1
x_7_4_1=1
x_8_3_0=1
x_9_3_1=1
d_0=0.500
d_1=1.000
d_2=5.333
d_3=1.500
d_4=4.500
d_5=5.000
d_6=1.000
d_7=2.000
d_8=4.000
d_9=3.000
d_x_2=4.333
d_x_4=4.000
d_x_5=4.000
d_x_6=1.000
d_x_7=1.000
d_x_8=3.000
d_x_9=2.000
d_y_0=0.500
d_y_1=1.000
d_y_2=1.000
d_y_3=1.500
d_y_4=0.500
d_y_5=1.000
d_y_7=1.000
d_y_8=1.000
d_y_9=1.000
normalized distance of container 0 : 0.05555555555555555
normalized distance of container 1 : 0.1111111111111111
normalized distance of container 2 : 0.5925925925925926
normalized distance of container 3 : 0.16666666666666666
normalized distance of container 4 : 0.5
normalized distance of container 5 : 0.5555555555555556
normalized distance of container 6 : 0.1111111111111111
normalized distance of container 7 : 0.2222222222222222
normalized distance of container 8 : 0.4444444444444444
normalized distance of container 9 : 0.3333333333333333
