Number of initial container : 5
Number of new container : 5
Total number of containers : 10
Level_num : 9
Container_level : [5, 8, 1, 3, 5, 6, 3, 3, 9, 3]
ideal_configuration : 
 [[0. 0. 0. 0. 0. 0.]
 [5. 0. 0. 0. 0. 0.]
 [3. 6. 0. 0. 0. 0.]
 [3. 3. 8. 0. 0. 0.]
 [1. 3. 5. 9. 0. 0.]]
Centroid : {5: (1.0, 1.5), 8: (2.0, 1.0), 1: (0.0, 0.0), 3: (0.5, 1.0), 6: (1.0, 2.0), 9: (3.0, 0.0)}
Repeat number : 13
Original weight : [15.1, 20.46, 5.75, 9.95, 14.61, 16.95, 10.11, 10.12, 21.6, 9.72]
Group : [0, 0, 0, 0, 0, 0, 0, 0, 0, 0]
Sequence : [0, 0, 0, 0, 0, 1, 2, 3, 4, 5]
Scroe : [15.1, 20.46, 5.75, 9.95, 14.61, 16.95, 10.11, 10.12, 21.6, 9.72]
Time taken to solve the MIP model : 0.0112 seconds
min_d : 0, max_d : 9
---------------------------------
solution for: IP model
objective: 2
x_0_2_0=1
x_1_0_0=1
x_2_2_1=1
x_3_4_0=1
x_4_4_1=1
x_5_4_2=1
x_6_3_0=1
x_7_5_0=1
x_8_5_1=1
x_9_1_0=1
r_2_0=1
r_2_1=1
d_0=2.500
d_1=3.000
d_2=3.000
d_3=4.500
d_4=3.500
d_5=3.000
d_6=4.000
d_7=6.000
d_8=3.000
d_9=2.000
d_x_0=1.000
d_x_1=2.000
d_x_2=2.000
d_x_3=3.500
d_x_4=3.000
d_x_5=3.000
d_x_6=3.000
d_x_7=5.000
d_x_8=2.000
d_x_9=1.000
d_y_0=1.500
d_y_1=1.000
d_y_2=1.000
d_y_3=1.000
d_y_4=0.500
d_y_6=1.000
d_y_7=1.000
d_y_8=1.000
d_y_9=1.000
normalized distance of container 0 : 0.2777777777777778
normalized distance of container 1 : 0.3333333333333333
normalized distance of container 2 : 0.3333333333333333
normalized distance of container 3 : 0.5
normalized distance of container 4 : 0.3888888888888889
normalized distance of container 5 : 0.3333333333333333
normalized distance of container 6 : 0.4444444444444444
normalized distance of container 7 : 0.6666666666666666
normalized distance of container 8 : 0.3333333333333333
normalized distance of container 9 : 0.2222222222222222
