Number of initial container : 5
Number of new container : 5
Total number of containers : 10
Level_num : 9
Container_level : [3, 7, 3, 7, 7, 6, 1, 8, 1, 9]
ideal_configuration : 
 [[0. 0. 0. 0. 0. 0.]
 [7. 0. 0. 0. 0. 0.]
 [3. 7. 0. 0. 0. 0.]
 [1. 6. 8. 0. 0. 0.]
 [1. 3. 7. 9. 0. 0.]]
Centroid : {3: (0.5, 1.0), 7: (1.0, 1.6666666666666667), 6: (1.0, 1.0), 1: (0.0, 0.5), 8: (2.0, 1.0), 9: (3.0, 0.0)}
Repeat number : 25
Original weight : [10.75, 19.01, 11.15, 19.7, 19.9, 16.62, 5.34, 22.17, 5.35, 23.34]
Group : [0, 0, 0, 0, 0, 0, 0, 0, 0, 0]
Sequence : [0, 0, 0, 0, 0, 1, 2, 3, 4, 5]
Scroe : [10.75, 19.01, 11.15, 19.7, 19.9, 16.62, 5.34, 22.17, 5.35, 23.34]
Time taken to solve the MIP model : 0.0105 seconds
min_d : 0, max_d : 9
---------------------------------
solution for: IP model
objective: 0
x_0_3_0=1
x_1_1_0=1
x_2_4_0=1
x_3_4_1=1
x_4_1_1=1
x_5_5_0=1
x_6_0_0=1
x_7_4_2=1
x_8_2_0=1
x_9_3_1=1
d_0=3.500
d_1=1.667
d_2=4.500
d_3=3.667
d_4=0.667
d_5=5.000
d_6=1.000
d_7=3.000
d_8=3.000
d_9=1.000
d_x_0=2.500
d_x_2=3.500
d_x_3=3.000
d_x_5=4.000
d_x_7=2.000
d_x_8=2.000
d_y_0=1.000
d_y_1=1.667
d_y_2=1.000
d_y_3=0.667
d_y_4=0.667
d_y_5=1.000
d_y_6=1.000
d_y_7=1.000
d_y_8=1.000
d_y_9=1.000
normalized distance of container 0 : 0.3888888888888889
normalized distance of container 1 : 0.1851851851851852
normalized distance of container 2 : 0.5
normalized distance of container 3 : 0.40740740740740744
normalized distance of container 4 : 0.07407407407407408
normalized distance of container 5 : 0.5555555555555556
normalized distance of container 6 : 0.1111111111111111
normalized distance of container 7 : 0.3333333333333333
normalized distance of container 8 : 0.3333333333333333
normalized distance of container 9 : 0.1111111111111111
