Number of initial container : 5
Number of new container : 5
Total number of containers : 10
Level_num : 9
Container_level : [3, 8, 9, 6, 1, 6, 4, 5, 5, 8]
ideal_configuration : 
 [[0. 0. 0. 0. 0. 0.]
 [6. 0. 0. 0. 0. 0.]
 [5. 8. 0. 0. 0. 0.]
 [3. 5. 8. 0. 0. 0.]
 [1. 4. 6. 9. 0. 0.]]
Centroid : {3: (0.0, 1.0), 8: (1.5, 1.5), 9: (3.0, 0.0), 6: (1.0, 1.5), 1: (0.0, 0.0), 4: (1.0, 0.0), 5: (0.5, 1.5)}
Repeat number : 26
Original weight : [11.38, 20.69, 22.16, 17.18, 6.92, 17.21, 13.4, 14.85, 14.6, 20.32]
Group : [0, 0, 0, 0, 0, 0, 0, 0, 0, 0]
Sequence : [0, 0, 0, 0, 0, 1, 2, 3, 4, 5]
Scroe : [11.38, 20.69, 22.16, 17.18, 6.92, 17.21, 13.4, 14.85, 14.6, 20.32]
Time taken to solve the MIP model : 0.0117 seconds
min_d : 0, max_d : 9
---------------------------------
solution for: IP model
objective: 0
x_0_4_0=1
x_1_2_0=1
x_2_1_0=1
x_3_5_0=1
x_4_0_0=1
x_5_5_1=1
x_6_4_1=1
x_7_4_2=1
x_8_3_0=1
x_9_5_2=1
d_0=5.000
d_1=2.000
d_2=2.000
d_3=5.500
d_5=5.000
d_6=4.000
d_7=5.000
d_8=5.000
d_9=5.000
d_x_0=4.000
d_x_1=0.500
d_x_2=2.000
d_x_3=4.000
d_x_5=4.000
d_x_6=3.000
d_x_7=4.000
d_x_8=3.000
d_x_9=4.000
d_y_0=1.000
d_y_1=1.500
d_y_3=1.500
d_y_5=1.000
d_y_6=1.000
d_y_7=1.000
d_y_8=2.000
d_y_9=1.000
normalized distance of container 0 : 0.5555555555555556
normalized distance of container 1 : 0.2222222222222222
normalized distance of container 2 : 0.2222222222222222
normalized distance of container 3 : 0.6111111111111112
normalized distance of container 4 : 0.0
normalized distance of container 5 : 0.5555555555555556
normalized distance of container 6 : 0.4444444444444444
normalized distance of container 7 : 0.5555555555555556
normalized distance of container 8 : 0.5555555555555556
normalized distance of container 9 : 0.5555555555555556
