Number of initial container : 5
Number of new container : 5
Total number of containers : 10
Level_num : 9
Container_level : [2, 8, 7, 7, 9, 1, 4, 5, 1, 1]
ideal_configuration : 
 [[0. 0. 0. 0. 0. 0.]
 [7. 0. 0. 0. 0. 0.]
 [2. 7. 0. 0. 0. 0.]
 [1. 4. 8. 0. 0. 0.]
 [1. 1. 5. 9. 0. 0.]]
Centroid : {2: (0.0, 2.0), 8: (2.0, 1.0), 7: (0.5, 2.5), 9: (3.0, 0.0), 1: (0.3333333333333333, 0.3333333333333333), 4: (1.0, 1.0), 5: (2.0, 0.0)}
Repeat number : 15
Original weight : [8.98, 19.05, 18.03, 17.74, 20.64, 5.83, 12.42, 13.75, 5.8, 5.93]
Sequence : [0, 0, 0, 0, 0, 1, 2, 3, 4, 5]
Emergency : [0, 0, 0, 0, 0, 0, 0, 0, 0, 0]
Time taken to solve the MIP model : 0.0108 seconds
min_d : 0, max_d : 9
---------------------------------
solution for: IP model
objective: 2
status: OPTIMAL_SOLUTION(2)
x_0_0_0=1
x_1_5_0=1
x_2_3_0=1
x_3_2_0=1
x_4_4_0=1
x_5_1_0=1
x_6_0_1=1
x_7_0_2=1
x_8_2_1=1
x_9_1_1=1
r_2_0=1
r_2_1=1
d_0=2.000
d_1=4.000
d_2=5.000
d_3=4.000
d_4=1.000
d_5=2.000
d_6=1.000
d_7=4.000
d_8=3.000
d_9=2.000
d_x_1=3.000
d_x_2=2.500
d_x_3=1.500
d_x_4=1.000
d_x_5=1.000
d_x_6=1.000
d_x_7=2.000
d_x_8=2.000
d_x_9=1.000
d_y_0=2.000
d_y_1=1.000
d_y_2=2.500
d_y_3=2.500
d_y_5=1.000
d_y_7=2.000
d_y_8=1.000
d_y_9=1.000
normalized distance of container 0 : 0.2222222222222222
normalized distance of container 1 : 0.4444444444444444
normalized distance of container 2 : 0.5555555555555556
normalized distance of container 3 : 0.4444444444444444
normalized distance of container 4 : 0.1111111111111111
normalized distance of container 5 : 0.2222222222222222
normalized distance of container 6 : 0.1111111111111111
normalized distance of container 7 : 0.4444444444444444
normalized distance of container 8 : 0.3333333333333333
normalized distance of container 9 : 0.2222222222222222
