Number of initial container : 7
Number of new container : 8
Total number of containers : 15
Level_num : 9
Container_level : [7, 1, 6, 3, 2, 9, 4, 8, 8, 2, 5, 3, 4, 2, 6]
ideal_configuration : 
 [[6. 0. 0. 0. 0. 0.]
 [4. 7. 0. 0. 0. 0.]
 [2. 4. 8. 0. 0. 0.]
 [2. 3. 5. 8. 0. 0.]
 [1. 2. 3. 6. 9. 0.]]
Centroid : {7: (1.0, 3.0), 1: (0.0, 0.0), 6: (1.5, 2.0), 3: (1.5, 0.5), 2: (0.3333333333333333, 1.0), 9: (4.0, 0.0), 4: (0.5, 2.5), 8: (2.5, 1.5), 5: (2.0, 1.0)}
Repeat number : 4
Original weight : [19.1, 5.04, 17.01, 10.52, 8.89, 22.91, 12.99, 21.17, 22.66, 8.57, 15.99, 11.43, 12.93, 7.85, 17.55]
Group : [0, 0, 0, 0, 0, 0, 0, 0, 0, 0, 0, 0, 0, 0, 0]
Sequence : [0, 0, 0, 0, 0, 0, 0, 1, 2, 3, 4, 5, 6, 7, 8]
Scroe : [19.1, 5.04, 17.01, 10.52, 8.89, 22.91, 12.99, 21.17, 22.66, 8.57, 15.99, 11.43, 12.93, 7.85, 17.55]
Time taken to solve the MIP model : 0.0224 seconds
min_d : 0, max_d : 9
---------------------------------
solution for: IP model
objective: 3
x_0_3_0=1
x_1_1_0=1
x_2_1_1=1
x_3_5_0=1
x_4_1_2=1
x_5_4_0=1
x_6_1_3=1
x_7_3_1=1
x_8_3_2=1
x_9_2_0=1
x_10_5_1=1
x_11_2_1=1
x_12_2_2=1
x_13_0_0=1
x_14_0_1=1
r_1_1=1
r_1_2=1
r_1_3=1
d_0=5.000
d_1=1.000
d_2=1.500
d_3=4.000
d_4=1.667
d_6=1.000
d_7=2.000
d_8=2.000
d_9=3.000
d_10=3.000
d_11=2.000
d_12=3.000
d_13=2.000
d_14=3.000
d_x_0=2.000
d_x_1=1.000
d_x_2=0.500
d_x_3=3.500
d_x_4=0.667
d_x_6=0.500
d_x_7=1.000
d_x_8=1.000
d_x_9=2.000
d_x_10=3.000
d_x_11=1.000
d_x_12=2.000
d_x_13=1.000
d_x_14=2.000
d_y_0=3.000
d_y_2=1.000
d_y_3=0.500
d_y_4=1.000
d_y_6=0.500
d_y_7=1.000
d_y_8=1.000
d_y_9=1.000
d_y_11=1.000
d_y_12=1.000
d_y_13=1.000
d_y_14=1.000
normalized distance of container 0 : 0.5555555555555556
normalized distance of container 1 : 0.1111111111111111
normalized distance of container 2 : 0.16666666666666666
normalized distance of container 3 : 0.4444444444444444
normalized distance of container 4 : 0.1851851851851852
normalized distance of container 5 : 0.0
normalized distance of container 6 : 0.1111111111111111
normalized distance of container 7 : 0.2222222222222222
normalized distance of container 8 : 0.2222222222222222
normalized distance of container 9 : 0.3333333333333333
normalized distance of container 10 : 0.3333333333333333
normalized distance of container 11 : 0.2222222222222222
normalized distance of container 12 : 0.3333333333333333
normalized distance of container 13 : 0.2222222222222222
normalized distance of container 14 : 0.3333333333333333
