Number of initial container : 7
Number of new container : 8
Total number of containers : 15
Level_num : 9
Container_level : [3, 1, 6, 3, 6, 4, 4, 6, 7, 5, 8, 3, 1, 1, 9]
ideal_configuration : 
 [[6. 0. 0. 0. 0. 0.]
 [4. 6. 0. 0. 0. 0.]
 [3. 4. 7. 0. 0. 0.]
 [1. 3. 5. 8. 0. 0.]
 [1. 1. 3. 6. 9. 0.]]
Centroid : {3: (1.0, 1.0), 1: (0.3333333333333333, 0.3333333333333333), 6: (1.3333333333333333, 2.3333333333333335), 4: (0.5, 2.5), 7: (2.0, 2.0), 5: (2.0, 1.0), 8: (3.0, 1.0), 9: (4.0, 0.0)}
Repeat number : 5
Original weight : [12.12, 6.37, 18.1, 11.75, 17.86, 12.55, 12.74, 16.94, 19.28, 14.92, 21.68, 11.41, 7.49, 5.32, 23.83]
Group : [0, 0, 0, 0, 0, 0, 0, 0, 0, 0, 0, 0, 0, 0, 0]
Sequence : [0, 0, 0, 0, 0, 0, 0, 1, 2, 3, 4, 5, 6, 7, 8]
Scroe : [12.12, 6.37, 18.1, 11.75, 17.86, 12.55, 12.74, 16.94, 19.28, 14.92, 21.68, 11.41, 7.49, 5.32, 23.83]
Time taken to solve the MIP model : 0.0634 seconds
min_d : 0, max_d : 9
---------------------------------
solution for: IP model
objective: 3
x_0_2_0=1
x_1_1_0=1
x_2_3_0=1
x_3_5_0=1
x_4_1_1=1
x_5_5_1=1
x_6_4_0=1
x_7_4_1=1
x_8_3_1=1
x_9_2_1=1
x_10_1_2=1
x_11_0_0=1
x_12_0_1=1
x_13_0_2=1
x_14_5_2=1
r_0_0=1
r_0_1=1
r_0_2=1
d_0=2.000
d_1=1.000
d_2=4.000
d_3=5.000
d_4=1.667
d_5=6.000
d_6=6.000
d_7=5.000
d_8=2.000
d_10=3.000
d_11=2.000
d_12=2.000
d_13=3.000
d_14=3.000
d_x_0=1.000
d_x_1=0.667
d_x_2=1.667
d_x_3=4.000
d_x_4=0.333
d_x_5=4.500
d_x_6=3.500
d_x_7=3.000
d_x_8=1.000
d_x_10=2.000
d_x_11=1.000
d_x_12=1.000
d_x_13=1.000
d_x_14=1.000
d_y_0=1.000
d_y_1=0.333
d_y_2=2.333
d_y_3=1.000
d_y_4=1.333
d_y_5=1.500
d_y_6=2.500
d_y_7=2.000
d_y_8=1.000
d_y_10=1.000
d_y_11=1.000
d_y_12=1.000
d_y_13=2.000
d_y_14=2.000
normalized distance of container 0 : 0.2222222222222222
normalized distance of container 1 : 0.1111111111111111
normalized distance of container 2 : 0.4444444444444444
normalized distance of container 3 : 0.5555555555555556
normalized distance of container 4 : 0.1851851851851852
normalized distance of container 5 : 0.6666666666666666
normalized distance of container 6 : 0.6666666666666666
normalized distance of container 7 : 0.5555555555555556
normalized distance of container 8 : 0.2222222222222222
normalized distance of container 9 : 0.0
normalized distance of container 10 : 0.3333333333333333
normalized distance of container 11 : 0.2222222222222222
normalized distance of container 12 : 0.2222222222222222
normalized distance of container 13 : 0.3333333333333333
normalized distance of container 14 : 0.3333333333333333
