Number of initial container : 7
Number of new container : 8
Total number of containers : 15
Level_num : 9
Container_level : [3, 1, 2, 5, 4, 4, 8, 8, 3, 1, 1, 9, 4, 5, 7]
ideal_configuration : 
 [[5. 0. 0. 0. 0. 0.]
 [4. 7. 0. 0. 0. 0.]
 [2. 4. 8. 0. 0. 0.]
 [1. 3. 4. 8. 0. 0.]
 [1. 1. 3. 5. 9. 0.]]
Centroid : {3: (1.5, 0.5), 1: (0.3333333333333333, 0.3333333333333333), 2: (0.0, 2.0), 5: (1.5, 2.0), 4: (1.0, 2.0), 8: (2.5, 1.5), 9: (4.0, 0.0), 7: (1.0, 3.0)}
Repeat number : 26
Original weight : [12.0, 6.18, 8.05, 14.53, 13.89, 12.34, 21.54, 22.58, 11.92, 6.81, 5.77, 22.62, 14.13, 14.99, 19.61]
Group : [0, 0, 0, 0, 0, 0, 0, 0, 0, 0, 0, 0, 0, 0, 0]
Sequence : [0, 0, 0, 0, 0, 0, 0, 1, 2, 3, 4, 5, 6, 7, 8]
Scroe : [12.0, 6.18, 8.05, 14.53, 13.89, 12.34, 21.54, 22.58, 11.92, 6.81, 5.77, 22.62, 14.13, 14.99, 19.61]
Time taken to solve the MIP model : 0.0247 seconds
min_d : 0, max_d : 9
---------------------------------
solution for: IP model
objective: 3
x_0_1_0=1
x_1_1_1=1
x_2_2_0=1
x_3_4_0=1
x_4_1_2=1
x_5_5_0=1
x_6_4_1=1
x_7_4_2=1
x_8_2_1=1
x_9_0_0=1
x_10_3_0=1
x_11_3_1=1
x_12_0_1=1
x_13_5_1=1
x_14_0_2=1
r_1_0=1
r_1_1=1
r_1_2=1
d_0=1.000
d_1=1.333
d_2=4.000
d_3=4.500
d_5=6.000
d_6=2.000
d_7=3.000
d_8=2.000
d_9=2.000
d_10=4.000
d_11=2.000
d_12=2.000
d_13=5.000
d_14=2.000
d_x_0=0.500
d_x_1=0.667
d_x_2=2.000
d_x_3=2.500
d_x_5=4.000
d_x_6=1.500
d_x_7=2.000
d_x_8=1.000
d_x_9=1.000
d_x_10=3.000
d_x_11=1.000
d_x_12=1.000
d_x_13=4.000
d_x_14=1.000
d_y_0=0.500
d_y_1=0.667
d_y_2=2.000
d_y_3=2.000
d_y_5=2.000
d_y_6=0.500
d_y_7=1.000
d_y_8=1.000
d_y_9=1.000
d_y_10=1.000
d_y_11=1.000
d_y_12=1.000
d_y_13=1.000
d_y_14=1.000
normalized distance of container 0 : 0.1111111111111111
normalized distance of container 1 : 0.14814814814814817
normalized distance of container 2 : 0.4444444444444444
normalized distance of container 3 : 0.5
normalized distance of container 4 : 0.0
normalized distance of container 5 : 0.6666666666666666
normalized distance of container 6 : 0.2222222222222222
normalized distance of container 7 : 0.3333333333333333
normalized distance of container 8 : 0.2222222222222222
normalized distance of container 9 : 0.2222222222222222
normalized distance of container 10 : 0.4444444444444444
normalized distance of container 11 : 0.2222222222222222
normalized distance of container 12 : 0.2222222222222222
normalized distance of container 13 : 0.5555555555555556
normalized distance of container 14 : 0.2222222222222222
