Number of initial container : 0
Number of new container : 25
Total number of containers : 25
Level_num : 9
Container_level : [3, 1, 6, 3, 6, 8, 8, 8, 8, 3, 8, 1, 6, 8, 3, 1, 1, 1, 8, 3, 8, 8, 9, 1, 3]
ideal_configuration : 
 [[3. 8. 8. 9. 0. 0.]
 [3. 3. 8. 8. 0. 0.]
 [1. 3. 6. 8. 8. 0.]
 [1. 1. 3. 6. 8. 8.]
 [1. 1. 1. 3. 6. 8.]]
Centroid : {3: (1.1666666666666667, 2.1666666666666665), 1: (0.6666666666666666, 0.6666666666666666), 6: (3.0, 1.0), 8: (3.2222222222222223, 2.2222222222222223), 9: (3.0, 4.0)}
Repeat number : 15
Original weight : [15.18, 23.33, 11.49, 22.41, 22.57, 16.42, 23.59, 16.91, 16.34, 11.78, 9.39, 21.65, 13.2, 14.66, 12.83, 10.96, 6.75, 6.35, 19.33, 7.03, 11.05, 9.49, 23.94, 12.59, 10.14]
Group : [1, 0, 2, 1, 2, 3, 3, 3, 3, 1, 3, 0, 2, 3, 1, 0, 0, 0, 3, 1, 3, 3, 3, 0, 1]
Sequence : [1, 2, 3, 4, 5, 6, 7, 8, 9, 10, 11, 12, 13, 14, 15, 16, 17, 18, 19, 20, 21, 22, 23, 24, 25]
Scroe : [115.18, 23.33, 211.49, 122.41, 222.57, 316.42, 323.59, 316.91, 316.34, 111.78, 309.39, 21.65, 213.2, 314.66, 112.83, 10.96, 6.75, 6.35, 319.33, 107.03, 311.05, 309.49, 323.94, 12.59, 110.14]
Time taken to solve the MIP model : 3327.7189 seconds
min_d : 0, max_d : 9
---------------------------------
solution for: IP model
objective: 5.7037
x_0_2_0=1
x_1_5_0=1
x_2_3_0=1
x_3_2_1=1
x_4_2_2=1
x_5_2_3=0
x_5_3_1=1
x_6_2_4=0
x_6_3_2=1
x_7_3_1=0
x_7_3_3=1
x_8_3_2=0
x_8_3_4=1
x_9_5_1=1
x_10_2_3=1
x_10_3_3=0
x_11_4_0=1
x_12_4_1=1
x_13_4_2=1
x_14_5_2=1
x_15_0_0=1
x_16_1_0=1
x_17_1_1=1
x_18_4_3=1
x_19_1_2=1
x_20_1_3=0
x_20_2_4=1
x_21_5_3=1
x_22_4_4=1
x_23_0_1=1
x_24_0_2=1
r_1_0=1
r_1_1=1
r_1_2=1
r_1_3=0
r_3_2=1
r_3_3=1
r_3_4=1
d_0=3.000
d_1=5.000
d_2=1.000
d_3=2.000
d_4=2.000
d_5=1.444
d_6=0.444
d_7=1.000
d_8=2.000
d_9=5.000
d_10=2.000
d_11=4.000
d_12=1.000
d_13=1.000
d_14=4.000
d_15=1.333
d_16=1.000
d_17=0.667
d_18=1.556
d_19=0.333
d_20=3.000
d_21=2.556
d_22=1.000
d_23=1.000
d_24=1.333
d_x_0=0.833
d_x_1=4.333
d_x_3=0.833
d_x_4=1.000
d_x_5=0.222
d_x_6=0.222
d_x_7=0.222
d_x_8=0.222
d_x_9=3.833
d_x_10=1.222
d_x_11=3.333
d_x_12=1.000
d_x_13=0.778
d_x_14=3.833
d_x_15=0.667
d_x_16=0.333
d_x_17=0.333
d_x_18=0.778
d_x_19=0.167
d_x_20=1.222
d_x_21=1.778
d_x_22=1.000
d_x_23=0.667
d_x_24=1.167
d_y_0=2.167
d_y_1=0.667
d_y_2=1.000
d_y_3=1.167
d_y_4=1.000
d_y_5=1.222
d_y_6=0.222
d_y_7=0.778
d_y_8=1.778
d_y_9=1.167
d_y_10=0.778
d_y_11=0.667
d_y_12=-0.000
d_y_13=0.222
d_y_14=0.167
d_y_15=0.667
d_y_16=0.667
d_y_17=0.333
d_y_18=0.778
d_y_19=0.167
d_y_20=1.778
d_y_21=0.778
d_y_23=0.333
d_y_24=0.167
normalized distance of container 0 : 0.3333333333333333
normalized distance of container 1 : 0.555555555555555
normalized distance of container 2 : 0.1111111111111111
normalized distance of container 3 : 0.22222222222222154
normalized distance of container 4 : 0.2222222222222222
normalized distance of container 5 : 0.16049433714550917
normalized distance of container 6 : 0.04938506198045524
normalized distance of container 7 : 0.11111151909912381
normalized distance of container 8 : 0.2222207942641773
normalized distance of container 9 : 0.5555555555555549
normalized distance of container 10 : 0.2222213042491936
normalized distance of container 11 : 0.44444444444444314
normalized distance of container 12 : 0.11111111111111091
normalized distance of container 13 : 0.11111111111111056
normalized distance of container 14 : 0.4444444444444435
normalized distance of container 15 : 0.14814814814814628
normalized distance of container 16 : 0.11111111111110876
normalized distance of container 17 : 0.07407407407407221
normalized distance of container 18 : 0.1728395061728392
normalized distance of container 19 : 0.037037037037036584
normalized distance of container 20 : 0.3333333333333333
normalized distance of container 21 : 0.2839506172839274
normalized distance of container 22 : 0.1111111111111111
normalized distance of container 23 : 0.11111111111111309
normalized distance of container 24 : 0.14814814814814706
