Number of initial container : 0
Number of new container : 25
Total number of containers : 25
Level_num : 9
Container_level : [8, 1, 8, 1, 8, 1, 1, 1, 8, 1, 9, 1, 4, 1, 4, 1, 4, 1, 1, 8, 1, 8, 1, 8, 8]
ideal_configuration : 
 [[1. 4. 8. 9. 0. 0.]
 [1. 1. 8. 8. 0. 0.]
 [1. 1. 1. 8. 8. 0.]
 [1. 1. 1. 4. 8. 8.]
 [1. 1. 1. 1. 4. 8.]]
Centroid : {8: (3.5, 2.0), 1: (1.0, 1.4615384615384615), 9: (3.0, 4.0), 4: (2.6666666666666665, 1.6666666666666667)}
Repeat number : 6
Original weight : [22.18, 14.6, 14.33, 16.2, 22.46, 9.07, 21.1, 9.43, 23.45, 11.54, 23.55, 12.54, 13.9, 11.42, 11.56, 17.24, 9.99, 9.12, 9.9, 6.4, 13.95, 8.48, 9.86, 8.84, 23.52]
Group : [2, 0, 2, 0, 2, 0, 0, 0, 2, 0, 2, 0, 1, 0, 1, 0, 1, 0, 0, 2, 0, 2, 0, 2, 2]
Sequence : [1, 2, 3, 4, 5, 6, 7, 8, 9, 10, 11, 12, 13, 14, 15, 16, 17, 18, 19, 20, 21, 22, 23, 24, 25]
Scroe : [222.18, 14.6, 214.33, 16.2, 222.46, 9.07, 21.1, 9.43, 223.45, 11.54, 223.55, 12.54, 113.9, 11.42, 111.56, 17.24, 109.99, 9.12, 9.9, 206.4, 13.95, 208.48, 9.86, 208.84, 223.52]
Time taken to solve the MIP model : 517.7973 seconds
min_d : 0, max_d : 9
---------------------------------
solution for: IP model
objective: 4.18803
x_0_5_0=1
x_1_3_0=1
x_2_3_1=1
x_3_2_0=1
x_4_3_2=1
x_5_0_0=1
x_6_2_1=1
x_7_1_0=1
x_8_3_3=1
x_9_1_1=1
x_10_3_4=1
x_11_1_2=1
x_12_2_2=1
x_13_4_0=1
x_14_4_1=1
x_15_1_3=1
x_16_1_4=1
x_17_0_1=1
x_18_0_2=1
x_19_2_3=1
x_20_0_3=1
x_21_4_2=1
x_22_0_4=1
x_23_4_3=1
x_24_5_1=1
r_0_2=1
r_0_3=1
r_0_4=1
d_0=3.500
d_1=3.462
d_2=1.500
d_3=2.462
d_4=0.500
d_5=2.462
d_6=1.462
d_7=1.462
d_8=1.500
d_9=0.462
d_10=-0.000
d_11=0.538
d_12=1.000
d_13=4.462
d_14=2.000
d_15=1.538
d_16=4.000
d_17=1.462
d_18=1.538
d_19=2.500
d_20=2.538
d_21=0.500
d_22=3.538
d_23=1.500
d_24=2.500
d_x_0=1.500
d_x_1=2.000
d_x_2=0.500
d_x_3=1.000
d_x_4=0.500
d_x_5=1.000
d_x_6=1.000
d_x_8=0.500
d_x_10=-0.000
d_x_12=0.667
d_x_13=3.000
d_x_14=1.333
d_x_16=1.667
d_x_17=1.000
d_x_18=1.000
d_x_19=1.500
d_x_20=1.000
d_x_21=0.500
d_x_22=1.000
d_x_23=0.500
d_x_24=1.500
d_y_0=2.000
d_y_1=1.462
d_y_2=1.000
d_y_3=1.462
d_y_4=-0.000
d_y_5=1.462
d_y_6=0.462
d_y_7=1.462
d_y_8=1.000
d_y_9=0.462
d_y_11=0.538
d_y_12=0.333
d_y_13=1.462
d_y_14=0.667
d_y_15=1.538
d_y_16=2.333
d_y_17=0.462
d_y_18=0.538
d_y_19=1.000
d_y_20=1.538
d_y_22=2.538
d_y_23=1.000
d_y_24=1.000
normalized distance of container 0 : 0.3888888888888889
normalized distance of container 1 : 0.38461538461538464
normalized distance of container 2 : 0.16666666666666646
normalized distance of container 3 : 0.27350427350427353
normalized distance of container 4 : 0.05555555555555548
normalized distance of container 5 : 0.27350427350427353
normalized distance of container 6 : 0.16239316239316237
normalized distance of container 7 : 0.16239316239316237
normalized distance of container 8 : 0.16666666666666663
normalized distance of container 9 : 0.05128205128205127
normalized distance of container 10 : -4.9343245538895844e-17
normalized distance of container 11 : 0.059829059829058825
normalized distance of container 12 : 0.1111111111111105
normalized distance of container 13 : 0.49572649572649574
normalized distance of container 14 : 0.2222222222222217
normalized distance of container 15 : 0.17094017094016997
normalized distance of container 16 : 0.4444444444444439
normalized distance of container 17 : 0.16239316239316237
normalized distance of container 18 : 0.17094017094016994
normalized distance of container 19 : 0.2777777777777778
normalized distance of container 20 : 0.28205128205128105
normalized distance of container 21 : 0.05555555555555528
normalized distance of container 22 : 0.39316239316239215
normalized distance of container 23 : 0.16666666666666646
normalized distance of container 24 : 0.27777777777777796
