Number of initial container : 0
Number of new container : 25
Total number of containers : 25
Level_num : 9
Container_level : [6, 6, 1, 3, 6, 9, 8, 8, 8, 1, 3, 1, 3, 8, 6, 8, 8, 6, 6, 6, 8, 3, 8, 8, 6]
ideal_configuration : 
 [[6. 8. 8. 9. 0. 0.]
 [3. 6. 8. 8. 0. 0.]
 [3. 6. 6. 8. 8. 0.]
 [1. 3. 6. 6. 8. 8.]
 [1. 1. 3. 6. 6. 8.]]
Centroid : {6: (2.0, 1.625), 1: (0.3333333333333333, 0.3333333333333333), 3: (0.75, 1.5), 9: (3.0, 4.0), 8: (3.2222222222222223, 2.2222222222222223)}
Repeat number : 19
Original weight : [12.15, 15.54, 7.37, 9.98, 16.01, 23.6, 20.39, 22.82, 16.89, 10.5, 5.68, 7.11, 10.51, 6.43, 22.77, 7.78, 7.78, 20.17, 10.62, 22.51, 9.54, 8.58, 11.0, 11.89, 14.18]
Group : [2, 2, 0, 1, 2, 3, 3, 3, 3, 0, 1, 0, 1, 3, 2, 3, 3, 2, 2, 2, 3, 1, 3, 3, 2]
Sequence : [1, 2, 3, 4, 5, 6, 7, 8, 9, 10, 11, 12, 13, 14, 15, 16, 17, 18, 19, 20, 21, 22, 23, 24, 25]
Scroe : [212.15, 215.54, 7.37, 109.98, 216.01, 323.6, 320.39, 322.82, 316.89, 10.5, 105.68, 7.11, 110.51, 306.43, 222.77, 307.78, 307.78, 220.17000000000002, 210.62, 222.51, 309.54, 108.58, 311.0, 311.89, 214.18]
Time taken to solve the MIP model : 548.1765 seconds
min_d : 0, max_d : 9
---------------------------------
solution for: IP model
objective: 4.0571
x_0_3_0=1
x_1_3_1=1
x_2_0_0=1
x_3_1_0=1
x_4_5_0=1
x_5_3_2=1
x_6_5_1=1
x_7_5_2=1
x_8_3_3=1
x_9_0_1=1
x_10_0_2=1
x_11_2_0=1
x_12_1_1=1
x_13_3_4=1
x_14_4_0=1
x_15_4_1=1
x_16_4_2=1
x_17_2_1=1
x_18_1_2=1
x_19_2_2=1
x_20_4_3=1
x_21_0_3=1
x_22_2_3=1
x_23_4_4=1
x_24_1_3=1
r_3_2=1
r_3_3=1
r_3_4=1
d_0=2.625
d_1=1.625
d_2=0.667
d_3=1.750
d_4=4.625
d_5=2.000
d_6=3.000
d_7=2.000
d_8=1.000
d_9=1.000
d_10=1.250
d_11=2.000
d_12=0.750
d_13=2.000
d_14=3.625
d_15=2.000
d_16=1.000
d_17=0.625
d_18=1.375
d_19=0.375
d_20=1.556
d_21=2.250
d_22=2.000
d_23=2.556
d_24=2.375
d_x_0=1.000
d_x_1=1.000
d_x_2=0.333
d_x_3=0.250
d_x_4=3.000
d_x_6=1.778
d_x_7=1.778
d_x_8=0.222
d_x_9=0.333
d_x_10=0.750
d_x_11=1.667
d_x_12=0.250
d_x_13=0.222
d_x_14=2.000
d_x_15=0.778
d_x_16=0.778
d_x_18=1.000
d_x_20=0.778
d_x_21=0.750
d_x_22=1.222
d_x_23=0.778
d_x_24=1.000
d_y_0=1.625
d_y_1=0.625
d_y_2=0.333
d_y_3=1.500
d_y_4=1.625
d_y_5=2.000
d_y_6=1.222
d_y_7=0.222
d_y_8=0.778
d_y_9=0.667
d_y_10=0.500
d_y_11=0.333
d_y_12=0.500
d_y_13=1.778
d_y_14=1.625
d_y_15=1.222
d_y_16=0.222
d_y_17=0.625
d_y_18=0.375
d_y_19=0.375
d_y_20=0.778
d_y_21=1.500
d_y_22=0.778
d_y_23=1.778
d_y_24=1.375
normalized distance of container 0 : 0.2916666666666667
normalized distance of container 1 : 0.18055555555555555
normalized distance of container 2 : 0.07407407407407371
normalized distance of container 3 : 0.19444444444444406
normalized distance of container 4 : 0.5138888888888888
normalized distance of container 5 : 0.2222222222222222
normalized distance of container 6 : 0.33333333333333304
normalized distance of container 7 : 0.2222222222222222
normalized distance of container 8 : 0.11111111111111081
normalized distance of container 9 : 0.11111111111111056
normalized distance of container 10 : 0.13888888888888848
normalized distance of container 11 : 0.22222222222222093
normalized distance of container 12 : 0.08333333333333175
normalized distance of container 13 : 0.22222222222222193
normalized distance of container 14 : 0.4027777777777778
normalized distance of container 15 : 0.22222222222222193
normalized distance of container 16 : 0.11111111111111081
normalized distance of container 17 : 0.06944444444444445
normalized distance of container 18 : 0.15277777777777699
normalized distance of container 19 : 0.04166666666666588
normalized distance of container 20 : 0.1728395061728395
normalized distance of container 21 : 0.24999999999999842
normalized distance of container 22 : 0.22222222222222232
normalized distance of container 23 : 0.2839506172839506
normalized distance of container 24 : 0.26388888888888806
