Number of initial container : 0
Number of new container : 25
Total number of containers : 25
Level_num : 9
Container_level : [3, 1, 8, 3, 6, 3, 1, 3, 3, 6, 1, 8, 6, 8, 9, 8, 8, 8, 6, 8, 1, 3, 8, 6, 1]
ideal_configuration : 
 [[3. 6. 8. 9. 0. 0.]
 [3. 6. 8. 8. 0. 0.]
 [1. 3. 6. 8. 8. 0.]
 [1. 1. 3. 6. 8. 8.]
 [1. 1. 3. 3. 6. 8.]]
Centroid : {3: (1.3333333333333333, 1.6666666666666667), 1: (0.4, 0.8), 8: (3.5, 2.0), 6: (2.2, 2.0), 9: (3.0, 4.0)}
Repeat number : 8
Original weight : [13.02, 11.86, 17.22, 19.39, 22.51, 10.71, 16.35, 20.81, 23.54, 5.63, 19.28, 14.7, 23.91, 5.24, 21.14, 5.52, 13.66, 15.38, 10.15, 7.37, 20.11, 24.0, 21.03, 23.81, 17.64]
Group : [1, 0, 3, 1, 2, 1, 0, 1, 1, 2, 0, 3, 2, 3, 3, 3, 3, 3, 2, 3, 0, 1, 3, 2, 0]
Sequence : [1, 2, 3, 4, 5, 6, 7, 8, 9, 10, 11, 12, 13, 14, 15, 16, 17, 18, 19, 20, 21, 22, 23, 24, 25]
Scroe : [113.02, 11.86, 317.22, 119.39, 222.51, 110.71000000000001, 16.35, 120.81, 123.53999999999999, 205.63, 19.28, 314.7, 223.91, 305.24, 321.14, 305.52, 313.66, 315.38, 210.15, 307.37, 20.11, 124.0, 321.03, 223.81, 17.64]
Time taken to solve the MIP model : 7.5470 seconds
min_d : 0, max_d : 9
---------------------------------
solution for: IP model
objective: 2.78519
x_0_5_0=1
x_1_0_0=1
x_2_5_1=1
x_3_4_0=1
x_4_4_1=1
x_5_3_0=1
x_6_0_1=1
x_7_2_0=1
x_8_2_1=1
x_9_2_2=1
x_10_1_0=1
x_11_4_2=1
x_12_3_1=1
x_13_3_2=1
x_14_5_2=1
x_15_3_3=1
x_16_3_4=1
x_17_4_3=1
x_18_2_3=1
x_19_2_4=1
x_20_1_1=1
x_21_1_2=1
x_22_4_4=1
x_23_1_3=1
x_24_0_2=1
d_0=5.333
d_1=1.200
d_2=2.500
d_3=4.333
d_4=2.800
d_5=3.333
d_6=0.600
d_7=2.333
d_8=1.333
d_9=0.200
d_10=1.400
d_11=0.500
d_12=1.800
d_13=0.500
d_14=4.000
d_15=1.500
d_16=2.500
d_17=1.500
d_18=1.200
d_19=3.500
d_20=0.800
d_21=0.667
d_22=2.500
d_23=2.200
d_24=1.600
d_x_0=3.667
d_x_1=0.400
d_x_2=1.500
d_x_3=2.667
d_x_4=1.800
d_x_5=1.667
d_x_6=0.400
d_x_7=0.667
d_x_8=0.667
d_x_9=0.200
d_x_10=0.600
d_x_11=0.500
d_x_12=0.800
d_x_13=0.500
d_x_14=2.000
d_x_15=0.500
d_x_16=0.500
d_x_17=0.500
d_x_18=0.200
d_x_19=1.500
d_x_20=0.600
d_x_21=0.333
d_x_22=0.500
d_x_23=1.200
d_x_24=0.400
d_y_0=1.667
d_y_1=0.800
d_y_2=1.000
d_y_3=1.667
d_y_4=1.000
d_y_5=1.667
d_y_6=0.200
d_y_7=1.667
d_y_8=0.667
d_y_10=0.800
d_y_12=1.000
d_y_14=2.000
d_y_15=1.000
d_y_16=2.000
d_y_17=1.000
d_y_18=1.000
d_y_19=2.000
d_y_20=0.200
d_y_21=0.333
d_y_22=2.000
d_y_23=1.000
d_y_24=1.200
normalized distance of container 0 : 0.5925925925925924
normalized distance of container 1 : 0.133333333333333
normalized distance of container 2 : 0.2777777777777778
normalized distance of container 3 : 0.48148148148148123
normalized distance of container 4 : 0.3111111111111111
normalized distance of container 5 : 0.37037037037036974
normalized distance of container 6 : 0.06666666666666449
normalized distance of container 7 : 0.25925925925925825
normalized distance of container 8 : 0.1481481481481471
normalized distance of container 9 : 0.022222222222221352
normalized distance of container 10 : 0.15555555555555556
normalized distance of container 11 : 0.05555555555555536
normalized distance of container 12 : 0.19999999999999998
normalized distance of container 13 : 0.05555555555555555
normalized distance of container 14 : 0.4444444444444444
normalized distance of container 15 : 0.16666666666666646
normalized distance of container 16 : 0.27777777777777757
normalized distance of container 17 : 0.16666666666666646
normalized distance of container 18 : 0.13333333333333247
normalized distance of container 19 : 0.3888888888888887
normalized distance of container 20 : 0.0888888888888884
normalized distance of container 21 : 0.07407407407407342
normalized distance of container 22 : 0.27777777777777757
normalized distance of container 23 : 0.24444444444444435
normalized distance of container 24 : 0.1777777777777764
