Number of initial container : 0
Number of new container : 20
Total number of containers : 20
Level_num : 9
Container_level : [3, 8, 1, 9, 8, 8, 1, 3, 3, 1, 8, 1, 3, 1, 1, 1, 1, 6, 8, 1]
ideal_configuration : 
 [[3. 8. 0. 0. 0. 0.]
 [1. 3. 8. 0. 0. 0.]
 [1. 1. 3. 8. 0. 0.]
 [1. 1. 1. 6. 8. 0.]
 [1. 1. 1. 3. 8. 9.]]
Centroid : {3: (1.5, 2.25), 8: (2.8, 2.0), 1: (0.7777777777777778, 1.1111111111111112), 9: (5.0, 0.0), 6: (3.0, 1.0)}
Repeat number : 14
Original weight : [17.8, 5.58, 20.24, 22.75, 15.6, 8.41, 8.97, 14.11, 11.07, 22.6, 6.12, 21.61, 7.89, 21.86, 23.81, 16.69, 16.03, 12.58, 22.55, 14.02]
Group : [1, 3, 0, 3, 3, 3, 0, 1, 1, 0, 3, 0, 1, 0, 0, 0, 0, 2, 3, 0]
Sequence : [1, 2, 3, 4, 5, 6, 7, 8, 9, 10, 11, 12, 13, 14, 15, 16, 17, 18, 19, 20]
Scroe : [117.8, 305.58, 20.24, 322.75, 315.6, 308.41, 8.97, 114.11, 111.07, 22.6, 306.12, 21.61, 107.89, 21.86, 23.81, 16.69, 16.03, 212.58, 322.55, 14.02]
Time taken to solve the MIP model : 374.3512 seconds
min_d : 0, max_d : 9
---------------------------------
solution for: IP model
objective: 4.96296
x_0_3_0=1
x_1_3_1=1
x_2_2_0=1
x_3_5_0=1
x_4_3_2=1
x_5_3_3=1
x_6_0_0=1
x_7_4_0=1
x_8_1_0=1
x_9_2_1=1
x_10_4_1=1
x_11_0_1=1
x_12_2_2=1
x_13_0_2=1
x_14_0_3=1
x_15_1_1=1
x_16_1_2=1
x_17_2_3=1
x_18_4_2=1
x_19_1_3=1
r_1_0=1
r_1_1=1
r_1_2=1
r_1_3=1
r_3_2=1
r_3_3=1
d_0=3.750
d_1=1.200
d_2=2.333
d_4=0.200
d_5=1.200
d_6=1.889
d_7=4.750
d_8=2.750
d_9=1.333
d_10=2.200
d_11=0.889
d_12=0.750
d_13=1.667
d_14=2.667
d_15=0.333
d_16=1.111
d_17=3.000
d_18=1.200
d_19=2.111
d_x_0=1.500
d_x_1=0.200
d_x_2=1.222
d_x_4=0.200
d_x_5=0.200
d_x_6=0.778
d_x_7=2.500
d_x_8=0.500
d_x_9=1.222
d_x_10=1.200
d_x_11=0.778
d_x_12=0.500
d_x_13=0.778
d_x_14=0.778
d_x_15=0.222
d_x_16=0.222
d_x_17=1.000
d_x_18=1.200
d_x_19=0.222
d_y_0=2.250
d_y_1=1.000
d_y_2=1.111
d_y_5=1.000
d_y_6=1.111
d_y_7=2.250
d_y_8=2.250
d_y_9=0.111
d_y_10=1.000
d_y_11=0.111
d_y_12=0.250
d_y_13=0.889
d_y_14=1.889
d_y_15=0.111
d_y_16=0.889
d_y_17=2.000
d_y_19=1.889
normalized distance of container 0 : 0.4166666666666667
normalized distance of container 1 : 0.13333333333333316
normalized distance of container 2 : 0.2592592592592588
normalized distance of container 3 : 0.0
normalized distance of container 4 : 0.022222222222221748
normalized distance of container 5 : 0.13333333333333286
normalized distance of container 6 : 0.20987654320987653
normalized distance of container 7 : 0.527777777777777
normalized distance of container 8 : 0.3055555555555551
normalized distance of container 9 : 0.14814814814814603
normalized distance of container 10 : 0.24444444444444446
normalized distance of container 11 : 0.09876543209876393
normalized distance of container 12 : 0.08333333333333254
normalized distance of container 13 : 0.18518518518518368
normalized distance of container 14 : 0.29629629629629367
normalized distance of container 15 : 0.03703703703703536
normalized distance of container 16 : 0.12345679012345395
normalized distance of container 17 : 0.3333333333333333
normalized distance of container 18 : 0.13333333333333336
normalized distance of container 19 : 0.23456790123456508
