Number of initial container : 10
Number of new container : 5
Total number of containers : 15
Level_num : 9
Container_level : [6, 1, 3, 3, 1, 4, 7, 3, 8, 1, 9, 4, 5, 5, 8]
ideal_configuration : 
 [[6. 0. 0. 0. 0. 0.]
 [4. 7. 0. 0. 0. 0.]
 [3. 4. 8. 0. 0. 0.]
 [1. 3. 5. 8. 0. 0.]
 [1. 1. 3. 5. 9. 0.]]
Centroid : {6: (0.0, 4.0), 1: (0.3333333333333333, 0.3333333333333333), 3: (1.0, 1.0), 4: (0.5, 2.5), 7: (1.0, 3.0), 8: (2.5, 1.5), 9: (4.0, 0.0), 5: (2.5, 0.5)}
Repeat number : 15
Original weight : [19.58, 11.84, 15.19, 13.93, 11.77, 15.75, 21.1, 14.59, 23.82, 10.58, 23.95, 16.61, 17.31, 18.86, 23.92]
Sequence : [0, 0, 0, 0, 0, 0, 0, 0, 0, 0, 1, 2, 3, 4, 5]
Emergency : [0, 0, 0, 0, 0, 0, 0, 0, 0, 0, 0, 0, 0, 0, 0]
Time taken to solve the MIP model : 0.0321 seconds
min_d : 0, max_d : 9
---------------------------------
solution for: IP model
objective: 7.03704
status: OPTIMAL_SOLUTION(2)
x_0_3_0=1
x_1_1_0=1
x_2_1_1=1
x_3_3_1=1
x_4_1_2=1
x_5_4_0=1
x_6_2_0=1
x_7_4_1=1
x_8_1_3=1
x_9_4_2=1
x_10_5_0=1
x_11_0_0=1
x_12_0_1=1
x_13_0_2=1
x_14_2_1=1
r_1_0=1
r_1_1=1
r_1_2=1
r_1_3=1
r_3_0=1
r_3_1=1
r_4_0=1
r_4_1=1
r_4_2=1
d_0=7.000
d_1=1.000
d_3=2.000
d_4=2.333
d_5=6.000
d_6=4.000
d_7=3.000
d_8=3.000
d_9=5.333
d_10=1.000
d_11=3.000
d_12=3.000
d_13=4.000
d_14=1.000
d_x_0=3.000
d_x_1=0.667
d_x_3=2.000
d_x_4=0.667
d_x_5=3.500
d_x_6=1.000
d_x_7=3.000
d_x_8=1.500
d_x_9=3.667
d_x_10=1.000
d_x_11=0.500
d_x_12=2.500
d_x_13=2.500
d_x_14=0.500
d_y_0=4.000
d_y_1=0.333
d_y_4=1.667
d_y_5=2.500
d_y_6=3.000
d_y_8=1.500
d_y_9=1.667
d_y_11=2.500
d_y_12=0.500
d_y_13=1.500
d_y_14=0.500
normalized distance of container 0 : 0.7777777777777778
normalized distance of container 1 : 0.1111111111111111
normalized distance of container 2 : 0.0
normalized distance of container 3 : 0.2222222222222222
normalized distance of container 4 : 0.2592592592592593
normalized distance of container 5 : 0.6666666666666666
normalized distance of container 6 : 0.4444444444444444
normalized distance of container 7 : 0.3333333333333333
normalized distance of container 8 : 0.3333333333333333
normalized distance of container 9 : 0.5925925925925926
normalized distance of container 10 : 0.1111111111111111
normalized distance of container 11 : 0.33333333333333254
normalized distance of container 12 : 0.33333333333333254
normalized distance of container 13 : 0.4444444444444444
normalized distance of container 14 : 0.11111111111111033
