Number of initial container : 0
Number of new container : 15
Total number of containers : 15
Level_num : 9
Container_level : [3, 4, 1, 1, 6, 9, 1, 2, 8, 5, 7, 3, 2, 7, 7]
ideal_configuration : 
 [[7. 0. 0. 0. 0. 0.]
 [3. 7. 0. 0. 0. 0.]
 [2. 4. 7. 0. 0. 0.]
 [1. 2. 5. 8. 0. 0.]
 [1. 1. 3. 6. 9. 0.]]
Centroid : {3: (1.0, 1.5), 4: (1.0, 2.0), 1: (0.3333333333333333, 0.3333333333333333), 6: (3.0, 0.0), 9: (4.0, 0.0), 2: (0.5, 1.5), 8: (3.0, 1.0), 5: (2.0, 1.0), 7: (1.0, 3.0)}
Repeat number : 25
Original weight : [13.3, 15.09, 7.28, 9.14, 18.66, 23.42, 9.12, 9.87, 23.08, 16.44, 19.62, 12.9, 10.99, 19.99, 19.43]
Sequence : [1, 2, 3, 4, 5, 6, 7, 8, 9, 10, 11, 12, 13, 14, 15]
Emergency : [0, 0, 0, 0, 0, 0, 0, 0, 0, 0, 0, 0, 0, 0, 0]
Time taken to solve the MIP model : 0.0270 seconds
min_d : 0, max_d : 9
---------------------------------
solution for: IP model
objective: 1.2963
status: OPTIMAL_SOLUTION(2)
x_0_1_0=1
x_1_1_1=1
x_2_0_0=1
x_3_2_0=1
x_4_3_0=1
x_5_4_0=1
x_6_0_1=1
x_7_0_2=1
x_8_3_1=1
x_9_2_1=1
x_10_0_3=1
x_11_1_2=1
x_12_2_2=1
x_13_2_3=1
x_14_1_3=1
r_1_0=1
r_1_1=1
r_1_2=1
r_1_3=1
r_2_1=1
r_2_2=1
r_2_3=1
r_3_1=1
d_0=1.500
d_1=1.000
d_2=0.667
d_3=2.000
d_6=1.000
d_7=1.000
d_10=1.000
d_11=0.500
d_12=2.000
d_13=1.000
d_x_2=0.333
d_x_3=1.667
d_x_6=0.333
d_x_7=0.500
d_x_10=1.000
d_x_12=1.500
d_x_13=1.000
d_y_0=1.500
d_y_1=1.000
d_y_2=0.333
d_y_3=0.333
d_y_6=0.667
d_y_7=0.500
d_y_11=0.500
d_y_12=0.500
normalized distance of container 0 : 0.16666666666666666
normalized distance of container 1 : 0.1111111111111111
normalized distance of container 2 : 0.07407407407407374
normalized distance of container 3 : 0.22222222222222038
normalized distance of container 4 : 0.0
normalized distance of container 5 : 0.0
normalized distance of container 6 : 0.11111111111110716
normalized distance of container 7 : 0.11111111111110875
normalized distance of container 8 : 0.0
normalized distance of container 9 : 0.0
normalized distance of container 10 : 0.1111111111111111
normalized distance of container 11 : 0.05555555555555477
normalized distance of container 12 : 0.22222222222221985
normalized distance of container 13 : 0.1111111111111111
normalized distance of container 14 : 0.0
