Number of initial container : 3
Number of new container : 7
Total number of containers : 10
Level_num : 9
Container_level : [8, 3, 4, 5, 1, 5, 8, 6, 9, 1]
ideal_configuration : 
 [[0. 0. 0. 0. 0. 0.]
 [6. 0. 0. 0. 0. 0.]
 [4. 8. 0. 0. 0. 0.]
 [1. 5. 8. 0. 0. 0.]
 [1. 3. 5. 9. 0. 0.]]
Centroid : {8: (1.5, 1.5), 3: (1.0, 0.0), 4: (0.0, 2.0), 5: (1.5, 0.5), 1: (0.0, 0.5), 6: (0.0, 3.0), 9: (3.0, 0.0)}
Repeat number : 25
Original weight : [21.4, 12.01, 14.68, 16.11, 7.88, 15.42, 19.95, 17.9, 21.61, 8.22]
Group : [0, 0, 0, 0, 0, 0, 0, 0, 0, 0]
Sequence : [0, 0, 0, 1, 2, 3, 4, 5, 6, 7]
Scroe : [21.4, 12.01, 14.68, 16.11, 7.88, 15.42, 19.95, 17.9, 21.61, 8.22]
Time taken to solve the MIP model : 0.0197 seconds
min_d : 0, max_d : 9
---------------------------------
solution for: IP model
objective: 0.944444
x_0_4_0=1
x_1_0_0=1
x_2_2_0=1
x_3_0_1=1
x_4_1_0=1
x_5_2_1=1
x_6_2_2=1
x_7_0_2=1
x_8_3_0=1
x_9_1_1=1
d_0=4.000
d_1=1.000
d_2=4.000
d_3=2.000
d_4=1.500
d_5=1.000
d_6=1.000
d_7=1.000
d_9=1.500
d_x_0=2.500
d_x_1=1.000
d_x_2=2.000
d_x_3=1.500
d_x_4=1.000
d_x_5=0.500
d_x_6=0.500
d_x_9=1.000
d_y_0=1.500
d_y_2=2.000
d_y_3=0.500
d_y_4=0.500
d_y_5=0.500
d_y_6=0.500
d_y_7=1.000
d_y_9=0.500
normalized distance of container 0 : 0.4444444444444444
normalized distance of container 1 : 0.1111111111111111
normalized distance of container 2 : 0.4444444444444444
normalized distance of container 3 : 0.22222222222222218
normalized distance of container 4 : 0.16666666666666646
normalized distance of container 5 : 0.11111111111110993
normalized distance of container 6 : 0.11111111111110993
normalized distance of container 7 : 0.1111111111111111
normalized distance of container 8 : 0.0
normalized distance of container 9 : 0.16666666666666508
