Number of initial container : 3
Number of new container : 7
Total number of containers : 10
Level_num : 9
Container_level : [5, 1, 4, 7, 7, 7, 9, 7, 2, 3]
ideal_configuration : 
 [[0. 0. 0. 0. 0. 0.]
 [7. 0. 0. 0. 0. 0.]
 [4. 7. 0. 0. 0. 0.]
 [2. 5. 7. 0. 0. 0.]
 [1. 3. 7. 9. 0. 0.]]
Centroid : {5: (1.0, 1.0), 1: (0.0, 0.0), 4: (0.0, 2.0), 7: (1.25, 1.5), 9: (3.0, 0.0), 2: (0.0, 1.0), 3: (1.0, 0.0)}
Repeat number : 23
Original weight : [13.99, 6.33, 13.07, 18.86, 18.73, 17.46, 20.9, 18.02, 8.67, 10.99]
Group : [0, 0, 0, 0, 0, 0, 0, 0, 0, 0]
Sequence : [0, 0, 0, 1, 2, 3, 4, 5, 6, 7]
Scroe : [13.99, 6.33, 13.07, 18.86, 18.73, 17.46, 20.9, 18.02, 8.67, 10.99]
Time taken to solve the MIP model : 0.0628 seconds
min_d : 0, max_d : 9
---------------------------------
solution for: IP model
objective: 2.30556
x_0_3_0=1
x_1_3_1=1
x_2_0_0=1
x_3_5_0=1
x_4_0_1=1
x_5_2_0=1
x_6_4_0=1
x_7_2_1=1
x_8_1_0=1
x_9_1_1=1
r_3_0=1
r_3_1=1
r_3_2=-0
d_0=3.000
d_1=4.000
d_2=2.000
d_3=5.250
d_4=1.750
d_5=2.250
d_6=1.000
d_7=1.250
d_8=2.000
d_9=1.000
d_x_0=2.000
d_x_1=3.000
d_x_3=3.750
d_x_4=1.250
d_x_5=0.750
d_x_6=1.000
d_x_7=0.750
d_x_8=1.000
d_y_0=1.000
d_y_1=1.000
d_y_2=2.000
d_y_3=1.500
d_y_4=0.500
d_y_5=1.500
d_y_7=0.500
d_y_8=1.000
d_y_9=1.000
normalized distance of container 0 : 0.3333333333333333
normalized distance of container 1 : 0.4444444444444444
normalized distance of container 2 : 0.2222222222222222
normalized distance of container 3 : 0.5833333333333331
normalized distance of container 4 : 0.19444444444444445
normalized distance of container 5 : 0.24999999999999922
normalized distance of container 6 : 0.1111111111111111
normalized distance of container 7 : 0.1388888888888881
normalized distance of container 8 : 0.2222222222222222
normalized distance of container 9 : 0.1111111111111111
