Number of initial container : 3
Number of new container : 7
Total number of containers : 10
Level_num : 9
Container_level : [1, 3, 2, 6, 3, 9, 8, 7, 1, 7]
ideal_configuration : 
 [[0. 0. 0. 0. 0. 0.]
 [7. 0. 0. 0. 0. 0.]
 [3. 7. 0. 0. 0. 0.]
 [1. 3. 8. 0. 0. 0.]
 [1. 2. 6. 9. 0. 0.]]
Centroid : {1: (0.0, 0.5), 3: (0.5, 1.5), 2: (1.0, 0.0), 6: (2.0, 0.0), 9: (3.0, 0.0), 8: (2.0, 1.0), 7: (0.5, 2.5)}
Repeat number : 6
Original weight : [6.3, 11.6, 8.51, 17.65, 10.29, 21.8, 21.75, 17.96, 7.09, 18.59]
Sequence : [0, 0, 0, 1, 2, 3, 4, 5, 6, 7]
Emergency : [0, 0, 0, 0, 0, 0, 0, 0, 0, 0]
Time taken to solve the MIP model : 0.0256 seconds
min_d : 0, max_d : 9
---------------------------------
solution for: IP model
objective: 1
status: OPTIMAL_SOLUTION(2)
x_0_3_0=1
x_1_4_0=1
x_2_2_0=1
x_3_2_1=1
x_4_1_0=1
x_5_3_1=1
x_6_2_2=1
x_7_1_1=1
x_8_0_0=1
x_9_1_2=1
d_0=3.500
d_1=5.000
d_2=1.000
d_3=1.000
d_4=2.000
d_5=1.000
d_6=1.000
d_7=2.000
d_8=0.500
d_9=1.000
d_x_0=3.000
d_x_1=3.500
d_x_2=1.000
d_x_4=0.500
d_x_7=0.500
d_x_9=0.500
d_y_0=0.500
d_y_1=1.500
d_y_3=1.000
d_y_4=1.500
d_y_5=1.000
d_y_6=1.000
d_y_7=1.500
d_y_8=0.500
d_y_9=0.500
normalized distance of container 0 : 0.3888888888888889
normalized distance of container 1 : 0.5555555555555556
normalized distance of container 2 : 0.1111111111111111
normalized distance of container 3 : 0.1111111111111111
normalized distance of container 4 : 0.22222222222222143
normalized distance of container 5 : 0.1111111111111111
normalized distance of container 6 : 0.1111111111111111
normalized distance of container 7 : 0.22222222222222066
normalized distance of container 8 : 0.05555555555555398
normalized distance of container 9 : 0.11111111111110913
