Number of initial container : 0
Number of new container : 20
Total number of containers : 20
Level_num : 9
Container_level : [3, 3, 3, 6, 1, 8, 7, 1, 7, 2, 6, 7, 3, 8, 1, 7, 5, 8, 9, 6]
ideal_configuration : 
 [[7. 0. 0. 0. 0. 0. 0. 0. 0. 0.]
 [6. 8. 0. 0. 0. 0. 0. 0. 0. 0.]
 [3. 6. 8. 0. 0. 0. 0. 0. 0. 0.]
 [2. 3. 7. 8. 0. 0. 0. 0. 0. 0.]
 [1. 3. 5. 7. 9. 0. 0. 0. 0. 0.]
 [1. 1. 3. 6. 7. 0. 0. 0. 0. 0.]]
Centroid : {3: (2.0, 1.5), 6: (2.3333333333333335, 2.3333333333333335), 1: (1.3333333333333333, 0.3333333333333333), 8: (3.0, 3.0), 7: (3.25, 2.0), 2: (1.0, 2.0), 5: (3.0, 1.0), 9: (5.0, 1.0)}
Repeat number : 21
Original weight : [10.07, 11.59, 10.9, 17.94, 5.04, 21.34, 20.99, 6.68, 18.91, 7.56, 16.72, 18.89, 10.49, 22.35, 5.93, 19.01, 15.25, 22.43, 23.32, 17.3]
Group : [0, 0, 0, 0, 0, 0, 0, 0, 0, 0, 0, 0, 0, 0, 0, 0, 0, 0, 0, 0]
Sequence : [1, 2, 3, 4, 5, 6, 7, 8, 9, 10, 11, 12, 13, 14, 15, 16, 17, 18, 19, 20]
Scroe : [10.07, 11.59, 10.9, 17.94, 5.04, 21.34, 20.99, 6.68, 18.91, 7.56, 16.72, 18.89, 10.49, 22.35, 5.93, 19.01, 15.25, 22.43, 23.32, 17.3]
Time taken to solve the MIP model : 0.1373 seconds
---------------------------------
solution for: IP model
objective: 0
x_1_9_0=1
x_2_10_0=1
x_3_3_0=1
x_4_5_0=1
x_5_1_0=1
x_6_6_0=1
x_7_7_0=1
x_8_1_1=1
x_9_8_0=1
x_10_2_0=1
x_11_1_2=1
x_12_5_1=1
x_13_2_1=1
x_14_9_1=1
x_15_4_0=1
x_16_1_3=1
x_17_10_1=1
x_18_9_2=1
x_19_8_1=1
x_20_10_2=1
d_1=9.000
d_2=10.000
d_3=3.000
d_4=6.000
d_5=2.000
d_6=6.000
d_7=6.000
d_8=2.000
d_9=7.000
d_10=3.000
d_11=3.000
d_12=3.000
d_13=1.000
d_14=8.000
d_15=4.000
d_16=4.000
d_17=7.000
d_18=7.000
d_19=3.000
d_20=9.000
d_x_1=7.000
d_x_2=8.000
d_x_3=1.000
d_x_4=3.000
d_x_5=1.000
d_x_6=3.000
d_x_7=4.000
d_x_8=1.000
d_x_9=5.000
d_x_10=1.000
d_x_11=2.000
d_x_12=2.000
d_x_14=6.000
d_x_15=3.000
d_x_16=3.000
d_x_17=7.000
d_x_18=6.000
d_x_19=3.000
d_x_20=8.000
d_y_1=2.000
d_y_2=2.000
d_y_3=2.000
d_y_4=3.000
d_y_5=1.000
d_y_6=3.000
d_y_7=2.000
d_y_8=1.000
d_y_9=2.000
d_y_10=2.000
d_y_11=1.000
d_y_12=1.000
d_y_13=1.000
d_y_14=2.000
d_y_15=1.000
d_y_16=1.000
d_y_18=1.000
d_y_20=1.000
