Number of initial container : 0
Number of new container : 20
Total number of containers : 20
Level_num : 9
Container_level : [1, 9, 8, 1, 1, 8, 2, 5, 4, 8, 4, 5, 2, 7, 6, 1, 1, 1, 3, 2]
ideal_configuration : 
 [[7. 0. 0. 0. 0. 0. 0. 0. 0. 0.]
 [4. 8. 0. 0. 0. 0. 0. 0. 0. 0.]
 [2. 4. 8. 0. 0. 0. 0. 0. 0. 0.]
 [1. 2. 5. 8. 0. 0. 0. 0. 0. 0.]
 [1. 1. 2. 5. 9. 0. 0. 0. 0. 0.]
 [1. 1. 1. 3. 6. 0. 0. 0. 0. 0.]]
Centroid : {1: (1.6666666666666667, 0.6666666666666666), 9: (5.0, 1.0), 8: (3.0, 3.0), 2: (2.0, 2.0), 5: (3.5, 1.5), 4: (1.5, 3.5), 7: (1.0, 5.0), 6: (5.0, 0.0), 3: (4.0, 0.0)}
Repeat number : 11
Original weight : [7.66, 20.58, 20.24, 6.26, 7.21, 19.08, 9.66, 13.81, 12.32, 20.12, 13.33, 14.52, 9.77, 18.23, 16.91, 7.7, 7.58, 7.39, 10.54, 8.82]
Group : [0, 0, 0, 0, 0, 0, 0, 0, 0, 0, 0, 0, 0, 0, 0, 0, 0, 0, 0, 0]
Sequence : [1, 2, 3, 4, 5, 6, 7, 8, 9, 10, 11, 12, 13, 14, 15, 16, 17, 18, 19, 20]
Scroe : [7.66, 20.58, 20.24, 6.26, 7.21, 19.08, 9.66, 13.81, 12.32, 20.12, 13.33, 14.52, 9.77, 18.23, 16.91, 7.7, 7.58, 7.39, 10.54, 8.82]
Time taken to solve the MIP model : 0.4107 seconds
---------------------------------
solution for: IP model
objective: 0
x_1_9_0=1
x_2_9_1=1
x_3_7_0=1
x_4_4_0=1
x_5_8_0=1
x_6_10_0=1
x_7_6_0=1
x_8_6_1=1
x_9_3_0=1
x_10_10_1=1
x_11_3_1=1
x_12_3_2=1
x_13_1_0=1
x_14_5_0=1
x_15_6_2=1
x_16_4_1=1
x_17_8_1=1
x_18_2_0=1
x_19_1_1=1
x_20_4_2=1
d_1=9.000
d_2=4.000
d_3=7.000
d_4=4.000
d_5=8.000
d_6=10.000
d_7=6.000
d_8=4.000
d_9=6.000
d_10=9.000
d_11=5.000
d_12=2.000
d_13=3.000
d_14=9.000
d_15=3.000
d_16=4.000
d_17=8.000
d_18=2.000
d_19=4.000
d_20=2.000
d_x_1=8.000
d_x_2=4.000
d_x_3=4.000
d_x_4=3.000
d_x_5=7.000
d_x_6=7.000
d_x_7=4.000
d_x_8=3.000
d_x_9=2.000
d_x_10=7.000
d_x_11=2.000
d_x_12=1.000
d_x_13=1.000
d_x_14=4.000
d_x_15=1.000
d_x_16=3.000
d_x_17=7.000
d_x_18=1.000
d_x_19=3.000
d_x_20=2.000
d_y_1=1.000
d_y_3=3.000
d_y_4=1.000
d_y_5=1.000
d_y_6=3.000
d_y_7=2.000
d_y_8=1.000
d_y_9=4.000
d_y_10=2.000
d_y_11=3.000
d_y_12=1.000
d_y_13=2.000
d_y_14=5.000
d_y_15=2.000
d_y_16=1.000
d_y_17=1.000
d_y_18=1.000
d_y_19=1.000
