Number of initial container : 0
Number of new container : 20
Total number of containers : 20
Level_num : 9
Container_level : [3, 3, 1, 3, 2, 2, 4, 4, 1, 2, 7, 7, 9, 2, 5, 5, 4, 3, 2, 1]
ideal_configuration : 
 [[5. 0. 0. 0. 0. 0. 0. 0. 0. 0.]
 [3. 5. 0. 0. 0. 0. 0. 0. 0. 0.]
 [2. 3. 7. 0. 0. 0. 0. 0. 0. 0.]
 [2. 2. 4. 7. 0. 0. 0. 0. 0. 0.]
 [1. 2. 3. 4. 9. 0. 0. 0. 0. 0.]
 [1. 1. 2. 3. 4. 0. 0. 0. 0. 0.]]
Centroid : {3: (2.5, 2.0), 1: (1.3333333333333333, 0.3333333333333333), 2: (1.8, 1.6), 4: (4.0, 1.0), 7: (3.5, 2.5), 9: (5.0, 1.0), 5: (1.5, 4.5)}
Repeat number : 25
Original weight : [11.14, 9.97, 7.28, 10.22, 7.96, 7.96, 13.74, 12.5, 5.46, 9.18, 19.25, 19.44, 23.29, 8.01, 16.6, 15.55, 13.57, 11.07, 8.04, 7.15]
Group : [0, 0, 0, 0, 0, 0, 0, 0, 0, 0, 0, 0, 0, 0, 0, 0, 0, 0, 0, 0]
Sequence : [1, 2, 3, 4, 5, 6, 7, 8, 9, 10, 11, 12, 13, 14, 15, 16, 17, 18, 19, 20]
Scroe : [11.14, 9.97, 7.28, 10.22, 7.96, 7.96, 13.74, 12.5, 5.46, 9.18, 19.25, 19.44, 23.29, 8.01, 16.6, 15.55, 13.57, 11.07, 8.04, 7.15]
Time taken to solve the MIP model : 0.0809 seconds
---------------------------------
solution for: IP model
objective: 0
x_1_1_0=1
x_2_2_0=1
x_3_3_0=1
x_4_2_1=1
x_5_3_1=1
x_6_4_0=1
x_7_1_1=1
x_8_2_2=1
x_9_5_0=1
x_10_3_2=1
x_11_1_2=1
x_12_1_3=1
x_13_1_4=1
x_14_4_1=1
x_15_2_3=1
x_16_3_3=1
x_17_4_2=1
x_18_5_1=1
x_19_6_0=1
x_20_7_0=1
d_1=4.000
d_2=3.000
d_3=3.000
d_4=2.000
d_5=3.000
d_6=5.000
d_7=3.000
d_8=3.000
d_9=5.000
d_10=3.000
d_11=4.000
d_12=4.000
d_13=7.000
d_14=4.000
d_15=3.000
d_16=4.000
d_17=1.000
d_18=4.000
d_19=7.000
d_20=7.000
d_x_1=2.000
d_x_2=1.000
d_x_3=2.000
d_x_4=1.000
d_x_5=2.000
d_x_6=3.000
d_x_7=3.000
d_x_8=2.000
d_x_9=4.000
d_x_10=2.000
d_x_11=3.000
d_x_12=3.000
d_x_13=4.000
d_x_14=3.000
d_x_15=1.000
d_x_16=2.000
d_x_18=3.000
d_x_19=5.000
d_x_20=6.000
d_y_1=2.000
d_y_2=2.000
d_y_3=1.000
d_y_4=1.000
d_y_5=1.000
d_y_6=2.000
d_y_8=1.000
d_y_9=1.000
d_y_10=1.000
d_y_11=1.000
d_y_12=1.000
d_y_13=3.000
d_y_14=1.000
d_y_15=2.000
d_y_16=2.000
d_y_17=1.000
d_y_18=1.000
d_y_19=2.000
d_y_20=1.000
