Number of initial container : 0
Number of new container : 20
Total number of containers : 20
Level_num : 9
Container_level : [1, 4, 1, 8, 7, 5, 7, 7, 6, 1, 9, 3, 6, 6, 2, 5, 5, 5, 7, 5]
ideal_configuration : 
 [[7. 0. 0. 0. 0. 0. 0. 0. 0. 0.]
 [5. 7. 0. 0. 0. 0. 0. 0. 0. 0.]
 [5. 6. 7. 0. 0. 0. 0. 0. 0. 0.]
 [2. 5. 6. 8. 0. 0. 0. 0. 0. 0.]
 [1. 3. 5. 6. 9. 0. 0. 0. 0. 0.]
 [1. 1. 4. 5. 7. 0. 0. 0. 0. 0.]]
Centroid : {1: (1.3333333333333333, 0.3333333333333333), 4: (3.0, 0.0), 8: (4.0, 2.0), 7: (2.75, 3.0), 5: (2.2, 2.0), 6: (3.0, 2.0), 9: (5.0, 1.0), 3: (2.0, 1.0), 2: (1.0, 2.0)}
Repeat number : 22
Original weight : [8.24, 14.15, 8.31, 22.44, 20.49, 16.64, 21.01, 20.31, 18.02, 8.94, 23.05, 12.57, 19.25, 18.33, 11.15, 16.44, 15.85, 15.77, 20.28, 16.97]
Group : [0, 0, 0, 0, 0, 0, 0, 0, 0, 0, 0, 0, 0, 0, 0, 0, 0, 0, 0, 0]
Sequence : [1, 2, 3, 4, 5, 6, 7, 8, 9, 10, 11, 12, 13, 14, 15, 16, 17, 18, 19, 20]
Scroe : [8.24, 14.15, 8.31, 22.44, 20.49, 16.64, 21.01, 20.31, 18.02, 8.94, 23.05, 12.57, 19.25, 18.33, 11.15, 16.44, 15.85, 15.77, 20.28, 16.97]
Time taken to solve the MIP model : 0.1718 seconds
---------------------------------
solution for: IP model
objective: 0
x_1_6_0=1
x_2_8_0=1
x_3_10_0=1
x_4_6_1=1
x_5_1_0=1
x_6_7_0=1
x_7_1_1=1
x_8_10_1=1
x_9_8_1=1
x_10_9_0=1
x_11_8_2=1
x_12_2_0=1
x_13_7_1=1
x_14_3_0=1
x_15_9_1=1
x_16_2_1=1
x_17_4_0=1
x_18_9_2=1
x_19_9_3=1
x_20_5_0=1
d_1=6.000
d_2=5.000
d_3=10.000
d_4=3.000
d_5=5.000
d_6=7.000
d_7=4.000
d_8=10.000
d_9=6.000
d_10=9.000
d_11=4.000
d_12=1.000
d_13=5.000
d_14=2.000
d_15=9.000
d_16=2.000
d_17=4.000
d_18=7.000
d_19=7.000
d_20=5.000
d_x_1=5.000
d_x_2=5.000
d_x_3=9.000
d_x_4=2.000
d_x_5=2.000
d_x_6=5.000
d_x_7=2.000
d_x_8=8.000
d_x_9=5.000
d_x_10=8.000
d_x_11=3.000
d_x_13=4.000
d_x_15=8.000
d_x_16=1.000
d_x_17=2.000
d_x_18=7.000
d_x_19=7.000
d_x_20=3.000
d_y_1=1.000
d_y_3=1.000
d_y_4=1.000
d_y_5=3.000
d_y_6=2.000
d_y_7=2.000
d_y_8=2.000
d_y_9=1.000
d_y_10=1.000
d_y_11=1.000
d_y_12=1.000
d_y_13=1.000
d_y_14=2.000
d_y_15=1.000
d_y_16=1.000
d_y_17=2.000
d_y_20=2.000
