Number of initial container : 0
Number of new container : 20
Total number of containers : 20
Level_num : 9
Container_level : [7, 2, 5, 3, 4, 1, 8, 1, 6, 5, 2, 4, 3, 1, 2, 9, 5, 7, 1, 4]
ideal_configuration : 
 [[6. 0. 0. 0. 0. 0. 0. 0. 0. 0.]
 [4. 7. 0. 0. 0. 0. 0. 0. 0. 0.]
 [2. 4. 7. 0. 0. 0. 0. 0. 0. 0.]
 [1. 3. 5. 8. 0. 0. 0. 0. 0. 0.]
 [1. 2. 3. 5. 9. 0. 0. 0. 0. 0.]
 [1. 1. 2. 4. 5. 0. 0. 0. 0. 0.]]
Centroid : {7: (2.5, 3.5), 2: (2.0, 1.3333333333333333), 5: (4.0, 1.0), 3: (2.5, 1.5), 4: (2.3333333333333335, 2.3333333333333335), 1: (1.25, 0.75), 8: (4.0, 2.0), 6: (1.0, 5.0), 9: (5.0, 1.0)}
Repeat number : 9
Original weight : [18.81, 10.4, 14.83, 10.93, 14.54, 8.01, 21.74, 7.42, 16.64, 16.24, 9.89, 12.78, 12.06, 7.03, 9.04, 22.31, 14.72, 18.64, 7.64, 13.09]
Group : [0, 0, 0, 0, 0, 0, 0, 0, 0, 0, 0, 0, 0, 0, 0, 0, 0, 0, 0, 0]
Sequence : [1, 2, 3, 4, 5, 6, 7, 8, 9, 10, 11, 12, 13, 14, 15, 16, 17, 18, 19, 20]
Scroe : [18.81, 10.4, 14.83, 10.93, 14.54, 8.01, 21.74, 7.42, 16.64, 16.24, 9.89, 12.78, 12.06, 7.03, 9.04, 22.31, 14.72, 18.64, 7.64, 13.09]
Time taken to solve the MIP model : 0.0912 seconds
---------------------------------
solution for: IP model
objective: 0
x_1_2_0=1
x_2_1_0=1
x_3_1_1=1
x_4_9_0=1
x_5_3_0=1
x_6_4_0=1
x_7_2_1=1
x_8_5_0=1
x_9_1_2=1
x_10_3_1=1
x_11_4_1=1
x_12_4_2=1
x_13_5_1=1
x_14_6_0=1
x_15_6_1=1
x_16_2_2=1
x_17_4_3=1
x_18_3_2=1
x_19_7_0=1
x_20_5_2=1
d_1=5.000
d_2=3.000
d_3=3.000
d_4=9.000
d_5=4.000
d_6=4.000
d_7=3.000
d_8=5.000
d_9=3.000
d_10=1.000
d_11=3.000
d_12=3.000
d_13=4.000
d_14=6.000
d_15=5.000
d_16=4.000
d_17=2.000
d_18=3.000
d_19=7.000
d_20=4.000
d_x_1=1.000
d_x_2=1.000
d_x_3=3.000
d_x_4=7.000
d_x_5=1.000
d_x_6=3.000
d_x_7=2.000
d_x_8=4.000
d_x_10=1.000
d_x_11=2.000
d_x_12=2.000
d_x_13=3.000
d_x_14=5.000
d_x_15=4.000
d_x_16=3.000
d_x_18=1.000
d_x_19=6.000
d_x_20=3.000
d_y_1=4.000
d_y_2=2.000
d_y_4=2.000
d_y_5=3.000
d_y_6=1.000
d_y_7=1.000
d_y_8=1.000
d_y_9=3.000
d_y_11=1.000
d_y_12=1.000
d_y_13=1.000
d_y_14=1.000
d_y_15=1.000
d_y_16=1.000
d_y_17=2.000
d_y_18=2.000
d_y_19=1.000
d_y_20=1.000
