Number of initial container : 7
Number of new container : 16
Total number of containers : 23
Level_num : 9
Container_level : [8, 8, 6, 7, 7, 2, 4, 1, 7, 8, 6, 8, 2, 6, 5, 7, 7, 3, 9, 4, 1, 2, 2]
ideal_configuration : 
 [[6. 7. 8. 0. 0. 0.]
 [3. 6. 7. 8. 0. 0.]
 [2. 4. 6. 7. 9. 0.]
 [1. 2. 4. 7. 8. 0.]
 [1. 2. 2. 5. 7. 8.]]
Centroid : {8: (3.5, 2.0), 6: (1.0, 3.0), 7: (2.6, 2.0), 2: (1.0, 0.75), 4: (1.5, 1.5), 1: (0.0, 0.5), 5: (3.0, 0.0), 3: (0.0, 3.0), 9: (4.0, 2.0)}
Repeat number : 23
Original weight : [21.14, 21.31, 18.48, 19.56, 19.18, 9.39, 13.84, 7.62, 19.13, 21.46, 16.65, 21.91, 8.91, 16.99, 16.16, 19.38, 19.58, 11.2, 23.11, 12.75, 5.85, 9.3, 9.62]
Group : [0, 0, 0, 0, 0, 0, 0, 0, 0, 0, 0, 0, 0, 0, 0, 0, 0, 0, 0, 0, 0, 0, 0]
Sequence : [0, 0, 0, 0, 0, 0, 0, 1, 2, 3, 4, 5, 6, 7, 8, 9, 10, 11, 12, 13, 14, 15, 16]
Scroe : [21.14, 21.31, 18.48, 19.56, 19.18, 9.39, 13.84, 7.62, 19.13, 21.46, 16.65, 21.91, 8.91, 16.99, 16.16, 19.38, 19.58, 11.2, 23.11, 12.75, 5.85, 9.3, 9.62]
Time taken to solve the MIP model : 0.1136 seconds
min_d : 0, max_d : 9
---------------------------------
solution for: IP model
objective: 4.67778
x_0_3_0=1
x_1_2_0=1
x_2_0_0=1
x_3_0_1=1
x_4_2_1=1
x_5_1_0=1
x_6_4_0=1
x_7_0_2=1
x_8_2_2=1
x_9_4_1=1
x_10_2_3=1
x_11_3_1=1
x_12_1_1=1
x_13_2_4=1
x_14_5_0=1
x_15_3_2=1
x_16_3_3=1
x_17_0_3=1
x_18_4_2=1
x_19_1_2=1
x_19_1_3=-0
x_20_0_4=1
x_21_1_3=1
x_22_1_3=0
x_22_1_4=1
r_0_0=1
r_0_1=1
r_0_2=1
r_0_3=1
r_0_4=1
r_1_0=1
r_1_1=1
r_1_2=1
r_1_3=1
r_1_4=1
r_2_0=1
r_2_1=1
r_2_2=1
r_2_3=1
r_2_4=1
r_3_0=1
r_3_1=1
r_3_2=1
r_3_3=1
r_4_2=1
d_0=2.500
d_1=3.500
d_2=4.000
d_3=3.600
d_4=1.600
d_5=0.750
d_6=4.000
d_7=1.500
d_8=0.600
d_9=1.500
d_10=1.000
d_11=1.500
d_12=0.250
d_13=2.000
d_14=2.000
d_15=0.400
d_16=1.400
d_19=1.000
d_20=3.500
d_21=2.250
d_22=3.250
d_x_0=0.500
d_x_1=1.500
d_x_2=1.000
d_x_3=2.600
d_x_4=0.600
d_x_6=2.500
d_x_8=0.600
d_x_9=0.500
d_x_10=1.000
d_x_11=0.500
d_x_13=1.000
d_x_14=2.000
d_x_15=0.400
d_x_16=0.400
d_x_19=0.500
d_y_0=2.000
d_y_1=2.000
d_y_2=3.000
d_y_3=1.000
d_y_4=1.000
d_y_5=0.750
d_y_6=1.500
d_y_7=1.500
d_y_9=1.000
d_y_11=1.000
d_y_12=0.250
d_y_13=1.000
d_y_16=1.000
d_y_19=0.500
d_y_20=3.500
d_y_21=2.250
d_y_22=3.250
normalized distance of container 0 : 0.2777777777777778
normalized distance of container 1 : 0.3888888888888889
normalized distance of container 2 : 0.4444444444444444
normalized distance of container 3 : 0.4
normalized distance of container 4 : 0.17777777777777778
normalized distance of container 5 : 0.08333333333333333
normalized distance of container 6 : 0.4444444444444444
normalized distance of container 7 : 0.16666666666666657
normalized distance of container 8 : 0.06666666666666668
normalized distance of container 9 : 0.16666666666666646
normalized distance of container 10 : 0.1111111111111111
normalized distance of container 11 : 0.16666666666666075
normalized distance of container 12 : 0.02777777777777699
normalized distance of container 13 : 0.22222222222221644
normalized distance of container 14 : 0.22222222222222232
normalized distance of container 15 : 0.04444444444444389
normalized distance of container 16 : 0.155555555555555
normalized distance of container 17 : 0.0
normalized distance of container 18 : 0.0
normalized distance of container 19 : 0.11111111111110938
normalized distance of container 20 : 0.3888888888888881
normalized distance of container 21 : 0.24999999999999922
normalized distance of container 22 : 0.3611111111111045
