Number of initial container : 7
Number of new container : 16
Total number of containers : 23
Level_num : 9
Container_level : [6, 5, 3, 8, 8, 8, 3, 3, 8, 5, 5, 5, 5, 8, 5, 5, 8, 5, 1, 4, 9, 3, 5]
ideal_configuration : 
 [[5. 6. 8. 0. 0. 0.]
 [5. 5. 8. 8. 0. 0.]
 [3. 5. 5. 8. 9. 0.]
 [3. 3. 5. 5. 8. 0.]
 [1. 3. 4. 5. 5. 8.]]
Centroid : {6: (1.0, 4.0), 5: (1.7777777777777777, 1.7777777777777777), 3: (0.5, 1.0), 8: (3.1666666666666665, 2.1666666666666665), 1: (0.0, 0.0), 4: (2.0, 0.0), 9: (4.0, 2.0)}
Repeat number : 8
Original weight : [17.63, 15.8, 11.87, 21.35, 21.21, 21.8, 11.06, 11.52, 20.41, 14.68, 15.39, 14.42, 14.87, 20.52, 15.9, 14.58, 21.39, 15.11, 6.65, 12.83, 22.02, 10.62, 14.77]
Group : [0, 0, 0, 0, 0, 0, 0, 0, 0, 0, 0, 0, 0, 0, 0, 0, 0, 0, 0, 0, 0, 0, 0]
Sequence : [0, 0, 0, 0, 0, 0, 0, 1, 2, 3, 4, 5, 6, 7, 8, 9, 10, 11, 12, 13, 14, 15, 16]
Scroe : [17.63, 15.8, 11.87, 21.35, 21.21, 21.8, 11.06, 11.52, 20.41, 14.68, 15.39, 14.42, 14.87, 20.52, 15.9, 14.58, 21.39, 15.11, 6.65, 12.83, 22.02, 10.62, 14.77]
Time taken to solve the MIP model : 0.0428 seconds
min_d : 0, max_d : 9
---------------------------------
solution for: IP model
objective: 4.98765
x_0_2_0=1
x_1_5_0=1
x_2_2_1=1
x_3_3_0=1
x_4_4_0=1
x_5_3_1=1
x_6_5_1=1
x_7_1_0=1
x_8_3_2=1
x_9_1_1=1
x_10_2_2=1
x_11_1_2=1
x_12_1_3=1
x_13_3_3=1
x_14_1_4=1
x_15_2_3=1
x_16_3_4=1
x_17_2_4=1
x_18_0_0=1
x_19_4_1=1
x_20_4_2=1
x_21_0_1=1
x_22_0_2=1
r_1_1=1
r_1_2=1
r_1_3=1
r_1_4=1
r_2_0=1
r_2_1=1
r_2_2=1
r_2_3=1
r_2_4=1
r_3_0=1
r_3_1=1
r_3_2=1
r_3_3=1
r_3_4=1
r_4_0=1
r_4_1=1
r_4_2=1
r_5_0=1
r_5_1=1
d_0=5.000
d_1=5.000
d_2=1.500
d_3=2.333
d_4=3.000
d_5=1.333
d_6=4.500
d_7=1.500
d_8=0.333
d_9=1.556
d_10=0.444
d_11=1.000
d_12=2.000
d_13=1.000
d_14=3.000
d_15=1.444
d_16=2.000
d_17=2.444
d_19=3.000
d_21=0.500
d_22=2.000
d_x_0=1.000
d_x_1=3.222
d_x_2=1.500
d_x_3=0.167
d_x_4=0.833
d_x_5=0.167
d_x_6=4.500
d_x_7=0.500
d_x_8=0.167
d_x_9=0.778
d_x_10=0.222
d_x_11=0.778
d_x_12=0.778
d_x_13=0.167
d_x_14=0.778
d_x_15=0.222
d_x_16=0.167
d_x_17=0.222
d_x_19=2.000
d_x_21=0.500
d_x_22=1.778
d_y_0=4.000
d_y_1=1.778
d_y_3=2.167
d_y_4=2.167
d_y_5=1.167
d_y_7=1.000
d_y_8=0.167
d_y_9=0.778
d_y_10=0.222
d_y_11=0.222
d_y_12=1.222
d_y_13=0.833
d_y_14=2.222
d_y_15=1.222
d_y_16=1.833
d_y_17=2.222
d_y_19=1.000
d_y_22=0.222
normalized distance of container 0 : 0.5555555555555556
normalized distance of container 1 : 0.5555555555555556
normalized distance of container 2 : 0.16666666666666666
normalized distance of container 3 : 0.25925925925925924
normalized distance of container 4 : 0.3333333333333333
normalized distance of container 5 : 0.1481481481481481
normalized distance of container 6 : 0.5
normalized distance of container 7 : 0.16666666666666666
normalized distance of container 8 : 0.03703703703703701
normalized distance of container 9 : 0.1728395061728395
normalized distance of container 10 : 0.04938271604938175
normalized distance of container 11 : 0.1111111111111111
normalized distance of container 12 : 0.2222222222222222
normalized distance of container 13 : 0.11111111111111077
normalized distance of container 14 : 0.3333333333333328
normalized distance of container 15 : 0.16049382716049287
normalized distance of container 16 : 0.22222222222222188
normalized distance of container 17 : 0.271604938271604
normalized distance of container 18 : 0.0
normalized distance of container 19 : 0.3333333333333333
normalized distance of container 20 : 0.0
normalized distance of container 21 : 0.05555555555555477
normalized distance of container 22 : 0.22222222222222174
