Number of initial container : 7
Number of new container : 16
Total number of containers : 23
Level_num : 9
Container_level : [5, 6, 6, 2, 8, 6, 2, 4, 5, 4, 8, 8, 4, 9, 3, 7, 5, 4, 8, 4, 2, 1, 2]
ideal_configuration : 
 [[4. 6. 8. 0. 0. 0.]
 [4. 5. 6. 8. 0. 0.]
 [2. 4. 5. 7. 9. 0.]
 [2. 2. 4. 5. 8. 0.]
 [1. 2. 3. 4. 6. 8.]]
Centroid : {5: (2.0, 2.0), 6: (2.3333333333333335, 2.3333333333333335), 2: (0.5, 1.0), 8: (3.5, 2.0), 4: (1.2, 2.0), 9: (4.0, 2.0), 3: (2.0, 0.0), 7: (3.0, 2.0), 1: (0.0, 0.0)}
Repeat number : 10
Original weight : [16.04, 16.92, 17.16, 9.28, 22.44, 17.06, 9.55, 13.02, 16.61, 14.3, 21.88, 22.47, 13.58, 22.49, 11.53, 19.55, 16.52, 13.38, 22.47, 14.82, 10.32, 7.16, 10.64]
Group : [0, 0, 0, 0, 0, 0, 0, 0, 0, 0, 0, 0, 0, 0, 0, 0, 0, 0, 0, 0, 0, 0, 0]
Sequence : [0, 0, 0, 0, 0, 0, 0, 1, 2, 3, 4, 5, 6, 7, 8, 9, 10, 11, 12, 13, 14, 15, 16]
Scroe : [16.04, 16.92, 17.16, 9.28, 22.44, 17.06, 9.55, 13.02, 16.61, 14.3, 21.88, 22.47, 13.58, 22.49, 11.53, 19.55, 16.52, 13.38, 22.47, 14.82, 10.32, 7.16, 10.64]
Time taken to solve the MIP model : 0.1639 seconds
min_d : 0, max_d : 9
---------------------------------
solution for: IP model
objective: 4.96296
x_0_0_0=1
x_1_2_0=1
x_2_3_0=1
x_3_5_0=1
x_4_2_1=1
x_5_3_1=1
x_6_0_1=1
x_7_1_0=1
x_8_2_2=1
x_9_1_1=1
x_10_3_2=1
x_11_3_3=1
x_12_1_2=1
x_13_5_1=1
x_14_4_0=1
x_15_4_1=1
x_16_2_3=1
x_17_1_3=1
x_18_4_2=1
x_19_1_4=1
x_20_0_2=1
x_21_0_3=1
x_22_0_4=1
r_0_0=1
r_0_1=1
r_0_2=1
r_0_3=1
r_0_4=1
r_1_1=1
r_1_2=1
r_1_3=1
r_1_4=1
r_2_0=1
r_2_1=1
r_2_2=1
r_2_3=1
r_3_0=1
r_3_1=1
r_3_2=1
r_3_3=1
d_0=4.000
d_1=2.667
d_2=3.000
d_3=5.500
d_4=2.500
d_5=2.000
d_6=0.500
d_7=2.200
d_9=1.200
d_10=0.500
d_11=1.500
d_12=0.200
d_13=2.000
d_14=2.000
d_15=2.000
d_16=1.000
d_17=1.200
d_18=0.500
d_19=2.200
d_20=1.500
d_21=3.000
d_22=3.500
d_x_0=2.000
d_x_1=0.333
d_x_2=0.667
d_x_3=4.500
d_x_4=1.500
d_x_5=0.667
d_x_6=0.500
d_x_7=0.200
d_x_9=0.200
d_x_10=0.500
d_x_11=0.500
d_x_12=0.200
d_x_13=1.000
d_x_14=2.000
d_x_15=1.000
d_x_17=0.200
d_x_18=0.500
d_x_19=0.200
d_x_20=0.500
d_x_22=0.500
d_y_0=2.000
d_y_1=2.333
d_y_2=2.333
d_y_3=1.000
d_y_4=1.000
d_y_5=1.333
d_y_7=2.000
d_y_9=1.000
d_y_11=1.000
d_y_13=1.000
d_y_15=1.000
d_y_16=1.000
d_y_17=1.000
d_y_19=2.000
d_y_20=1.000
d_y_21=3.000
d_y_22=3.000
normalized distance of container 0 : 0.4444444444444444
normalized distance of container 1 : 0.29629629629629634
normalized distance of container 2 : 0.3333333333333333
normalized distance of container 3 : 0.6111111111111112
normalized distance of container 4 : 0.2777777777777778
normalized distance of container 5 : 0.2222222222222222
normalized distance of container 6 : 0.05555555555555555
normalized distance of container 7 : 0.24444444444444446
normalized distance of container 8 : 0.0
normalized distance of container 9 : 0.13333333333333333
normalized distance of container 10 : 0.05555555555555555
normalized distance of container 11 : 0.16666666666666666
normalized distance of container 12 : 0.022222222222222216
normalized distance of container 13 : 0.2222222222222222
normalized distance of container 14 : 0.2222222222222222
normalized distance of container 15 : 0.2222222222222222
normalized distance of container 16 : 0.1111111111111111
normalized distance of container 17 : 0.13333333333333333
normalized distance of container 18 : 0.05555555555555536
normalized distance of container 19 : 0.24444444444444446
normalized distance of container 20 : 0.16666666666666666
normalized distance of container 21 : 0.3333333333333333
normalized distance of container 22 : 0.3888888888888873
