Number of initial container : 7
Number of new container : 16
Total number of containers : 23
Level_num : 9
Container_level : [6, 1, 8, 1, 3, 7, 1, 7, 6, 5, 6, 6, 8, 2, 2, 3, 1, 3, 2, 4, 4, 9, 3]
ideal_configuration : 
 [[3. 6. 8. 0. 0. 0.]
 [2. 4. 6. 8. 0. 0.]
 [1. 3. 4. 6. 9. 0.]
 [1. 2. 3. 5. 7. 0.]
 [1. 1. 2. 3. 6. 7.]]
Centroid : {6: (2.5, 2.25), 1: (0.25, 0.75), 8: (2.5, 3.5), 3: (1.5, 1.75), 7: (4.5, 0.5), 5: (3.0, 1.0), 2: (1.0, 1.3333333333333333), 4: (1.5, 2.5), 9: (4.0, 2.0)}
Repeat number : 14
Original weight : [17.04, 5.12, 21.1, 6.08, 9.65, 18.17, 6.59, 19.49, 16.23, 13.56, 16.42, 16.25, 21.23, 9.2, 8.58, 10.77, 6.18, 10.91, 7.98, 13.24, 12.15, 21.61, 9.65]
Group : [0, 0, 0, 0, 0, 0, 0, 0, 0, 0, 0, 0, 0, 0, 0, 0, 0, 0, 0, 0, 0, 0, 0]
Sequence : [0, 0, 0, 0, 0, 0, 0, 1, 2, 3, 4, 5, 6, 7, 8, 9, 10, 11, 12, 13, 14, 15, 16]
Scroe : [17.04, 5.12, 21.1, 6.08, 9.65, 18.17, 6.59, 19.49, 16.23, 13.56, 16.42, 16.25, 21.23, 9.2, 8.58, 10.77, 6.18, 10.91, 7.98, 13.24, 12.15, 21.61, 9.65]
Time taken to solve the MIP model : 0.1121 seconds
min_d : 0, max_d : 9
---------------------------------
solution for: IP model
objective: 4.44444
x_0_4_0=1
x_1_3_0=1
x_2_2_0=1
x_3_0_0=1
x_4_3_1=1
x_5_1_0=1
x_6_1_1=1
x_7_5_0=1
x_8_3_2=1
x_9_4_1=1
x_10_3_3=1
x_11_2_1=1
x_12_3_4=1
x_13_1_2=1
x_14_1_3=1
x_15_2_2=1
x_16_0_1=1
x_17_0_2=1
x_18_1_4=1
x_19_2_3=1
x_20_0_3=1
x_21_4_2=1
x_22_2_4=1
r_1_0=1
r_1_1=1
r_1_2=1
r_1_3=1
r_1_4=1
r_2_0=1
r_2_1=1
r_2_2=1
r_2_3=1
r_2_4=1
r_4_0=1
r_4_1=1
r_4_2=1
d_0=3.750
d_1=3.500
d_2=4.000
d_3=1.000
d_4=2.250
d_5=4.000
d_6=1.000
d_7=1.000
d_8=0.750
d_9=1.000
d_10=1.250
d_11=1.750
d_12=1.000
d_13=0.667
d_14=1.667
d_15=0.750
d_16=0.500
d_17=1.750
d_18=2.667
d_19=1.000
d_20=2.000
d_22=2.750
d_x_0=1.500
d_x_1=2.750
d_x_2=0.500
d_x_3=0.250
d_x_4=1.500
d_x_5=3.500
d_x_6=0.750
d_x_7=0.500
d_x_8=0.500
d_x_9=1.000
d_x_10=0.500
d_x_11=0.500
d_x_12=0.500
d_x_15=0.500
d_x_16=0.250
d_x_17=1.500
d_x_19=0.500
d_x_20=1.500
d_x_22=0.500
d_y_0=2.250
d_y_1=0.750
d_y_2=3.500
d_y_3=0.750
d_y_4=0.750
d_y_5=0.500
d_y_6=0.250
d_y_7=0.500
d_y_8=0.250
d_y_10=0.750
d_y_11=1.250
d_y_12=0.500
d_y_13=0.667
d_y_14=1.667
d_y_15=0.250
d_y_16=0.250
d_y_17=0.250
d_y_18=2.667
d_y_19=0.500
d_y_20=0.500
d_y_22=2.250
normalized distance of container 0 : 0.4166666666666667
normalized distance of container 1 : 0.3888888888888889
normalized distance of container 2 : 0.4444444444444444
normalized distance of container 3 : 0.1111111111111111
normalized distance of container 4 : 0.25
normalized distance of container 5 : 0.4444444444444444
normalized distance of container 6 : 0.1111111111111111
normalized distance of container 7 : 0.11111111111111091
normalized distance of container 8 : 0.08333333333333333
normalized distance of container 9 : 0.1111111111111111
normalized distance of container 10 : 0.1388888888888881
normalized distance of container 11 : 0.19444444444444445
normalized distance of container 12 : 0.11111111111111062
normalized distance of container 13 : 0.07407407407407342
normalized distance of container 14 : 0.1851851851851845
normalized distance of container 15 : 0.08333333333333215
normalized distance of container 16 : 0.05555555555555477
normalized distance of container 17 : 0.19444444444444398
normalized distance of container 18 : 0.2962962962962956
normalized distance of container 19 : 0.11111111111111033
normalized distance of container 20 : 0.2222222222222222
normalized distance of container 21 : 0.0
normalized distance of container 22 : 0.30555555555555475
