Number of initial container : 0
Number of new container : 10
Total number of containers : 10
Level_num : 9
Container_level : [6, 6, 1, 3, 9, 6, 6, 6, 3, 3]
ideal_configuration : 
 [[0. 0. 0. 0. 0. 0.]
 [6. 0. 0. 0. 0. 0.]
 [3. 6. 0. 0. 0. 0.]
 [3. 6. 6. 0. 0. 0.]
 [1. 3. 6. 9. 0. 0.]]
Centroid : {6: (1.2, 1.4), 1: (0.0, 0.0), 3: (0.3333333333333333, 1.0), 9: (3.0, 0.0)}
Repeat number : 26
Original weight : [8.35, 18.5, 10.84, 9.71, 11.53, 19.69, 21.87, 13.24, 13.36, 12.35]
Group : [2, 2, 0, 1, 3, 2, 2, 2, 1, 1]
Sequence : [1, 2, 3, 4, 5, 6, 7, 8, 9, 10]
Scroe : [208.35, 218.5, 10.84, 109.71000000000001, 311.53, 219.69, 221.87, 213.24, 113.36, 112.35]
Time taken to solve the MIP model : 0.0189 seconds
min_d : 0, max_d : 9
---------------------------------
solution for: IP model
objective: 1.05926
x_0_2_0=1
x_1_2_1=1
x_2_0_0=1
x_3_1_0=1
x_4_3_0=1
x_5_1_1=1
x_6_2_2=1
x_7_1_2=1
x_8_0_1=1
x_9_0_2=1
r_0_0=1
r_0_1=1
r_0_2=1
r_1_0=1
r_1_1=1
r_1_2=1
d_0=2.200
d_1=1.200
d_3=1.667
d_5=0.600
d_6=1.400
d_7=0.800
d_8=0.333
d_9=1.333
d_x_0=0.800
d_x_1=0.800
d_x_3=0.667
d_x_5=0.200
d_x_6=0.800
d_x_7=0.200
d_x_8=0.333
d_x_9=0.333
d_y_0=1.400
d_y_1=0.400
d_y_3=1.000
d_y_5=0.400
d_y_6=0.600
d_y_7=0.600
d_y_9=1.000
normalized distance of container 0 : 0.24444444444444433
normalized distance of container 1 : 0.133333333333333
normalized distance of container 2 : 0.0
normalized distance of container 3 : 0.1851851851851852
normalized distance of container 4 : 0.0
normalized distance of container 5 : 0.06666666666666655
normalized distance of container 6 : 0.155555555555555
normalized distance of container 7 : 0.08888888888888909
normalized distance of container 8 : 0.0370370370370349
normalized distance of container 9 : 0.14814814814814603
