Number of initial container : 3
Number of new container : 7
Total number of containers : 10
Level_num : 9
Container_level : [5, 3, 1, 8, 1, 4, 4, 3, 9, 5]
ideal_configuration : 
 [[0. 0. 0. 0. 0. 0.]
 [5. 0. 0. 0. 0. 0.]
 [3. 5. 0. 0. 0. 0.]
 [1. 4. 8. 0. 0. 0.]
 [1. 3. 4. 9. 0. 0.]]
Centroid : {5: (0.5, 2.5), 3: (0.5, 1.0), 1: (0.0, 0.5), 8: (2.0, 1.0), 4: (1.5, 0.5), 9: (3.0, 0.0)}
Repeat number : 27
Original weight : [14.84, 11.63, 8.7, 21.86, 7.08, 14.41, 13.66, 11.69, 21.98, 14.99]
Group : [0, 0, 0, 0, 0, 0, 0, 0, 0, 0]
Sequence : [0, 0, 0, 1, 2, 3, 4, 5, 6, 7]
Scroe : [14.84, 11.63, 8.7, 21.86, 7.08, 14.41, 13.66, 11.69, 21.98, 14.99]
Time taken to solve the MIP model : 0.0191 seconds
min_d : 0, max_d : 9
---------------------------------
solution for: IP model
objective: 2
x_0_5_0=1
x_1_3_0=1
x_2_1_0=1
x_3_2_0=1
x_4_0_0=1
x_5_2_1=1
x_6_1_1=1
x_7_0_1=1
x_8_4_0=1
x_9_0_2=1
r_2_0=1
r_2_1=1
d_0=7.000
d_1=3.500
d_2=1.500
d_3=1.000
d_4=0.500
d_5=1.000
d_6=1.000
d_7=0.500
d_8=1.000
d_9=1.000
d_x_0=4.500
d_x_1=2.500
d_x_2=1.000
d_x_5=0.500
d_x_6=0.500
d_x_7=0.500
d_x_8=1.000
d_x_9=0.500
d_y_0=2.500
d_y_1=1.000
d_y_2=0.500
d_y_3=1.000
d_y_4=0.500
d_y_5=0.500
d_y_6=0.500
d_y_9=0.500
normalized distance of container 0 : 0.7777777777777778
normalized distance of container 1 : 0.3888888888888889
normalized distance of container 2 : 0.16666666666666666
normalized distance of container 3 : 0.1111111111111111
normalized distance of container 4 : 0.05555555555555536
normalized distance of container 5 : 0.11111111111110993
normalized distance of container 6 : 0.11111111111110954
normalized distance of container 7 : 0.05555555555555398
normalized distance of container 8 : 0.1111111111111111
normalized distance of container 9 : 0.11111111111110913
