Number of initial container : 3
Number of new container : 17
Total number of containers : 20
Level_num : 9
Container_level : [6, 6, 8, 8, 6, 1, 9, 8, 8, 1, 8, 1, 8, 8, 8, 3, 1, 3, 3, 6]
ideal_configuration : 
 [[6. 8. 0. 0. 0. 0.]
 [3. 8. 8. 0. 0. 0.]
 [1. 6. 8. 8. 0. 0.]
 [1. 3. 6. 8. 8. 0.]
 [1. 1. 3. 6. 8. 9.]]
Centroid : {6: (1.5, 1.75), 8: (2.5, 2.0), 1: (0.25, 0.75), 9: (5.0, 0.0), 3: (1.0, 1.3333333333333333)}
Repeat number : 20
Original weight : [20.24, 18.63, 6.21, 6.45, 22.37, 8.43, 22.01, 14.8, 10.1, 18.42, 8.76, 18.04, 18.11, 14.88, 18.79, 21.26, 18.31, 13.99, 18.82, 21.38]
Group : [2, 2, 3, 3, 2, 0, 3, 3, 3, 0, 3, 0, 3, 3, 3, 1, 0, 1, 1, 2]
Sequence : [0, 0, 0, 1, 2, 3, 4, 5, 6, 7, 8, 9, 10, 11, 12, 13, 14, 15, 16, 17]
Scroe : [220.24, 218.63, 306.21, 306.45, 222.37, 8.43, 322.01, 314.8, 310.1, 18.42, 308.76, 18.04, 318.11, 314.88, 318.79, 121.26, 18.31, 113.99, 118.82, 221.38]
Time taken to solve the MIP model : 0.0425 seconds
min_d : 0, max_d : 9
---------------------------------
solution for: IP model
objective: 3.59259
x_0_5_0=1
x_1_3_0=1
x_2_3_1=1
x_3_2_0=1
x_4_2_1=1
x_5_0_0=1
x_6_4_0=1
x_7_2_2=1
x_8_2_3=1
x_9_0_1=1
x_10_3_2=1
x_11_0_2=1
x_12_4_1=1
x_13_3_3=1
x_14_4_2=1
x_15_1_0=1
x_16_0_3=1
x_17_1_1=1
x_18_1_2=1
x_19_1_3=1
r_0_1=1
r_0_2=1
r_0_3=1
r_1_0=1
r_1_1=1
r_1_2=1
r_1_3=1
r_2_0=1
r_2_1=1
r_2_2=1
r_2_3=1
r_4_0=1
r_4_1=1
r_4_2=1
d_0=5.250
d_1=3.250
d_2=1.500
d_3=2.500
d_4=1.250
d_5=1.000
d_6=1.000
d_7=0.500
d_8=1.500
d_9=0.500
d_10=0.500
d_11=1.500
d_12=2.500
d_13=1.500
d_14=1.500
d_15=1.333
d_16=2.500
d_17=0.333
d_18=0.667
d_19=1.750
d_x_0=3.500
d_x_1=1.500
d_x_2=0.500
d_x_3=0.500
d_x_4=0.500
d_x_5=0.250
d_x_6=1.000
d_x_7=0.500
d_x_8=0.500
d_x_9=0.250
d_x_10=0.500
d_x_11=0.250
d_x_12=1.500
d_x_13=0.500
d_x_14=1.500
d_x_16=0.250
d_x_19=0.500
d_y_0=1.750
d_y_1=1.750
d_y_2=1.000
d_y_3=2.000
d_y_4=0.750
d_y_5=0.750
d_y_8=1.000
d_y_9=0.250
d_y_11=1.250
d_y_12=1.000
d_y_13=1.000
d_y_15=1.333
d_y_16=2.250
d_y_17=0.333
d_y_18=0.667
d_y_19=1.250
normalized distance of container 0 : 0.5833333333333334
normalized distance of container 1 : 0.3611111111111111
normalized distance of container 2 : 0.16666666666666666
normalized distance of container 3 : 0.2777777777777778
normalized distance of container 4 : 0.1388888888888885
normalized distance of container 5 : 0.1111111111111111
normalized distance of container 6 : 0.1111111111111111
normalized distance of container 7 : 0.055555555555555164
normalized distance of container 8 : 0.16666666666666666
normalized distance of container 9 : 0.055555555555555136
normalized distance of container 10 : 0.055555555555555164
normalized distance of container 11 : 0.16666666666666607
normalized distance of container 12 : 0.2777777777777774
normalized distance of container 13 : 0.16666666666666627
normalized distance of container 14 : 0.16666666666666627
normalized distance of container 15 : 0.14814814814814814
normalized distance of container 16 : 0.2777777777777774
normalized distance of container 17 : 0.03703703703703703
normalized distance of container 18 : 0.0740740740740738
normalized distance of container 19 : 0.19444444444444445
