Number of initial container : 3
Number of new container : 17
Total number of containers : 20
Level_num : 9
Container_level : [1, 3, 8, 1, 6, 3, 3, 8, 1, 8, 1, 3, 8, 1, 1, 1, 9, 3, 6, 1]
ideal_configuration : 
 [[3. 8. 0. 0. 0. 0.]
 [1. 3. 8. 0. 0. 0.]
 [1. 1. 3. 8. 0. 0.]
 [1. 1. 3. 6. 8. 0.]
 [1. 1. 1. 3. 6. 9.]]
Centroid : {1: (0.625, 1.125), 3: (1.6, 2.0), 8: (2.5, 2.5), 6: (3.5, 0.5), 9: (5.0, 0.0)}
Repeat number : 30
Original weight : [15.22, 15.52, 12.6, 14.63, 16.06, 14.43, 21.46, 20.59, 11.59, 5.28, 11.3, 7.64, 16.37, 23.34, 19.94, 5.6, 21.55, 16.95, 18.4, 23.32]
Group : [0, 1, 3, 0, 2, 1, 1, 3, 0, 3, 0, 1, 3, 0, 0, 0, 3, 1, 2, 0]
Sequence : [0, 0, 0, 1, 2, 3, 4, 5, 6, 7, 8, 9, 10, 11, 12, 13, 14, 15, 16, 17]
Scroe : [15.22, 115.52, 312.6, 14.63, 216.06, 114.43, 121.46000000000001, 320.59, 11.59, 305.28, 11.3, 107.64, 316.37, 23.34, 19.94, 5.6, 321.55, 116.95, 218.4, 23.32]
Time taken to solve the MIP model : 0.0505 seconds
min_d : 0, max_d : 9
---------------------------------
solution for: IP model
objective: 3.60556
x_0_5_0=1
x_1_2_0=1
x_2_3_0=1
x_3_1_0=1
x_4_4_0=1
x_5_2_1=1
x_6_2_2=1
x_7_3_1=1
x_8_1_1=1
x_9_3_2=1
x_10_0_0=1
x_11_1_2=1
x_12_3_3=1
x_13_0_1=1
x_14_0_2=1
x_15_0_3=1
x_16_5_1=1
x_17_2_3=1
x_18_4_1=1
x_19_1_3=1
r_0_0=1
r_0_1=1
r_0_2=1
r_0_3=1
r_1_0=1
r_1_1=1
r_1_2=1
r_1_3=1
r_2_0=1
r_2_1=1
r_2_2=1
r_2_3=1
r_3_0=1
r_3_1=1
r_3_2=1
r_3_3=1
r_4_1=1
r_5_1=1
d_0=5.500
d_1=2.400
d_2=3.000
d_3=1.500
d_4=1.000
d_5=1.400
d_6=0.400
d_7=2.000
d_8=0.500
d_9=1.000
d_10=1.750
d_11=0.600
d_12=1.000
d_13=0.750
d_14=1.500
d_15=2.500
d_16=1.000
d_17=1.400
d_18=1.000
d_19=2.250
d_x_0=4.375
d_x_1=0.400
d_x_2=0.500
d_x_3=0.375
d_x_4=0.500
d_x_5=0.400
d_x_6=0.400
d_x_7=0.500
d_x_8=0.375
d_x_9=0.500
d_x_10=0.625
d_x_11=0.600
d_x_12=0.500
d_x_13=0.625
d_x_14=0.625
d_x_15=0.625
d_x_17=0.400
d_x_18=0.500
d_x_19=0.375
d_y_0=1.125
d_y_1=2.000
d_y_2=2.500
d_y_3=1.125
d_y_4=0.500
d_y_5=1.000
d_y_7=1.500
d_y_8=0.125
d_y_9=0.500
d_y_10=1.125
d_y_12=0.500
d_y_13=0.125
d_y_14=0.875
d_y_15=1.875
d_y_16=1.000
d_y_17=1.000
d_y_18=0.500
d_y_19=1.875
normalized distance of container 0 : 0.6111111111111112
normalized distance of container 1 : 0.26666666666666666
normalized distance of container 2 : 0.3333333333333333
normalized distance of container 3 : 0.16666666666666646
normalized distance of container 4 : 0.1111111111111111
normalized distance of container 5 : 0.1555555555555552
normalized distance of container 6 : 0.04444444444444389
normalized distance of container 7 : 0.22222222222222182
normalized distance of container 8 : 0.055555555555555164
normalized distance of container 9 : 0.11111111111111052
normalized distance of container 10 : 0.19444444444444445
normalized distance of container 11 : 0.06666666666666668
normalized distance of container 12 : 0.11111111111111033
normalized distance of container 13 : 0.08333333333333333
normalized distance of container 14 : 0.16666666666666588
normalized distance of container 15 : 0.2777777777777774
normalized distance of container 16 : 0.1111111111111111
normalized distance of container 17 : 0.15555555555555461
normalized distance of container 18 : 0.11111111111110933
normalized distance of container 19 : 0.24999999999999922
