Number of initial container : 3
Number of new container : 17
Total number of containers : 20
Level_num : 9
Container_level : [6, 6, 6, 3, 8, 3, 6, 6, 3, 9, 1, 1, 1, 6, 6, 6, 6, 6, 1, 4]
ideal_configuration : 
 [[6. 6. 0. 0. 0. 0.]
 [3. 6. 6. 0. 0. 0.]
 [1. 4. 6. 6. 0. 0.]
 [1. 3. 6. 6. 8. 0.]
 [1. 1. 3. 6. 6. 9.]]
Centroid : {6: (2.1, 2.0), 3: (1.0, 1.3333333333333333), 8: (4.0, 1.0), 9: (5.0, 0.0), 1: (0.25, 0.75), 4: (1.0, 2.0)}
Repeat number : 2
Original weight : [17.12, 5.86, 17.16, 12.52, 9.59, 7.13, 21.25, 11.21, 18.2, 14.14, 10.84, 5.09, 5.95, 23.52, 7.56, 11.04, 5.47, 20.53, 11.78, 22.93]
Group : [2, 2, 2, 1, 3, 1, 2, 2, 1, 3, 0, 0, 0, 2, 2, 2, 2, 2, 0, 1]
Sequence : [0, 0, 0, 1, 2, 3, 4, 5, 6, 7, 8, 9, 10, 11, 12, 13, 14, 15, 16, 17]
Scroe : [217.12, 205.86, 217.16, 112.52, 309.59, 107.13, 221.25, 211.21, 118.2, 314.14, 10.84, 5.09, 5.95, 223.52, 207.56, 211.04, 205.47, 220.53, 11.78, 122.93]
Time taken to solve the MIP model : 0.1166 seconds
min_d : 0, max_d : 9
---------------------------------
solution for: IP model
objective: 4.02593
x_0_0_0=1
x_1_0_1=1
x_2_2_0=1
x_3_4_0=1
x_4_4_1=1
x_5_1_0=1
x_6_2_1=1
x_7_2_2=1
x_8_0_2=1
x_9_5_0=1
x_10_1_1=1
x_11_3_0=1
x_12_3_1=1
x_13_3_2=1
x_14_3_3=1
x_15_2_3=1
x_16_2_4=1
x_17_4_2=1
x_18_1_2=1
x_19_1_3=1
r_0_0=1
r_0_1=1
r_0_2=1
r_1_0=1
r_1_1=1
r_1_2=1
r_1_3=1
r_2_0=1
r_2_1=1
r_2_2=1
r_2_3=1
r_2_4=1
r_3_0=1
r_3_1=1
r_3_2=1
r_3_3=1
r_4_0=1
r_4_1=1
r_4_2=1
d_0=4.100
d_1=3.100
d_2=2.100
d_3=4.333
d_5=1.333
d_6=1.100
d_7=0.100
d_8=1.667
d_10=1.000
d_11=3.500
d_12=3.000
d_13=0.900
d_14=1.900
d_15=1.100
d_16=2.100
d_17=1.900
d_18=2.000
d_19=1.000
d_x_0=2.100
d_x_1=2.100
d_x_2=0.100
d_x_3=3.000
d_x_6=0.100
d_x_7=0.100
d_x_8=1.000
d_x_10=0.750
d_x_11=2.750
d_x_12=2.750
d_x_13=0.900
d_x_14=0.900
d_x_15=0.100
d_x_16=0.100
d_x_17=1.900
d_x_18=0.750
d_y_0=2.000
d_y_1=1.000
d_y_2=2.000
d_y_3=1.333
d_y_5=1.333
d_y_6=1.000
d_y_8=0.667
d_y_10=0.250
d_y_11=0.750
d_y_12=0.250
d_y_14=1.000
d_y_15=1.000
d_y_16=2.000
d_y_18=1.250
d_y_19=1.000
normalized distance of container 0 : 0.4555555555555555
normalized distance of container 1 : 0.34444444444444444
normalized distance of container 2 : 0.23333333333333334
normalized distance of container 3 : 0.48148148148148145
normalized distance of container 4 : 0.0
normalized distance of container 5 : 0.14814814814814814
normalized distance of container 6 : 0.12222222222222198
normalized distance of container 7 : 0.01111111111111112
normalized distance of container 8 : 0.18518518518518454
normalized distance of container 9 : 0.0
normalized distance of container 10 : 0.1111111111111109
normalized distance of container 11 : 0.3888888888888889
normalized distance of container 12 : 0.33333333333333254
normalized distance of container 13 : 0.09999999999999905
normalized distance of container 14 : 0.21111111111111017
normalized distance of container 15 : 0.1222222222222216
normalized distance of container 16 : 0.23333333333333334
normalized distance of container 17 : 0.21111111111111017
normalized distance of container 18 : 0.22222222222222143
normalized distance of container 19 : 0.1111111111111111
