Number of initial container : 3
Number of new container : 17
Total number of containers : 20
Level_num : 9
Container_level : [8, 8, 6, 6, 8, 3, 8, 9, 6, 1, 8, 3, 1, 6, 1, 6, 8, 8, 8, 6]
ideal_configuration : 
 [[6. 8. 0. 0. 0. 0.]
 [6. 8. 8. 0. 0. 0.]
 [3. 6. 8. 8. 0. 0.]
 [1. 3. 6. 8. 8. 0.]
 [1. 1. 6. 6. 8. 9.]]
Centroid : {8: (2.5, 2.0), 6: (1.3333333333333333, 1.6666666666666667), 3: (0.5, 1.5), 9: (5.0, 0.0), 1: (0.3333333333333333, 0.3333333333333333)}
Repeat number : 28
Original weight : [15.09, 23.36, 6.12, 17.98, 19.01, 20.34, 7.08, 23.46, 17.66, 9.51, 15.14, 8.58, 17.95, 13.11, 13.87, 22.81, 20.0, 11.0, 21.13, 9.44]
Group : [3, 3, 2, 2, 3, 1, 3, 3, 2, 0, 3, 1, 0, 2, 0, 2, 3, 3, 3, 2]
Sequence : [0, 0, 0, 1, 2, 3, 4, 5, 6, 7, 8, 9, 10, 11, 12, 13, 14, 15, 16, 17]
Scroe : [315.09, 323.36, 206.12, 217.98, 319.01, 120.34, 307.08, 323.46, 217.66, 9.51, 315.14, 108.58, 17.95, 213.11, 13.87, 222.81, 320.0, 311.0, 321.13, 209.44]
Time taken to solve the MIP model : 0.0466 seconds
min_d : 0, max_d : 9
---------------------------------
solution for: IP model
objective: 3.48148
x_0_3_0=1
x_1_4_0=1
x_2_1_0=1
x_3_1_1=1
x_4_3_1=1
x_5_1_2=1
x_6_3_2=1
x_7_5_0=1
x_8_1_3=1
x_9_0_0=1
x_10_4_1=1
x_11_0_1=1
x_12_2_0=1
x_13_2_1=1
x_14_0_2=1
x_15_2_2=1
x_16_2_3=1
x_17_4_2=1
x_18_3_3=1
x_19_0_3=1
r_0_1=1
r_0_2=1
r_0_3=1
r_1_0=1
r_1_1=1
r_1_2=1
r_1_3=1
r_2_2=1
r_2_3=1
r_3_0=1
r_3_1=1
r_3_2=1
r_3_3=1
r_4_0=1
r_4_1=1
r_4_2=1
d_0=2.500
d_1=3.500
d_2=2.000
d_3=1.000
d_4=1.500
d_5=1.000
d_6=0.500
d_8=1.667
d_9=0.667
d_10=2.500
d_11=1.000
d_12=2.000
d_13=1.333
d_14=2.000
d_15=1.000
d_16=1.500
d_17=1.500
d_18=1.500
d_19=2.667
d_x_0=0.500
d_x_1=1.500
d_x_2=0.333
d_x_3=0.333
d_x_4=0.500
d_x_5=0.500
d_x_6=0.500
d_x_8=0.333
d_x_9=0.333
d_x_10=1.500
d_x_11=0.500
d_x_12=1.667
d_x_13=0.667
d_x_14=0.333
d_x_15=0.667
d_x_16=0.500
d_x_17=1.500
d_x_18=0.500
d_x_19=1.333
d_y_0=2.000
d_y_1=2.000
d_y_2=1.667
d_y_3=0.667
d_y_4=1.000
d_y_5=0.500
d_y_8=1.333
d_y_9=0.333
d_y_10=1.000
d_y_11=0.500
d_y_12=0.333
d_y_13=0.667
d_y_14=1.667
d_y_15=0.333
d_y_16=1.000
d_y_18=1.000
d_y_19=1.333
normalized distance of container 0 : 0.2777777777777778
normalized distance of container 1 : 0.3888888888888889
normalized distance of container 2 : 0.2222222222222222
normalized distance of container 3 : 0.1111111111111111
normalized distance of container 4 : 0.16666666666666646
normalized distance of container 5 : 0.11111111111111059
normalized distance of container 6 : 0.055555555555555164
normalized distance of container 7 : 0.0
normalized distance of container 8 : 0.18518518518518465
normalized distance of container 9 : 0.0740740740740738
normalized distance of container 10 : 0.2777777777777774
normalized distance of container 11 : 0.11111111111111062
normalized distance of container 12 : 0.2222222222222219
normalized distance of container 13 : 0.1481481481481479
normalized distance of container 14 : 0.2222222222222213
normalized distance of container 15 : 0.1111111111111099
normalized distance of container 16 : 0.16666666666666627
normalized distance of container 17 : 0.16666666666666627
normalized distance of container 18 : 0.16666666666666627
normalized distance of container 19 : 0.2962962962962957
