Number of initial container : 3
Number of new container : 17
Total number of containers : 20
Level_num : 9
Container_level : [1, 8, 1, 3, 6, 8, 6, 9, 8, 1, 1, 8, 6, 1, 8, 1, 1, 6, 8, 8]
ideal_configuration : 
 [[6. 8. 0. 0. 0. 0.]
 [1. 6. 8. 0. 0. 0.]
 [1. 3. 8. 8. 0. 0.]
 [1. 1. 6. 8. 8. 0.]
 [1. 1. 1. 6. 8. 9.]]
Centroid : {1: (0.5714285714285714, 1.0), 8: (2.7142857142857144, 1.8571428571428572), 3: (1.0, 2.0), 6: (1.5, 2.0), 9: (5.0, 0.0)}
Repeat number : 1
Original weight : [14.63, 7.81, 7.54, 9.13, 6.49, 13.04, 6.06, 19.95, 18.91, 21.33, 11.49, 5.07, 23.77, 18.04, 5.85, 20.88, 6.85, 11.42, 16.22, 12.52]
Group : [0, 3, 0, 1, 2, 3, 2, 3, 3, 0, 0, 3, 2, 0, 3, 0, 0, 2, 3, 3]
Sequence : [0, 0, 0, 1, 2, 3, 4, 5, 6, 7, 8, 9, 10, 11, 12, 13, 14, 15, 16, 17]
Scroe : [14.63, 307.81, 7.54, 109.13, 206.49, 313.04, 206.06, 319.95, 318.91, 21.33, 11.49, 305.07, 223.77, 18.04, 305.85, 20.88, 6.85, 211.42, 316.22, 312.52]
Time taken to solve the MIP model : 0.0491 seconds
min_d : 0, max_d : 9
---------------------------------
solution for: IP model
objective: 3.88889
x_0_2_0=1
x_1_1_0=1
x_2_3_0=1
x_3_2_1=1
x_4_2_2=1
x_5_4_0=1
x_6_2_3=1
x_7_5_0=1
x_8_3_1=1
x_9_0_0=1
x_10_0_1=1
x_11_3_2=1
x_12_1_1=1
x_13_0_2=1
x_14_4_1=1
x_15_0_3=1
x_16_0_4=1
x_17_1_2=1
x_18_4_2=1
x_19_3_3=1
r_0_0=1
r_0_1=1
r_0_2=1
r_0_3=1
r_0_4=1
r_1_0=1
r_1_1=1
r_1_2=1
r_2_1=1
r_2_2=1
r_2_3=1
r_3_1=1
r_3_2=1
r_3_3=1
r_4_0=1
r_4_1=1
r_4_2=1
d_0=2.429
d_1=3.571
d_2=3.429
d_3=2.000
d_4=0.500
d_5=3.143
d_6=1.500
d_8=1.143
d_9=1.571
d_10=0.571
d_11=0.429
d_12=1.500
d_13=1.571
d_14=2.143
d_15=2.571
d_16=3.571
d_17=0.500
d_18=1.429
d_19=1.429
d_x_0=1.429
d_x_1=1.714
d_x_2=2.429
d_x_3=1.000
d_x_4=0.500
d_x_5=1.286
d_x_6=0.500
d_x_8=0.286
d_x_9=0.571
d_x_10=0.571
d_x_11=0.286
d_x_12=0.500
d_x_13=0.571
d_x_14=1.286
d_x_15=0.571
d_x_16=0.571
d_x_17=0.500
d_x_18=1.286
d_x_19=0.286
d_y_0=1.000
d_y_1=1.857
d_y_2=1.000
d_y_3=1.000
d_y_5=1.857
d_y_6=1.000
d_y_8=0.857
d_y_9=1.000
d_y_11=0.143
d_y_12=1.000
d_y_13=1.000
d_y_14=0.857
d_y_15=2.000
d_y_16=3.000
d_y_18=0.143
d_y_19=1.143
normalized distance of container 0 : 0.2698412698412699
normalized distance of container 1 : 0.39682539682539686
normalized distance of container 2 : 0.380952380952381
normalized distance of container 3 : 0.2222222222222222
normalized distance of container 4 : 0.055555555555555164
normalized distance of container 5 : 0.3492063492063491
normalized distance of container 6 : 0.16666666666666666
normalized distance of container 7 : 0.0
normalized distance of container 8 : 0.1269841269841266
normalized distance of container 9 : 0.1746031746031746
normalized distance of container 10 : 0.06349206349206349
normalized distance of container 11 : 0.04761904761904799
normalized distance of container 12 : 0.16666666666666666
normalized distance of container 13 : 0.1746031746031746
normalized distance of container 14 : 0.23809523809523758
normalized distance of container 15 : 0.2857142857142839
normalized distance of container 16 : 0.396825396825395
normalized distance of container 17 : 0.05555555555555555
normalized distance of container 18 : 0.15873015873015778
normalized distance of container 19 : 0.15873015873015814
