Number of initial container : 10
Number of new container : 13
Total number of containers : 23
Level_num : 9
Container_level : [6, 8, 1, 1, 3, 3, 1, 1, 3, 1, 3, 9, 6, 3, 6, 8, 3, 8, 3, 8, 1, 1, 6]
ideal_configuration : 
 [[3. 6. 8. 0. 0. 0.]
 [1. 3. 6. 8. 0. 0.]
 [1. 3. 3. 6. 9. 0.]
 [1. 1. 3. 3. 8. 0.]
 [1. 1. 1. 3. 6. 8.]]
Centroid : {6: (2.5, 2.25), 8: (3.5, 2.0), 1: (0.5714285714285714, 1.0), 3: (1.7142857142857142, 1.8571428571428572), 9: (4.0, 2.0)}
Repeat number : 8
Original weight : [21.74, 11.92, 8.44, 15.9, 5.25, 22.98, 7.28, 10.83, 16.49, 12.98, 9.95, 23.7, 18.99, 22.47, 13.95, 15.02, 17.36, 17.72, 19.67, 7.73, 16.35, 18.27, 16.3]
Group : [2, 3, 0, 0, 1, 1, 0, 0, 1, 0, 1, 3, 2, 1, 2, 3, 1, 3, 1, 3, 0, 0, 2]
Sequence : [0, 0, 0, 0, 0, 0, 0, 0, 0, 0, 1, 2, 3, 4, 5, 6, 7, 8, 9, 10, 11, 12, 13]
Scroe : [221.74, 311.92, 8.44, 15.9, 105.25, 122.98, 7.28, 10.83, 116.49, 12.98, 109.95, 323.7, 218.99, 122.47, 213.95, 315.02, 117.36, 317.72, 119.67, 307.73, 16.35, 18.27, 216.3]
Time taken to solve the MIP model : 0.0457 seconds
min_d : 0, max_d : 9
---------------------------------
solution for: IP model
objective: 4.65873
x_0_4_0=1
x_1_4_1=1
x_2_5_0=1
x_3_1_0=1
x_4_1_1=1
x_5_5_1=1
x_6_2_0=1
x_7_1_2=1
x_8_1_3=1
x_9_0_0=1
x_10_2_1=1
x_11_5_2=1
x_12_3_0=1
x_13_2_2=1
x_14_3_1=1
x_15_4_2=1
x_16_2_3=1
x_17_4_3=1
x_18_2_4=1
x_19_3_2=1
x_20_0_1=1
x_21_0_2=1
x_22_3_3=1
r_1_0=1
r_1_1=1
r_1_2=1
r_1_3=1
r_2_2=1
r_2_3=1
r_2_4=1
r_3_0=1
r_3_1=1
r_3_2=1
r_3_3=1
d_0=3.750
d_1=1.500
d_2=5.429
d_3=1.429
d_4=1.571
d_5=4.143
d_6=2.429
d_7=1.429
d_8=1.857
d_9=1.571
d_10=1.143
d_11=1.000
d_12=2.750
d_13=0.429
d_14=1.750
d_15=0.500
d_16=1.429
d_17=1.500
d_18=2.429
d_19=0.500
d_20=0.571
d_21=1.571
d_22=1.250
d_x_0=1.500
d_x_1=0.500
d_x_2=4.429
d_x_3=0.429
d_x_4=0.714
d_x_5=3.286
d_x_6=1.429
d_x_7=0.429
d_x_8=0.714
d_x_9=0.571
d_x_10=0.286
d_x_11=1.000
d_x_12=0.500
d_x_13=0.286
d_x_14=0.500
d_x_15=0.500
d_x_16=0.286
d_x_17=0.500
d_x_18=0.286
d_x_19=0.500
d_x_20=0.571
d_x_21=0.571
d_x_22=0.500
d_y_0=2.250
d_y_1=1.000
d_y_2=1.000
d_y_3=1.000
d_y_4=0.857
d_y_5=0.857
d_y_6=1.000
d_y_7=1.000
d_y_8=1.143
d_y_9=1.000
d_y_10=0.857
d_y_12=2.250
d_y_13=0.143
d_y_14=1.250
d_y_16=1.143
d_y_17=1.000
d_y_18=2.143
d_y_21=1.000
d_y_22=0.750
normalized distance of container 0 : 0.4166666666666667
normalized distance of container 1 : 0.16666666666666666
normalized distance of container 2 : 0.6031746031746033
normalized distance of container 3 : 0.15873015873015872
normalized distance of container 4 : 0.1746031746031746
normalized distance of container 5 : 0.46031746031746024
normalized distance of container 6 : 0.2698412698412699
normalized distance of container 7 : 0.15873015873015872
normalized distance of container 8 : 0.20634920634920634
normalized distance of container 9 : 0.1746031746031746
normalized distance of container 10 : 0.12698412698412687
normalized distance of container 11 : 0.1111111111111111
normalized distance of container 12 : 0.30555555555555536
normalized distance of container 13 : 0.04761904761904683
normalized distance of container 14 : 0.19444444444444406
normalized distance of container 15 : 0.05555555555555536
normalized distance of container 16 : 0.15873015873015775
normalized distance of container 17 : 0.16666666666666646
normalized distance of container 18 : 0.2698412698412689
normalized distance of container 19 : 0.05555555555555536
normalized distance of container 20 : 0.06349206349206327
normalized distance of container 21 : 0.1746031746031746
normalized distance of container 22 : 0.13888888888888828
