Number of initial container : 10
Number of new container : 13
Total number of containers : 23
Level_num : 9
Container_level : [3, 6, 3, 6, 3, 3, 9, 8, 1, 6, 6, 3, 8, 8, 6, 8, 8, 8, 3, 1, 3, 3, 3]
ideal_configuration : 
 [[3. 6. 8. 0. 0. 0.]
 [3. 6. 8. 8. 0. 0.]
 [3. 3. 6. 8. 9. 0.]
 [1. 3. 3. 6. 8. 0.]
 [1. 3. 3. 3. 6. 8.]]
Centroid : {3: (1.1111111111111112, 1.4444444444444444), 6: (2.2, 2.0), 9: (4.0, 2.0), 8: (3.1666666666666665, 2.1666666666666665), 1: (0.0, 0.5)}
Repeat number : 29
Original weight : [22.25, 5.04, 14.81, 21.11, 17.15, 15.58, 23.67, 18.37, 5.34, 21.54, 10.47, 17.2, 12.08, 10.21, 12.39, 5.13, 14.6, 9.42, 20.02, 8.1, 5.15, 12.48, 10.76]
Group : [1, 2, 1, 2, 1, 1, 3, 3, 0, 2, 2, 1, 3, 3, 2, 3, 3, 3, 1, 0, 1, 1, 1]
Sequence : [0, 0, 0, 0, 0, 0, 0, 0, 0, 0, 1, 2, 3, 4, 5, 6, 7, 8, 9, 10, 11, 12, 13]
Scroe : [122.25, 205.04, 114.81, 221.11, 117.15, 115.58, 323.67, 318.37, 5.34, 221.54, 210.47, 117.2, 312.08, 310.21, 212.39, 305.13, 314.6, 309.42, 120.02, 8.1, 105.15, 112.48, 110.76]
Time taken to solve the MIP model : 0.1030 seconds
min_d : 0, max_d : 9
---------------------------------
solution for: IP model
objective: 6.8963
x_0_5_0=1
x_1_1_0=1
x_2_4_0=1
x_3_4_1=1
x_4_5_1=1
x_5_5_2=1
x_6_0_0=1
x_7_5_3=1
x_8_2_0=1
x_9_5_4=1
x_10_3_0=1
x_11_1_1=1
x_12_4_2=1
x_13_3_1=1
x_14_3_2=1
x_15_3_3=1
x_16_4_3=1
x_17_3_4=1
x_18_1_2=1
x_19_2_1=1
x_20_2_2=1
x_21_2_3=1
x_22_2_4=1
r_0_0=1
r_1_0=1
r_1_1=1
r_1_2=1
r_2_1=1
r_2_2=1
r_2_3=1
r_2_4=1
r_3_0=1
r_3_1=1
r_3_2=1
r_3_3=1
r_3_4=1
r_4_1=1
r_4_2=1
r_4_3=1
r_5_0=1
r_5_1=1
r_5_2=1
r_5_3=1
r_5_4=1
d_0=5.333
d_1=3.200
d_2=4.333
d_3=2.800
d_4=4.333
d_5=4.444
d_6=6.000
d_7=2.667
d_8=2.500
d_9=4.800
d_10=2.800
d_11=0.556
d_12=1.000
d_13=1.333
d_14=0.800
d_15=1.000
d_16=1.667
d_17=2.000
d_18=0.667
d_19=2.500
d_20=1.444
d_21=2.444
d_22=3.444
d_x_0=3.889
d_x_1=1.200
d_x_2=2.889
d_x_3=1.800
d_x_4=3.889
d_x_5=3.889
d_x_6=4.000
d_x_7=1.833
d_x_8=2.000
d_x_9=2.800
d_x_10=0.800
d_x_11=0.111
d_x_12=0.833
d_x_13=0.167
d_x_14=0.800
d_x_15=0.167
d_x_16=0.833
d_x_17=0.167
d_x_18=0.111
d_x_19=2.000
d_x_20=0.889
d_x_21=0.889
d_x_22=0.889
d_y_0=1.444
d_y_1=2.000
d_y_2=1.444
d_y_3=1.000
d_y_4=0.444
d_y_5=0.556
d_y_6=2.000
d_y_7=0.833
d_y_8=0.500
d_y_9=2.000
d_y_10=2.000
d_y_11=0.444
d_y_12=0.167
d_y_13=1.167
d_y_15=0.833
d_y_16=0.833
d_y_17=1.833
d_y_18=0.556
d_y_19=0.500
d_y_20=0.556
d_y_21=1.556
d_y_22=2.556
normalized distance of container 0 : 0.5925925925925926
normalized distance of container 1 : 0.35555555555555557
normalized distance of container 2 : 0.48148148148148145
normalized distance of container 3 : 0.3111111111111111
normalized distance of container 4 : 0.48148148148148145
normalized distance of container 5 : 0.4938271604938272
normalized distance of container 6 : 0.6666666666666666
normalized distance of container 7 : 0.29629629629629634
normalized distance of container 8 : 0.2777777777777778
normalized distance of container 9 : 0.5333333333333333
normalized distance of container 10 : 0.3111111111111111
normalized distance of container 11 : 0.06172839506172825
normalized distance of container 12 : 0.11111111111111101
normalized distance of container 13 : 0.1481481481481481
normalized distance of container 14 : 0.08888888888888886
normalized distance of container 15 : 0.11111111111111097
normalized distance of container 16 : 0.1851851851851849
normalized distance of container 17 : 0.22222222222222174
normalized distance of container 18 : 0.07407407407407361
normalized distance of container 19 : 0.2777777777777778
normalized distance of container 20 : 0.1604938271604934
normalized distance of container 21 : 0.27160493827160453
normalized distance of container 22 : 0.38271604938271564
