Number of initial container : 10
Number of new container : 13
Total number of containers : 23
Level_num : 9
Container_level : [1, 1, 1, 3, 1, 6, 8, 3, 9, 3, 6, 6, 4, 3, 1, 3, 1, 3, 1, 3, 3, 6, 6]
ideal_configuration : 
 [[3. 4. 6. 0. 0. 0.]
 [1. 3. 6. 8. 0. 0.]
 [1. 3. 3. 6. 9. 0.]
 [1. 1. 3. 3. 6. 0.]
 [1. 1. 1. 3. 3. 6.]]
Centroid : {1: (0.5714285714285714, 1.0), 3: (2.0, 1.625), 6: (3.2, 2.0), 8: (3.0, 3.0), 9: (4.0, 2.0), 4: (1.0, 4.0)}
Repeat number : 26
Original weight : [7.89, 19.72, 18.76, 6.48, 5.27, 19.72, 5.24, 19.56, 11.63, 12.79, 17.04, 19.72, 21.73, 17.83, 7.74, 5.29, 10.07, 7.63, 15.82, 18.58, 15.65, 12.75, 19.85]
Group : [0, 0, 0, 1, 0, 2, 3, 1, 3, 1, 2, 2, 1, 1, 0, 1, 0, 1, 0, 1, 1, 2, 2]
Sequence : [0, 0, 0, 0, 0, 0, 0, 0, 0, 0, 1, 2, 3, 4, 5, 6, 7, 8, 9, 10, 11, 12, 13]
Scroe : [7.89, 19.72, 18.76, 106.48, 5.27, 219.72, 305.24, 119.56, 311.63, 112.78999999999999, 217.04, 219.72, 121.73, 117.83, 7.74, 105.29, 10.07, 107.63, 15.82, 118.58, 115.65, 212.75, 219.85]
Time taken to solve the MIP model : 0.0697 seconds
min_d : 0, max_d : 9
---------------------------------
solution for: IP model
objective: 8.55556
x_0_4_0=1
x_1_1_0=1
x_2_4_1=1
x_3_5_0=1
x_4_4_2=1
x_5_1_1=1
x_6_3_0=1
x_7_0_0=1
x_8_2_0=1
x_9_5_1=1
x_10_3_1=1
x_11_3_2=1
x_12_1_2=1
x_13_0_1=1
x_14_4_3=1
x_15_0_2=1
x_16_4_4=1
x_17_0_3=1
x_18_5_2=1
x_19_0_4=1
x_20_5_3=1
x_21_3_3=1
x_22_2_1=1
r_0_0=1
r_0_1=1
r_0_2=1
r_0_3=1
r_0_4=1
r_1_1=1
r_1_2=1
r_2_0=1
r_2_1=1
r_3_0=1
r_3_1=1
r_3_2=1
r_3_3=1
r_4_0=1
r_4_1=1
r_4_2=1
r_4_3=1
r_4_4=1
r_5_0=1
r_5_1=1
r_5_2=1
r_5_3=1
d_0=4.429
d_1=1.429
d_2=3.429
d_3=4.625
d_4=4.429
d_5=3.200
d_6=3.000
d_7=3.625
d_8=4.000
d_9=3.625
d_10=1.200
d_11=0.200
d_12=2.000
d_13=2.625
d_14=5.429
d_15=2.375
d_16=6.429
d_17=3.375
d_18=5.429
d_19=4.375
d_20=4.375
d_21=1.200
d_22=2.200
d_x_0=3.429
d_x_1=0.429
d_x_2=3.429
d_x_3=3.000
d_x_4=3.429
d_x_5=2.200
d_x_7=2.000
d_x_8=2.000
d_x_9=3.000
d_x_10=0.200
d_x_11=0.200
d_x_13=2.000
d_x_14=3.429
d_x_15=2.000
d_x_16=3.429
d_x_17=2.000
d_x_18=4.429
d_x_19=2.000
d_x_20=3.000
d_x_21=0.200
d_x_22=1.200
d_y_0=1.000
d_y_1=1.000
d_y_3=1.625
d_y_4=1.000
d_y_5=1.000
d_y_6=3.000
d_y_7=1.625
d_y_8=2.000
d_y_9=0.625
d_y_10=1.000
d_y_12=2.000
d_y_13=0.625
d_y_14=2.000
d_y_15=0.375
d_y_16=3.000
d_y_17=1.375
d_y_18=1.000
d_y_19=2.375
d_y_20=1.375
d_y_21=1.000
d_y_22=1.000
normalized distance of container 0 : 0.4920634920634921
normalized distance of container 1 : 0.15873015873015872
normalized distance of container 2 : 0.380952380952381
normalized distance of container 3 : 0.5138888888888888
normalized distance of container 4 : 0.4920634920634921
normalized distance of container 5 : 0.35555555555555557
normalized distance of container 6 : 0.3333333333333333
normalized distance of container 7 : 0.4027777777777778
normalized distance of container 8 : 0.4444444444444444
normalized distance of container 9 : 0.4027777777777778
normalized distance of container 10 : 0.13333333333333336
normalized distance of container 11 : 0.02222222222222224
normalized distance of container 12 : 0.2222222222222222
normalized distance of container 13 : 0.2916666666666667
normalized distance of container 14 : 0.6031746031746033
normalized distance of container 15 : 0.2638888888888873
normalized distance of container 16 : 0.7142857142857143
normalized distance of container 17 : 0.375
normalized distance of container 18 : 0.6031746031746033
normalized distance of container 19 : 0.4861111111111111
normalized distance of container 20 : 0.4861111111111111
normalized distance of container 21 : 0.13333333333333336
normalized distance of container 22 : 0.24444444444444446
