Number of initial container : 5
Number of new container : 5
Total number of containers : 10
Level_num : 9
Container_level : [5, 8, 6, 4, 9, 3, 1, 4, 4, 5]
ideal_configuration : 
 [[0. 0. 0. 0. 0. 0.]
 [5. 0. 0. 0. 0. 0.]
 [4. 6. 0. 0. 0. 0.]
 [3. 4. 8. 0. 0. 0.]
 [1. 4. 5. 9. 0. 0.]]
Centroid : {5: (1.0, 1.5), 8: (2.0, 1.0), 6: (1.0, 2.0), 4: (0.6666666666666666, 1.0), 9: (3.0, 0.0), 3: (0.0, 1.0), 1: (0.0, 0.0)}
Repeat number : 10
Original weight : [15.14, 22.52, 17.72, 12.63, 23.37, 10.61, 5.12, 13.1, 12.69, 14.57]
Sequence : [0, 0, 0, 0, 0, 1, 2, 3, 4, 5]
Emergency : [0, 0, 0, 0, 0, 0, 0, 0, 0, 0]
Time taken to solve the MIP model : 0.0113 seconds
min_d : 0, max_d : 9
---------------------------------
solution for: IP model
objective: 2.81481
status: OPTIMAL_SOLUTION(2)
x_0_4_0=1
x_1_0_0=1
x_2_5_0=1
x_3_0_1=1
x_4_0_2=1
x_5_0_3=1
x_6_1_0=1
x_7_1_1=1
x_8_2_0=1
x_9_1_2=1
r_0_0=1
r_0_1=1
r_0_2=1
r_0_3=1
r_4_0=1
r_5_0=1
d_0=4.500
d_1=3.000
d_2=6.000
d_3=0.667
d_4=5.000
d_5=2.000
d_6=1.000
d_7=0.333
d_8=2.333
d_9=0.500
d_x_0=3.000
d_x_1=2.000
d_x_2=4.000
d_x_3=0.667
d_x_4=3.000
d_x_6=1.000
d_x_7=0.333
d_x_8=1.333
d_y_0=1.500
d_y_1=1.000
d_y_2=2.000
d_y_4=2.000
d_y_5=2.000
d_y_8=1.000
d_y_9=0.500
normalized distance of container 0 : 0.5
normalized distance of container 1 : 0.3333333333333333
normalized distance of container 2 : 0.6666666666666666
normalized distance of container 3 : 0.07407407407407407
normalized distance of container 4 : 0.5555555555555556
normalized distance of container 5 : 0.2222222222222222
normalized distance of container 6 : 0.1111111111111111
normalized distance of container 7 : 0.0370370370370365
normalized distance of container 8 : 0.25925925925925875
normalized distance of container 9 : 0.05555555555555477
