Number of initial container : 5
Number of new container : 5
Total number of containers : 10
Level_num : 9
Container_level : [4, 2, 3, 7, 9, 4, 1, 8, 1, 8]
ideal_configuration : 
 [[0. 0. 0. 0. 0. 0.]
 [7. 0. 0. 0. 0. 0.]
 [3. 8. 0. 0. 0. 0.]
 [1. 4. 8. 0. 0. 0.]
 [1. 2. 4. 9. 0. 0.]]
Centroid : {4: (1.5, 0.5), 2: (1.0, 0.0), 3: (0.0, 2.0), 7: (0.0, 3.0), 9: (3.0, 0.0), 1: (0.0, 0.5), 8: (1.5, 1.5)}
Repeat number : 7
Original weight : [12.11, 8.27, 11.18, 17.38, 20.53, 13.08, 5.72, 20.29, 6.49, 19.26]
Group : [0, 0, 0, 0, 0, 0, 0, 0, 0, 0]
Sequence : [0, 0, 0, 0, 0, 1, 2, 3, 4, 5]
Scroe : [12.11, 8.27, 11.18, 17.38, 20.53, 13.08, 5.72, 20.29, 6.49, 19.26]
Time taken to solve the MIP model : 0.0171 seconds
min_d : 0, max_d : 9
---------------------------------
solution for: IP model
objective: 2.44444
x_0_1_0=1
x_1_4_0=1
x_2_3_0=1
x_3_4_1=1
x_4_1_1=1
x_5_2_0=1
x_6_0_0=1
x_7_1_2=1
x_8_0_1=1
x_9_2_1=1
r_1_0=1
r_1_1=1
r_1_2=1
d_0=1.000
d_1=3.000
d_2=5.000
d_3=6.000
d_4=3.000
d_5=1.000
d_6=0.500
d_7=1.000
d_8=0.500
d_9=1.000
d_x_0=0.500
d_x_1=3.000
d_x_2=3.000
d_x_3=4.000
d_x_4=2.000
d_x_5=0.500
d_x_7=0.500
d_x_9=0.500
d_y_0=0.500
d_y_2=2.000
d_y_3=2.000
d_y_4=1.000
d_y_5=0.500
d_y_6=0.500
d_y_7=0.500
d_y_8=0.500
d_y_9=0.500
normalized distance of container 0 : 0.1111111111111111
normalized distance of container 1 : 0.3333333333333333
normalized distance of container 2 : 0.5555555555555556
normalized distance of container 3 : 0.6666666666666666
normalized distance of container 4 : 0.3333333333333333
normalized distance of container 5 : 0.11111111111111081
normalized distance of container 6 : 0.05555555555555536
normalized distance of container 7 : 0.11111111111110993
normalized distance of container 8 : 0.055555555555555164
normalized distance of container 9 : 0.11111111111110954
