Number of initial container : 4
Number of new container : 3
Total number of containers : 7
Level_num : 9
Container_level : [5, 1, 1, 7, 3, 3, 9]
ideal_configuration : 
 [[0. 0. 0. 0. 0. 0.]
 [9. 0. 0. 0. 0. 0.]
 [3. 0. 0. 0. 0. 0.]
 [1. 5. 0. 0. 0. 0.]
 [1. 3. 7. 0. 0. 0.]]
Centroid : {5: (1.0, 1.0), 1: (0.0, 0.5), 7: (2.0, 0.0), 3: (0.5, 1.0), 9: (0.0, 3.0)}
Repeat number : 5
Original weight : [16.53, 8.93, 7.51, 20.41, 12.34, 11.57, 22.34]
Sequence : [0, 0, 0, 0, 1, 2, 3]
Emergency : [0, 0, 0, 0, 0, 0, 0]
Time taken to solve the MIP model : 0.0051 seconds
min_d : 0, max_d : 9
---------------------------------
solution for: IP model
objective: 1.33333
status: OPTIMAL_SOLUTION(2)
x_0_0_0=1
x_1_0_1=1
x_2_3_0=1
x_3_5_0=1
x_4_1_0=1
x_5_1_1=1
x_6_0_2=1
r_0_0=1
r_0_1=1
r_0_2=1
r_0_4=-0
r_1_0=1
r_1_1=1
d_0=2.000
d_1=0.500
d_2=3.500
d_3=3.000
d_4=1.500
d_5=0.500
d_6=1.000
d_x_0=1.000
d_x_2=3.000
d_x_3=3.000
d_x_4=0.500
d_x_5=0.500
d_y_0=1.000
d_y_1=0.500
d_y_2=0.500
d_y_4=1.000
d_y_6=1.000
normalized distance of container 0 : 0.2222222222222222
normalized distance of container 1 : 0.05555555555555555
normalized distance of container 2 : 0.3888888888888889
normalized distance of container 3 : 0.3333333333333333
normalized distance of container 4 : 0.16666666666666627
normalized distance of container 5 : 0.05555555555555477
normalized distance of container 6 : 0.1111111111111111
