Number of initial container : 7
Number of new container : 13
Total number of containers : 20
Level_num : 9
Container_level : [7, 7, 4, 3, 4, 7, 8, 5, 4, 5, 1, 2, 6, 4, 9, 8, 6, 1, 1, 7]
ideal_configuration : 
 [[5. 7. 0. 0. 0. 0.]
 [4. 6. 7. 0. 0. 0.]
 [2. 4. 6. 8. 0. 0.]
 [1. 3. 4. 7. 8. 0.]
 [1. 1. 4. 5. 7. 9.]]
Centroid : {7: (2.5, 2.0), 4: (1.25, 1.5), 3: (1.0, 1.0), 8: (3.5, 1.5), 5: (1.5, 2.0), 1: (0.3333333333333333, 0.3333333333333333), 2: (0.0, 2.0), 6: (1.5, 2.5), 9: (5.0, 0.0)}
Repeat number : 19
Original weight : [21.29, 21.17, 14.82, 13.75, 13.9, 20.98, 22.06, 16.55, 15.5, 16.78, 9.06, 11.14, 19.1, 14.31, 23.64, 23.26, 18.82, 7.95, 8.2, 21.29]
Group : [0, 0, 0, 0, 0, 0, 0, 0, 0, 0, 0, 0, 0, 0, 0, 0, 0, 0, 0, 0]
Sequence : [0, 0, 0, 0, 0, 0, 0, 1, 2, 3, 4, 5, 6, 7, 8, 9, 10, 11, 12, 13]
Scroe : [21.29, 21.17, 14.82, 13.75, 13.9, 20.98, 22.06, 16.55, 15.5, 16.78, 9.06, 11.14, 19.1, 14.31, 23.64, 23.26, 18.82, 7.95, 8.2, 21.29]
Time taken to solve the MIP model : 0.0816 seconds
min_d : 0, max_d : 9
---------------------------------
solution for: IP model
objective: 4.42593
x_0_0_0=1
x_1_3_0=1
x_2_3_1=1
x_3_5_0=1
x_4_3_2=1
x_5_0_1=1
x_6_5_1=1
x_7_2_0=1
x_8_2_1=1
x_9_2_2=1
x_10_1_0=1
x_11_0_2=1
x_12_2_3=1
x_13_1_1=1
x_14_4_0=1
x_15_4_1=1
x_16_1_2=1
x_17_0_3=1
x_18_1_3=1
x_19_3_3=1
r_0_0=1
r_0_1=1
r_0_2=1
r_0_3=1
r_1_0=1
r_1_1=1
r_1_2=1
r_1_3=1
r_2_0=1
r_2_1=1
r_2_2=1
r_2_3=1
r_3_0=1
r_3_1=1
r_3_2=1
r_3_3=1
r_4_0=1
r_4_1=1
r_5_1=1
d_0=4.500
d_1=2.500
d_2=2.250
d_3=5.000
d_4=2.250
d_5=3.500
d_6=2.000
d_7=2.500
d_8=1.250
d_9=0.500
d_10=1.000
d_12=1.000
d_13=0.750
d_14=1.000
d_15=1.000
d_16=1.000
d_17=3.000
d_18=3.333
d_19=1.500
d_x_0=2.500
d_x_1=0.500
d_x_2=1.750
d_x_3=4.000
d_x_4=1.750
d_x_5=2.500
d_x_6=1.500
d_x_7=0.500
d_x_8=0.750
d_x_9=0.500
d_x_10=0.667
d_x_12=0.500
d_x_13=0.250
d_x_14=1.000
d_x_15=0.500
d_x_16=0.500
d_x_17=0.333
d_x_18=0.667
d_x_19=0.500
d_y_0=2.000
d_y_1=2.000
d_y_2=0.500
d_y_3=1.000
d_y_4=0.500
d_y_5=1.000
d_y_6=0.500
d_y_7=2.000
d_y_8=0.500
d_y_10=0.333
d_y_12=0.500
d_y_13=0.500
d_y_15=0.500
d_y_16=0.500
d_y_17=2.667
d_y_18=2.667
d_y_19=1.000
normalized distance of container 0 : 0.5
normalized distance of container 1 : 0.2777777777777778
normalized distance of container 2 : 0.25
normalized distance of container 3 : 0.5555555555555556
normalized distance of container 4 : 0.25
normalized distance of container 5 : 0.3888888888888889
normalized distance of container 6 : 0.2222222222222222
normalized distance of container 7 : 0.27777777777777757
normalized distance of container 8 : 0.1388888888888885
normalized distance of container 9 : 0.055555555555555164
normalized distance of container 10 : 0.11111111111111005
normalized distance of container 11 : 0.0
normalized distance of container 12 : 0.11111111111111033
normalized distance of container 13 : 0.08333333333333333
normalized distance of container 14 : 0.1111111111111111
normalized distance of container 15 : 0.11111111111111091
normalized distance of container 16 : 0.1111111111111111
normalized distance of container 17 : 0.3333333333333315
normalized distance of container 18 : 0.3703703703703685
normalized distance of container 19 : 0.16666666666666588
