Number of initial container : 0
Number of new container : 20
Total number of containers : 20
Level_num : 9
Container_level : [5, 1, 1, 8, 1, 8, 3, 2, 8, 4, 2, 3, 3, 3, 8, 7, 8, 5, 1, 5]
ideal_configuration : 
 [[4. 8. 0. 0. 0. 0.]
 [3. 5. 8. 0. 0. 0.]
 [1. 3. 5. 8. 0. 0.]
 [1. 2. 3. 5. 8. 0.]
 [1. 1. 2. 3. 7. 8.]]
Centroid : {5: (2.0, 2.0), 1: (0.25, 0.75), 8: (3.0, 2.0), 3: (1.5, 1.5), 2: (1.5, 0.5), 4: (0.0, 4.0), 7: (4.0, 0.0)}
Repeat number : 12
Original weight : [16.76, 6.88, 6.49, 21.78, 7.46, 22.43, 11.92, 10.33, 23.2, 14.09, 9.56, 11.05, 11.3, 10.94, 21.8, 20.3, 23.62, 17.07, 7.93, 15.15]
Sequence : [1, 2, 3, 4, 5, 6, 7, 8, 9, 10, 11, 12, 13, 14, 15, 16, 17, 18, 19, 20]
Emergency : [0, 0, 0, 0, 0, 0, 0, 0, 0, 0, 0, 0, 0, 0, 0, 0, 0, 0, 0, 0]
Time taken to solve the MIP model : 0.1497 seconds
min_d : 0, max_d : 9
---------------------------------
solution for: IP model
objective: 0
status: OPTIMAL_SOLUTION(2)
x_0_0_0=1
x_1_4_0=1
x_2_5_0=1
x_3_0_1=1
x_4_5_1=1
x_5_0_2=1
x_6_2_0=1
x_7_3_0=1
x_8_0_3=1
x_8_2_1=-0
x_9_2_1=1
x_9_3_1=-0
x_10_5_2=1
x_11_3_1=1
x_12_3_2=1
x_13_5_3=1
x_14_2_2=1
x_15_3_2=-0
x_15_3_3=1
x_16_0_4=-0
x_16_2_3=1
x_17_4_1=1
x_18_1_0=1
x_19_1_1=1
d_0=4.000
d_1=5.000
d_2=6.000
d_3=4.000
d_4=6.000
d_5=3.000
d_6=3.000
d_7=3.000
d_8=6.000
d_9=5.000
d_10=6.000
d_11=3.000
d_12=3.000
d_13=6.000
d_14=1.000
d_15=5.000
d_16=2.000
d_17=3.000
d_18=2.000
d_19=2.000
d_x_0=2.000
d_x_1=4.000
d_x_2=5.000
d_x_3=3.000
d_x_4=5.000
d_x_5=3.000
d_x_6=1.000
d_x_7=2.000
d_x_8=4.000
d_x_9=2.000
d_x_10=4.000
d_x_11=2.000
d_x_12=2.000
d_x_13=4.000
d_x_14=1.000
d_x_15=1.000
d_x_16=1.000
d_x_17=2.000
d_x_18=1.000
d_x_19=1.000
d_y_0=2.000
d_y_1=1.000
d_y_2=1.000
d_y_3=1.000
d_y_4=1.000
d_y_6=2.000
d_y_7=1.000
d_y_8=2.000
d_y_9=3.000
d_y_10=2.000
d_y_11=1.000
d_y_12=1.000
d_y_13=2.000
d_y_15=4.000
d_y_16=1.000
d_y_17=1.000
d_y_18=1.000
d_y_19=1.000
normalized distance of container 0 : 0.4444444444444444
normalized distance of container 1 : 0.5555555555555556
normalized distance of container 2 : 0.6666666666666666
normalized distance of container 3 : 0.4444444444444444
normalized distance of container 4 : 0.6666666666666666
normalized distance of container 5 : 0.3333333333333333
normalized distance of container 6 : 0.3333333333333333
normalized distance of container 7 : 0.3333333333333333
normalized distance of container 8 : 0.6666666666666666
normalized distance of container 9 : 0.5555555555555556
normalized distance of container 10 : 0.6666666666666666
normalized distance of container 11 : 0.3333333333333333
normalized distance of container 12 : 0.3333333333333333
normalized distance of container 13 : 0.6666666666666666
normalized distance of container 14 : 0.1111111111111111
normalized distance of container 15 : 0.5555555555555556
normalized distance of container 16 : 0.2222222222222222
normalized distance of container 17 : 0.3333333333333333
normalized distance of container 18 : 0.2222222222222222
normalized distance of container 19 : 0.2222222222222222
