Number of initial container : 5
Number of new container : 18
Total number of containers : 23
Level_num : 9
Container_level : [1, 3, 1, 3, 9, 6, 1, 8, 6, 3, 8, 1, 8, 3, 8, 1, 6, 1, 3, 6, 3, 3, 8]
ideal_configuration : 
 [[3. 6. 8. 0. 0. 0.]
 [3. 3. 6. 8. 0. 0.]
 [1. 3. 3. 8. 9. 0.]
 [1. 1. 3. 6. 8. 0.]
 [1. 1. 1. 3. 6. 8.]]
Centroid : {1: (0.6666666666666666, 0.6666666666666666), 3: (1.2857142857142858, 2.142857142857143), 9: (4.0, 2.0), 6: (2.5, 2.0), 8: (3.4, 2.0)}
Repeat number : 8
Original weight : [19.7, 14.36, 9.18, 17.25, 21.11, 16.34, 20.27, 7.17, 12.17, 21.85, 7.05, 8.9, 18.75, 9.54, 6.51, 9.42, 5.75, 23.98, 6.59, 14.64, 22.23, 5.14, 14.1]
Group : [0, 1, 0, 1, 3, 2, 0, 3, 2, 1, 3, 0, 3, 1, 3, 0, 2, 0, 1, 2, 1, 1, 3]
Sequence : [0, 0, 0, 0, 0, 1, 2, 3, 4, 5, 6, 7, 8, 9, 10, 11, 12, 13, 14, 15, 16, 17, 18]
Scroe : [19.7, 114.36, 9.18, 117.25, 321.11, 216.34, 20.27, 307.17, 212.17, 121.85, 307.05, 8.9, 318.75, 109.53999999999999, 306.51, 9.42, 205.75, 23.98, 106.59, 214.64, 122.23, 105.14, 314.1]
Time taken to solve the MIP model : 3.0001 seconds
min_d : 0, max_d : 9
---------------------------------
solution for: IP model
objective: 5.07249
x_0_5_0=1
x_1_3_0=1
x_2_1_0=1
x_3_0_0=1
x_4_1_1=1
x_5_3_1=1
x_6_5_1=1
x_7_3_2=1
x_8_5_2=1
x_9_0_1=1
x_10_5_3=1
x_11_2_0=1
x_12_5_4=1
x_13_2_1=1
x_14_0_2=1
x_15_4_0=1
x_16_2_2=1
x_17_4_1=1
x_18_4_2=1
x_19_2_3=1
x_20_4_3=1
x_21_4_4=1
x_22_3_3=1
r_4_2=1
r_4_3=1
r_4_4=1
d_0=5.000
d_1=3.857
d_2=1.000
d_3=3.429
d_4=4.000
d_5=1.500
d_6=4.667
d_7=0.400
d_8=2.500
d_9=2.429
d_10=2.600
d_11=2.000
d_12=3.600
d_13=1.857
d_14=3.400
d_15=4.000
d_16=0.500
d_17=3.667
d_18=2.857
d_19=1.500
d_20=3.571
d_21=4.571
d_22=1.400
d_x_0=4.333
d_x_1=1.714
d_x_2=0.333
d_x_3=1.286
d_x_4=3.000
d_x_5=0.500
d_x_6=4.333
d_x_7=0.400
d_x_8=2.500
d_x_9=1.286
d_x_10=1.600
d_x_11=1.333
d_x_12=1.600
d_x_13=0.714
d_x_14=3.400
d_x_15=3.333
d_x_16=0.500
d_x_17=3.333
d_x_18=2.714
d_x_19=0.500
d_x_20=2.714
d_x_21=2.714
d_x_22=0.400
d_y_0=0.667
d_y_1=2.143
d_y_2=0.667
d_y_3=2.143
d_y_4=1.000
d_y_5=1.000
d_y_6=0.333
d_y_9=1.143
d_y_10=1.000
d_y_11=0.667
d_y_12=2.000
d_y_13=1.143
d_y_15=0.667
d_y_17=0.333
d_y_18=0.143
d_y_19=1.000
d_y_20=0.857
d_y_21=1.857
d_y_22=1.000
normalized distance of container 0 : 0.5555555555555556
normalized distance of container 1 : 0.42857142857142855
normalized distance of container 2 : 0.1111111111111111
normalized distance of container 3 : 0.380952380952381
normalized distance of container 4 : 0.4444444444444444
normalized distance of container 5 : 0.16666666666666657
normalized distance of container 6 : 0.5185185185185185
normalized distance of container 7 : 0.044444444444444196
normalized distance of container 8 : 0.2777777777777778
normalized distance of container 9 : 0.2698412698412699
normalized distance of container 10 : 0.2888888888888887
normalized distance of container 11 : 0.2222222222222222
normalized distance of container 12 : 0.3999999999999998
normalized distance of container 13 : 0.20634920634920564
normalized distance of container 14 : 0.37777777777777777
normalized distance of container 15 : 0.4444444444444444
normalized distance of container 16 : 0.05555555555555555
normalized distance of container 17 : 0.4074074074074069
normalized distance of container 18 : 0.3174603174603168
normalized distance of container 19 : 0.16666666666666666
normalized distance of container 20 : 0.3968253968253958
normalized distance of container 21 : 0.5079365079365069
normalized distance of container 22 : 0.15555555555555556
