Number of initial container : 7
Number of new container : 13
Total number of containers : 20
Level_num : 9
Container_level : [1, 5, 5, 3, 9, 1, 8, 8, 4, 1, 3, 8, 1, 3, 8, 7, 8, 1, 1, 2]
ideal_configuration : 
 [[4. 8. 0. 0. 0. 0.]
 [2. 5. 8. 0. 0. 0.]
 [1. 3. 5. 8. 0. 0.]
 [1. 1. 3. 7. 8. 0.]
 [1. 1. 1. 3. 8. 9.]]
Centroid : {1: (0.6666666666666666, 0.6666666666666666), 5: (1.5, 2.5), 3: (2.0, 1.0), 9: (5.0, 0.0), 8: (2.8, 2.0), 4: (0.0, 4.0), 7: (3.0, 1.0), 2: (0.0, 3.0)}
Repeat number : 4
Original weight : [6.54, 14.04, 14.47, 10.75, 22.75, 5.11, 21.27, 21.7, 12.91, 5.21, 11.08, 21.07, 6.64, 10.09, 21.12, 18.67, 22.38, 6.09, 6.98, 7.88]
Group : [0, 0, 0, 0, 0, 0, 0, 0, 0, 0, 0, 0, 0, 0, 0, 0, 0, 0, 0, 0]
Sequence : [0, 0, 0, 0, 0, 0, 0, 1, 2, 3, 4, 5, 6, 7, 8, 9, 10, 11, 12, 13]
Scroe : [6.54, 14.04, 14.47, 10.75, 22.75, 5.11, 21.27, 21.7, 12.91, 5.21, 11.08, 21.07, 6.64, 10.09, 21.12, 18.67, 22.38, 6.09, 6.98, 7.88]
Time taken to solve the MIP model : 0.1039 seconds
min_d : 0, max_d : 9
---------------------------------
solution for: IP model
objective: 4
x_0_3_0=1
x_1_0_0=1
x_2_2_0=1
x_3_2_1=1
x_4_2_2=1
x_5_1_0=1
x_6_4_0=1
x_7_4_1=1
x_8_1_1=1
x_9_5_0=1
x_10_2_3=1
x_11_0_1=1
x_12_3_1=1
x_13_3_2=1
x_14_3_3=1
x_15_1_2=1
x_16_4_2=1
x_17_5_1=1
x_18_5_2=1
x_19_5_3=1
r_2_0=1
r_2_1=1
r_2_2=1
r_2_3=1
d_0=3.000
d_1=4.000
d_2=3.000
d_4=5.000
d_5=1.000
d_6=3.200
d_7=3.000
d_8=4.000
d_9=6.000
d_10=2.000
d_11=4.000
d_12=4.000
d_13=2.000
d_14=2.000
d_15=3.000
d_16=2.000
d_17=6.000
d_18=7.000
d_19=5.000
d_x_0=2.333
d_x_1=1.500
d_x_2=0.500
d_x_4=3.000
d_x_5=0.333
d_x_6=1.200
d_x_7=2.000
d_x_8=1.000
d_x_9=5.000
d_x_11=3.000
d_x_12=3.000
d_x_13=1.000
d_x_14=1.000
d_x_15=2.000
d_x_16=2.000
d_x_17=5.000
d_x_18=5.000
d_x_19=5.000
d_y_0=0.667
d_y_1=2.500
d_y_2=2.500
d_y_4=2.000
d_y_5=0.667
d_y_6=2.000
d_y_7=1.000
d_y_8=3.000
d_y_9=1.000
d_y_10=2.000
d_y_11=1.000
d_y_12=1.000
d_y_13=1.000
d_y_14=1.000
d_y_15=1.000
d_y_17=1.000
d_y_18=2.000
normalized distance of container 0 : 0.3333333333333333
normalized distance of container 1 : 0.4444444444444444
normalized distance of container 2 : 0.3333333333333333
normalized distance of container 3 : 0.0
normalized distance of container 4 : 0.5555555555555556
normalized distance of container 5 : 0.1111111111111111
normalized distance of container 6 : 0.35555555555555557
normalized distance of container 7 : 0.3333333333333333
normalized distance of container 8 : 0.4444444444444444
normalized distance of container 9 : 0.6666666666666666
normalized distance of container 10 : 0.2222222222222222
normalized distance of container 11 : 0.4444444444444444
normalized distance of container 12 : 0.4444444444444444
normalized distance of container 13 : 0.2222222222222222
normalized distance of container 14 : 0.2222222222222222
normalized distance of container 15 : 0.3333333333333333
normalized distance of container 16 : 0.2222222222222222
normalized distance of container 17 : 0.6666666666666666
normalized distance of container 18 : 0.7777777777777778
normalized distance of container 19 : 0.5555555555555556
