Number of initial container : 7
Number of new container : 13
Total number of containers : 20
Level_num : 9
Container_level : [2, 3, 8, 1, 4, 9, 5, 7, 6, 7, 1, 1, 4, 6, 1, 3, 6, 2, 5, 8]
ideal_configuration : 
 [[5. 7. 0. 0. 0. 0.]
 [3. 5. 7. 0. 0. 0.]
 [1. 3. 6. 8. 0. 0.]
 [1. 2. 4. 6. 8. 0.]
 [1. 1. 2. 4. 6. 9.]]
Centroid : {2: (1.5, 0.5), 3: (0.5, 2.5), 8: (3.5, 1.5), 1: (0.25, 0.75), 4: (2.5, 0.5), 9: (5.0, 0.0), 5: (0.5, 3.5), 7: (1.5, 3.5), 6: (3.0, 1.0)}
Repeat number : 20
Original weight : [9.38, 11.06, 21.38, 7.22, 13.12, 23.41, 14.55, 21.0, 18.44, 19.35, 5.32, 6.67, 13.23, 17.65, 6.08, 11.18, 17.76, 9.28, 15.67, 21.77]
Group : [0, 0, 0, 0, 0, 0, 0, 0, 0, 0, 0, 0, 0, 0, 0, 0, 0, 0, 0, 0]
Sequence : [0, 0, 0, 0, 0, 0, 0, 1, 2, 3, 4, 5, 6, 7, 8, 9, 10, 11, 12, 13]
Scroe : [9.38, 11.06, 21.38, 7.22, 13.12, 23.41, 14.55, 21.0, 18.44, 19.35, 5.32, 6.67, 13.23, 17.65, 6.08, 11.18, 17.76, 9.28, 15.67, 21.77]
Time taken to solve the MIP model : 0.1424 seconds
min_d : 0, max_d : 9
---------------------------------
solution for: IP model
objective: 4
x_0_5_0=1
x_1_5_1=1
x_2_3_0=1
x_3_5_2=1
x_4_0_0=1
x_5_3_1=1
x_6_0_1=1
x_7_0_2=1
x_8_4_0=1
x_9_4_1=1
x_10_2_0=1
x_11_1_0=1
x_12_1_1=1
x_13_1_2=1
x_14_2_1=1
x_15_2_2=1
x_16_1_3=1
x_17_5_3=1
x_18_2_3=1
x_19_4_2=1
r_5_0=1
r_5_1=1
r_5_2=1
r_5_3=1
d_0=4.000
d_1=6.000
d_2=2.000
d_3=6.000
d_4=3.000
d_5=3.000
d_6=3.000
d_7=4.000
d_8=2.000
d_9=6.000
d_10=3.000
d_11=2.000
d_12=3.000
d_13=3.000
d_14=3.000
d_15=3.000
d_16=4.000
d_17=7.000
d_18=3.000
d_19=2.000
d_x_0=3.500
d_x_1=4.500
d_x_2=0.500
d_x_3=4.750
d_x_4=2.500
d_x_5=2.000
d_x_6=0.500
d_x_7=2.000
d_x_8=1.000
d_x_9=3.000
d_x_10=2.000
d_x_11=1.000
d_x_12=2.000
d_x_13=2.000
d_x_14=2.000
d_x_15=2.000
d_x_16=2.000
d_x_17=4.000
d_x_18=2.000
d_x_19=1.000
d_y_0=0.500
d_y_1=1.500
d_y_2=1.500
d_y_3=1.250
d_y_4=0.500
d_y_5=1.000
d_y_6=2.500
d_y_7=2.000
d_y_8=1.000
d_y_9=3.000
d_y_10=1.000
d_y_11=1.000
d_y_12=1.000
d_y_13=1.000
d_y_14=1.000
d_y_15=1.000
d_y_16=2.000
d_y_17=3.000
d_y_18=1.000
d_y_19=1.000
normalized distance of container 0 : 0.4444444444444444
normalized distance of container 1 : 0.6666666666666666
normalized distance of container 2 : 0.2222222222222222
normalized distance of container 3 : 0.6666666666666666
normalized distance of container 4 : 0.3333333333333333
normalized distance of container 5 : 0.3333333333333333
normalized distance of container 6 : 0.3333333333333333
normalized distance of container 7 : 0.4444444444444444
normalized distance of container 8 : 0.2222222222222222
normalized distance of container 9 : 0.6666666666666666
normalized distance of container 10 : 0.3333333333333333
normalized distance of container 11 : 0.2222222222222222
normalized distance of container 12 : 0.3333333333333333
normalized distance of container 13 : 0.3333333333333333
normalized distance of container 14 : 0.3333333333333333
normalized distance of container 15 : 0.3333333333333333
normalized distance of container 16 : 0.4444444444444444
normalized distance of container 17 : 0.7777777777777778
normalized distance of container 18 : 0.3333333333333333
normalized distance of container 19 : 0.2222222222222222
