Number of initial container : 7
Number of new container : 13
Total number of containers : 20
Level_num : 9
Container_level : [6, 4, 6, 7, 3, 9, 1, 1, 6, 5, 3, 3, 3, 8, 1, 7, 6, 1, 1, 4]
ideal_configuration : 
 [[4. 6. 0. 0. 0. 0.]
 [3. 5. 7. 0. 0. 0.]
 [1. 3. 6. 7. 0. 0.]
 [1. 1. 3. 6. 8. 0.]
 [1. 1. 3. 4. 6. 9.]]
Centroid : {6: (2.5, 1.75), 4: (1.5, 2.0), 7: (2.5, 2.5), 3: (1.25, 1.5), 9: (5.0, 0.0), 1: (0.4, 0.8), 5: (1.0, 3.0), 8: (4.0, 1.0)}
Repeat number : 9
Original weight : [15.86, 13.29, 15.78, 18.43, 11.5, 21.63, 6.63, 7.43, 16.91, 14.78, 11.21, 11.71, 11.37, 21.5, 5.77, 19.62, 16.93, 7.74, 7.36, 11.76]
Group : [0, 0, 0, 0, 0, 0, 0, 0, 0, 0, 0, 0, 0, 0, 0, 0, 0, 0, 0, 0]
Sequence : [0, 0, 0, 0, 0, 0, 0, 1, 2, 3, 4, 5, 6, 7, 8, 9, 10, 11, 12, 13]
Scroe : [15.86, 13.29, 15.78, 18.43, 11.5, 21.63, 6.63, 7.43, 16.91, 14.78, 11.21, 11.71, 11.37, 21.5, 5.77, 19.62, 16.93, 7.74, 7.36, 11.76]
Time taken to solve the MIP model : 0.1609 seconds
min_d : 0, max_d : 9
---------------------------------
solution for: IP model
objective: 5
x_0_0_0=1
x_1_4_0=1
x_2_4_1=1
x_3_3_0=1
x_4_5_0=1
x_5_5_1=1
x_6_3_1=1
x_7_1_0=1
x_8_4_2=1
x_9_3_2=1
x_10_1_1=1
x_11_1_2=1
x_12_3_3=1
x_13_4_3=1
x_14_2_0=1
x_15_1_3=1
x_16_0_1=1
x_17_3_4=1
x_18_2_1=1
x_19_2_2=1
r_3_0=1
r_3_1=1
r_3_2=1
r_3_3=1
r_3_4=1
d_0=4.250
d_1=4.500
d_2=2.250
d_3=3.000
d_4=5.250
d_5=1.000
d_6=2.800
d_7=2.000
d_8=3.000
d_9=3.000
d_10=2.000
d_11=2.000
d_12=4.000
d_13=2.000
d_14=3.000
d_15=3.000
d_16=4.000
d_17=7.000
d_18=3.000
d_19=1.000
d_x_0=2.500
d_x_1=2.500
d_x_2=1.500
d_x_3=0.500
d_x_4=3.750
d_x_6=2.600
d_x_7=1.000
d_x_8=2.000
d_x_9=2.000
d_x_10=1.000
d_x_11=1.000
d_x_12=2.000
d_x_14=2.000
d_x_15=2.000
d_x_16=3.000
d_x_17=3.000
d_x_18=2.000
d_x_19=1.000
d_y_0=1.750
d_y_1=2.000
d_y_2=0.750
d_y_3=2.500
d_y_4=1.500
d_y_5=1.000
d_y_6=0.200
d_y_7=1.000
d_y_8=1.000
d_y_9=1.000
d_y_10=1.000
d_y_11=1.000
d_y_12=2.000
d_y_13=2.000
d_y_14=1.000
d_y_15=1.000
d_y_16=1.000
d_y_17=4.000
d_y_18=1.000
normalized distance of container 0 : 0.4722222222222222
normalized distance of container 1 : 0.5
normalized distance of container 2 : 0.25
normalized distance of container 3 : 0.3333333333333333
normalized distance of container 4 : 0.5833333333333334
normalized distance of container 5 : 0.1111111111111111
normalized distance of container 6 : 0.3111111111111111
normalized distance of container 7 : 0.2222222222222222
normalized distance of container 8 : 0.3333333333333333
normalized distance of container 9 : 0.3333333333333333
normalized distance of container 10 : 0.2222222222222222
normalized distance of container 11 : 0.2222222222222222
normalized distance of container 12 : 0.4444444444444444
normalized distance of container 13 : 0.2222222222222222
normalized distance of container 14 : 0.3333333333333333
normalized distance of container 15 : 0.3333333333333333
normalized distance of container 16 : 0.4444444444444444
normalized distance of container 17 : 0.7777777777777778
normalized distance of container 18 : 0.3333333333333333
normalized distance of container 19 : 0.1111111111111111
