Number of initial container : 4
Number of new container : 3
Total number of containers : 7
Level_num : 9
Container_level : [5, 2, 3, 4, 9, 3, 1]
ideal_configuration : 
 [[0. 0. 0. 0. 0. 0.]
 [9. 0. 0. 0. 0. 0.]
 [3. 0. 0. 0. 0. 0.]
 [2. 4. 0. 0. 0. 0.]
 [1. 3. 5. 0. 0. 0.]]
Centroid : {5: (2.0, 0.0), 2: (0.0, 1.0), 3: (0.5, 1.0), 4: (1.0, 1.0), 9: (0.0, 3.0), 1: (0.0, 0.0)}
Repeat number : 13
Original weight : [15.71, 8.62, 11.89, 13.76, 22.61, 11.04, 6.5]
Group : [0, 0, 0, 0, 0, 0, 0]
Sequence : [0, 0, 0, 0, 1, 2, 3]
Scroe : [15.71, 8.62, 11.89, 13.76, 22.61, 11.04, 6.5]
Time taken to solve the MIP model : 0.0090 seconds
min_d : 0, max_d : 9
---------------------------------
solution for: IP model
objective: 0
x_0_1_0=1
x_1_5_0=1
x_2_3_0=1
x_3_4_0=1
x_4_5_1=1
x_5_2_0=1
x_6_0_0=1
d_0=1.000
d_1=6.000
d_2=3.500
d_3=4.000
d_4=7.000
d_5=3.000
d_x_0=1.000
d_x_1=5.000
d_x_2=2.500
d_x_3=3.000
d_x_4=5.000
d_x_5=2.000
d_y_1=1.000
d_y_2=1.000
d_y_3=1.000
d_y_4=2.000
d_y_5=1.000
normalized distance of container 0 : 0.1111111111111111
normalized distance of container 1 : 0.6666666666666666
normalized distance of container 2 : 0.3888888888888889
normalized distance of container 3 : 0.4444444444444444
normalized distance of container 4 : 0.7777777777777778
normalized distance of container 5 : 0.3333333333333333
normalized distance of container 6 : 0.0
