Number of initial container : 0
Number of new container : 25
Total number of containers : 25
Level_num : 9
Container_level : [4, 7, 3, 8, 1, 1, 5, 7, 5, 5, 2, 6, 8, 1, 1, 4, 2, 3, 5, 1, 7, 5, 6, 9, 4]
ideal_configuration : 
 [[4. 5. 7. 9. 0. 0.]
 [2. 4. 5. 7. 0. 0.]
 [1. 3. 5. 6. 8. 0.]
 [1. 1. 3. 5. 6. 8.]
 [1. 1. 2. 4. 5. 7.]]
Centroid : {4: (2.3333333333333335, 2.3333333333333335), 7: (4.333333333333333, 2.3333333333333335), 3: (2.5, 1.5), 8: (5.5, 1.5), 1: (1.4, 0.8), 5: (3.4, 2.0), 2: (2.0, 1.5), 6: (4.5, 1.5), 9: (4.0, 4.0)}
Repeat number : 26
Original weight : [14.65, 21.6, 12.21, 23.62, 8.77, 8.94, 16.19, 19.89, 15.84, 16.49, 10.1, 19.46, 22.33, 7.77, 8.39, 14.6, 9.72, 12.76, 16.16, 7.33, 21.25, 17.47, 18.25, 23.85, 14.43]
Sequence : [1, 2, 3, 4, 5, 6, 7, 8, 9, 10, 11, 12, 13, 14, 15, 16, 17, 18, 19, 20, 21, 22, 23, 24, 25]
Emergency : [0, 0, 0, 0, 0, 0, 0, 0, 0, 0, 0, 0, 0, 0, 0, 0, 0, 0, 0, 0, 0, 0, 0, 0, 0]
Time taken to solve the MIP model : 0.6404 seconds
min_d : 0, max_d : 9
---------------------------------
solution for: IP model
objective: 1.82963
status: OPTIMAL_SOLUTION(2)
x_1_2_4=1
x_2_5_3=1
x_3_3_0=1
x_4_6_1=1
x_5_4_0=1
x_6_2_0=1
x_7_4_1=1
x_8_5_2=1
x_9_3_2=1
x_10_4_2=1
x_11_2_2=1
x_12_5_1=1
x_13_6_0=1
x_14_1_1=1
x_15_1_2=1
x_16_2_3=1
x_17_2_1=1
x_18_3_1=1
x_19_3_3=1
x_20_1_0=1
x_21_4_3=1
x_22_3_4=1
x_23_5_0=1
x_24_4_4=1
x_25_1_3=1
d_1=2.000
d_2=1.333
d_3=2.000
d_4=1.000
d_5=3.400
d_6=1.400
d_7=1.600
d_8=1.000
d_9=0.400
d_10=0.600
d_11=0.500
d_12=1.000
d_13=2.000
d_14=0.600
d_15=1.600
d_16=1.000
d_17=0.500
d_18=1.000
d_19=1.400
d_20=1.200
d_21=1.000
d_22=2.400
d_23=2.000
d_25=2.000
d_x_1=0.333
d_x_2=0.667
d_x_3=0.500
d_x_4=0.500
d_x_5=2.600
d_x_6=0.600
d_x_7=0.600
d_x_8=0.667
d_x_9=0.400
d_x_10=0.600
d_x_12=0.500
d_x_13=0.500
d_x_14=0.400
d_x_15=0.400
d_x_16=0.333
d_x_18=0.500
d_x_19=0.400
d_x_20=0.400
d_x_21=0.333
d_x_22=0.400
d_x_23=0.500
d_x_25=1.333
d_y_1=1.667
d_y_2=0.667
d_y_3=1.500
d_y_4=0.500
d_y_5=0.800
d_y_6=0.800
d_y_7=1.000
d_y_8=0.333
d_y_11=0.500
d_y_12=0.500
d_y_13=1.500
d_y_14=0.200
d_y_15=1.200
d_y_16=0.667
d_y_17=0.500
d_y_18=0.500
d_y_19=1.000
d_y_20=0.800
d_y_21=0.667
d_y_22=2.000
d_y_23=1.500
d_y_25=0.667
normalized distance of container 1 : 0.22222222222222124
normalized distance of container 2 : 0.14814814814814817
normalized distance of container 3 : 0.22222222222222143
normalized distance of container 4 : 0.11111111111111091
normalized distance of container 5 : 0.3777777777777778
normalized distance of container 6 : 0.15555555555555556
normalized distance of container 7 : 0.17777777777777778
normalized distance of container 8 : 0.11111111111111116
normalized distance of container 9 : 0.044444444444443496
normalized distance of container 10 : 0.06666666666666668
normalized distance of container 11 : 0.05555555555555477
normalized distance of container 12 : 0.11111111111111033
normalized distance of container 13 : 0.22222222222222202
normalized distance of container 14 : 0.06666666666666525
normalized distance of container 15 : 0.17777777777777687
normalized distance of container 16 : 0.11111111111111056
normalized distance of container 17 : 0.055555555555556344
normalized distance of container 18 : 0.1111111111111111
normalized distance of container 19 : 0.15555555555555461
normalized distance of container 20 : 0.13333333333333242
normalized distance of container 21 : 0.11111111111111056
normalized distance of container 22 : 0.2666666666666657
normalized distance of container 23 : 0.22222222222222143
normalized distance of container 24 : 0.0
normalized distance of container 25 : 0.2222222222222222
