Number of initial container : 0
Number of new container : 25
Total number of containers : 25
Level_num : 9
Container_level : [8, 2, 1, 7, 2, 7, 6, 5, 7, 7, 6, 2, 4, 3, 3, 4, 9, 1, 7, 6, 6, 8, 5, 6, 1]
ideal_configuration : 
 [[5. 6. 7. 9. 0. 0.]
 [3. 5. 6. 7. 0. 0.]
 [2. 3. 6. 7. 8. 0.]
 [1. 2. 4. 6. 7. 8.]
 [1. 1. 2. 4. 6. 7.]]
Centroid : {8: (5.5, 1.5), 2: (2.0, 1.0), 1: (1.3333333333333333, 0.3333333333333333), 7: (4.4, 2.0), 6: (3.4, 2.0), 5: (1.5, 3.5), 4: (3.5, 0.5), 3: (1.5, 2.5), 9: (4.0, 4.0)}
Repeat number : 20
Original weight : [21.61, 8.45, 6.92, 20.58, 9.48, 20.05, 17.69, 16.17, 19.9, 21.36, 17.13, 8.96, 13.66, 10.76, 10.93, 13.42, 23.71, 5.35, 19.25, 16.9, 17.88, 23.33, 14.54, 17.72, 5.13]
Sequence : [1, 2, 3, 4, 5, 6, 7, 8, 9, 10, 11, 12, 13, 14, 15, 16, 17, 18, 19, 20, 21, 22, 23, 24, 25]
Emergency : [0, 0, 0, 0, 0, 0, 0, 0, 0, 0, 0, 0, 0, 0, 0, 0, 0, 0, 0, 0, 0, 0, 0, 0, 0]
Time taken to solve the MIP model : 0.7742 seconds
min_d : 0, max_d : 9
---------------------------------
solution for: IP model
objective: 1.54815
status: OPTIMAL_SOLUTION(2)
x_1_6_0=1
x_2_2_1=1
x_3_1_1=1
x_4_5_2=1
x_5_1_2=1
x_6_4_3=1
x_7_4_1=1
x_8_1_4=1
x_9_5_1=1
x_10_5_3=1
x_11_3_2=1
x_12_2_2=1
x_13_3_0=1
x_14_1_3=1
x_15_2_3=1
x_16_4_0=1
x_17_4_4=1
x_18_2_0=1
x_19_5_0=1
x_20_3_1=1
x_21_4_2=1
x_22_6_1=1
x_23_2_4=1
x_24_3_3=1
x_25_1_0=1
d_1=2.000
d_3=1.000
d_4=0.600
d_5=2.000
d_6=1.400
d_7=1.600
d_8=1.000
d_9=1.600
d_10=1.600
d_11=0.400
d_12=1.000
d_13=1.000
d_14=1.000
d_15=1.000
d_16=1.000
d_18=1.000
d_19=2.600
d_20=1.400
d_21=0.600
d_22=1.000
d_23=1.000
d_24=1.400
d_25=0.667
d_x_1=0.500
d_x_3=0.333
d_x_4=0.600
d_x_5=1.000
d_x_6=0.400
d_x_7=0.600
d_x_8=0.500
d_x_9=0.600
d_x_10=0.600
d_x_11=0.400
d_x_13=0.500
d_x_14=0.500
d_x_15=0.500
d_x_16=0.500
d_x_18=0.667
d_x_19=0.600
d_x_20=0.400
d_x_21=0.600
d_x_22=0.500
d_x_23=0.500
d_x_24=0.400
d_x_25=0.333
d_y_1=1.500
d_y_3=0.667
d_y_5=1.000
d_y_6=1.000
d_y_7=1.000
d_y_8=0.500
d_y_9=1.000
d_y_10=1.000
d_y_12=1.000
d_y_13=0.500
d_y_14=0.500
d_y_15=0.500
d_y_16=0.500
d_y_18=0.333
d_y_19=2.000
d_y_20=1.000
d_y_22=0.500
d_y_23=0.500
d_y_24=1.000
d_y_25=0.333
normalized distance of container 1 : 0.22222222222222202
normalized distance of container 2 : 0.0
normalized distance of container 3 : 0.11111111111110901
normalized distance of container 4 : 0.06666666666666662
normalized distance of container 5 : 0.2222222222222222
normalized distance of container 6 : 0.15555555555555461
normalized distance of container 7 : 0.17777777777777778
normalized distance of container 8 : 0.11111111111110933
normalized distance of container 9 : 0.17777777777777773
normalized distance of container 10 : 0.17777777777777773
normalized distance of container 11 : 0.044444444444443496
normalized distance of container 12 : 0.1111111111111111
normalized distance of container 13 : 0.11111111111110913
normalized distance of container 14 : 0.11111111111110913
normalized distance of container 15 : 0.11111111111110913
normalized distance of container 16 : 0.11111111111110913
normalized distance of container 17 : 0.0
normalized distance of container 18 : 0.11111111111110983
normalized distance of container 19 : 0.28888888888888886
normalized distance of container 20 : 0.15555555555555559
normalized distance of container 21 : 0.06666666666666665
normalized distance of container 22 : 0.1111111111111117
normalized distance of container 23 : 0.11111111111110933
normalized distance of container 24 : 0.15555555555555464
normalized distance of container 25 : 0.07407407407407066
