Number of initial container : 0
Number of new container : 25
Total number of containers : 25
Level_num : 9
Container_level : [6, 2, 5, 5, 1, 9, 8, 5, 7, 6, 3, 7, 4, 5, 5, 2, 7, 1, 8, 6, 3, 5, 8, 1, 5]
ideal_configuration : 
 [[5. 6. 7. 9. 0. 0.]
 [3. 5. 6. 8. 0. 0.]
 [2. 4. 5. 6. 8. 0.]
 [1. 2. 5. 5. 7. 8.]
 [1. 1. 3. 5. 5. 7.]]
Centroid : {6: (3.0, 3.0), 2: (1.5, 1.5), 5: (3.142857142857143, 1.5714285714285714), 1: (1.3333333333333333, 0.3333333333333333), 9: (4.0, 4.0), 8: (5.0, 2.0), 7: (4.666666666666667, 1.6666666666666667), 3: (2.0, 1.5), 4: (2.0, 2.0)}
Repeat number : 18
Original weight : [18.54, 9.95, 16.17, 15.6, 8.0, 22.97, 21.61, 15.54, 19.71, 17.52, 12.1, 19.59, 12.49, 14.71, 15.93, 10.0, 19.57, 6.9, 21.75, 18.7, 11.99, 15.95, 22.7, 6.04, 15.34]
Sequence : [1, 2, 3, 4, 5, 6, 7, 8, 9, 10, 11, 12, 13, 14, 15, 16, 17, 18, 19, 20, 21, 22, 23, 24, 25]
Emergency : [0, 0, 0, 0, 0, 0, 0, 0, 0, 0, 0, 0, 0, 0, 0, 0, 0, 0, 0, 0, 0, 0, 0, 0, 0]
Time taken to solve the MIP model : 0.6546 seconds
min_d : 0, max_d : 9
---------------------------------
solution for: IP model
objective: 1.62434
status: OPTIMAL_SOLUTION(2)
x_1_3_4=1
x_2_1_2=1
x_3_3_2=1
x_4_4_1=1
x_5_1_1=1
x_6_4_4=1
x_7_6_2=1
x_8_3_0=1
x_9_6_1=1
x_10_3_3=1
x_11_2_2=1
x_12_5_1=1
x_13_2_3=1
x_14_6_0=1
x_15_4_2=1
x_16_1_3=1
x_17_5_0=1
x_18_2_0=1
x_19_5_2=1
x_20_4_3=1
x_21_2_1=1
x_22_3_1=1
x_23_5_3=1
x_24_1_0=1
x_25_4_0=1
d_1=1.000
d_2=1.000
d_3=0.571
d_4=1.429
d_5=1.000
d_7=1.000
d_8=1.714
d_9=2.000
d_11=0.500
d_12=1.000
d_13=1.000
d_14=4.429
d_15=1.286
d_16=2.000
d_17=2.000
d_18=1.000
d_20=1.000
d_21=0.500
d_22=0.714
d_23=1.000
d_24=0.667
d_25=2.429
d_x_2=0.500
d_x_3=0.143
d_x_4=0.857
d_x_5=0.333
d_x_7=1.000
d_x_8=0.143
d_x_9=1.333
d_x_12=0.333
d_x_14=2.857
d_x_15=0.857
d_x_16=0.500
d_x_17=0.333
d_x_18=0.667
d_x_20=1.000
d_x_22=0.143
d_x_24=0.333
d_x_25=0.857
d_y_1=1.000
d_y_2=0.500
d_y_3=0.429
d_y_4=0.571
d_y_5=0.667
d_y_8=1.571
d_y_9=0.667
d_y_11=0.500
d_y_12=0.667
d_y_13=1.000
d_y_14=1.571
d_y_15=0.429
d_y_16=1.500
d_y_17=1.667
d_y_18=0.333
d_y_21=0.500
d_y_22=0.571
d_y_23=1.000
d_y_24=0.333
d_y_25=1.571
normalized distance of container 1 : 0.1111111111111111
normalized distance of container 2 : 0.11111111111110872
normalized distance of container 3 : 0.06349206349206166
normalized distance of container 4 : 0.15873015873015872
normalized distance of container 5 : 0.11111111111110901
normalized distance of container 6 : 0.0
normalized distance of container 7 : 0.1111111111111111
normalized distance of container 8 : 0.19047619047618963
normalized distance of container 9 : 0.2222222222222222
normalized distance of container 10 : 0.0
normalized distance of container 11 : 0.05555555555555555
normalized distance of container 12 : 0.11111111111111036
normalized distance of container 13 : 0.1111111111111111
normalized distance of container 14 : 0.4920634920634921
normalized distance of container 15 : 0.14285714285714188
normalized distance of container 16 : 0.22222222222222182
normalized distance of container 17 : 0.2222222222222217
normalized distance of container 18 : 0.11111111111110983
normalized distance of container 19 : 0.0
normalized distance of container 20 : 0.1111111111111111
normalized distance of container 21 : 0.055555555555556344
normalized distance of container 22 : 0.0793650793650795
normalized distance of container 23 : 0.1111111111111111
normalized distance of container 24 : 0.07407407407407066
normalized distance of container 25 : 0.2698412698412698
