Number of initial container : 0
Number of new container : 25
Total number of containers : 25
Level_num : 9
Container_level : [6, 8, 3, 8, 1, 7, 1, 2, 4, 7, 6, 8, 6, 1, 3, 2, 1, 1, 5, 5, 8, 8, 6, 3, 6]
ideal_configuration : 
 [[4. 6. 8. 8. 0. 0.]
 [2. 5. 6. 8. 0. 0.]
 [1. 3. 5. 6. 8. 0.]
 [1. 1. 3. 6. 7. 8.]
 [1. 1. 2. 3. 6. 7.]]
Centroid : {6: (3.6, 2.0), 8: (4.4, 2.8), 3: (3.0, 1.0), 1: (1.4, 0.8), 7: (5.5, 0.5), 2: (2.0, 1.5), 4: (1.0, 4.0), 5: (2.5, 2.5)}
Repeat number : 16
Original weight : [18.8, 21.71, 11.29, 22.81, 7.21, 19.64, 5.42, 8.08, 13.04, 19.39, 17.85, 22.26, 18.97, 5.54, 11.12, 8.83, 7.12, 6.74, 15.06, 14.72, 21.83, 23.62, 18.56, 11.73, 16.9]
Sequence : [1, 2, 3, 4, 5, 6, 7, 8, 9, 10, 11, 12, 13, 14, 15, 16, 17, 18, 19, 20, 21, 22, 23, 24, 25]
Emergency : [0, 0, 0, 0, 0, 0, 0, 0, 0, 0, 0, 0, 0, 0, 0, 0, 0, 0, 0, 0, 0, 0, 0, 0, 0]
Time taken to solve the MIP model : 0.9443 seconds
min_d : 0, max_d : 9
---------------------------------
solution for: IP model
objective: 1.7
status: OPTIMAL_SOLUTION(2)
x_1_4_1=1
x_2_4_3=1
x_3_3_1=1
x_4_5_3=1
x_5_1_3=1
x_6_6_1=1
x_7_1_0=1
x_8_2_1=1
x_9_1_4=1
x_10_6_0=1
x_11_3_2=1
x_12_4_4=1
x_13_4_2=1
x_14_1_1=1
x_15_3_0=1
x_16_2_2=1
x_17_2_0=1
x_18_1_2=1
x_19_2_4=1
x_20_2_3=1
x_21_5_2=1
x_22_3_3=1
x_23_5_1=1
x_24_4_0=1
x_25_5_0=1
d_1=1.400
d_2=0.600
d_4=0.800
d_5=2.600
d_6=1.000
d_7=1.200
d_8=0.500
d_10=1.000
d_11=0.600
d_12=1.600
d_13=0.400
d_14=0.600
d_15=1.000
d_16=0.500
d_17=1.400
d_18=1.600
d_19=2.000
d_20=1.000
d_21=1.400
d_22=1.600
d_23=2.400
d_24=2.000
d_25=3.400
d_x_1=0.400
d_x_2=0.400
d_x_4=0.600
d_x_5=0.400
d_x_6=0.500
d_x_7=0.400
d_x_10=0.500
d_x_11=0.600
d_x_12=0.400
d_x_13=0.400
d_x_14=0.400
d_x_17=0.600
d_x_18=0.400
d_x_19=0.500
d_x_20=0.500
d_x_21=0.600
d_x_22=1.400
d_x_23=1.400
d_x_24=1.000
d_x_25=1.400
d_y_1=1.000
d_y_2=0.200
d_y_4=0.200
d_y_5=2.200
d_y_6=0.500
d_y_7=0.800
d_y_8=0.500
d_y_10=0.500
d_y_12=1.200
d_y_14=0.200
d_y_15=1.000
d_y_16=0.500
d_y_17=0.800
d_y_18=1.200
d_y_19=1.500
d_y_20=0.500
d_y_21=0.800
d_y_22=0.200
d_y_23=1.000
d_y_24=1.000
d_y_25=2.000
normalized distance of container 1 : 0.15555555555555461
normalized distance of container 2 : 0.06666666666666544
normalized distance of container 3 : 0.0
normalized distance of container 4 : 0.08888888888888857
normalized distance of container 5 : 0.2888888888888875
normalized distance of container 6 : 0.11111111111110933
normalized distance of container 7 : 0.1333333333333324
normalized distance of container 8 : 0.05555555555555555
normalized distance of container 9 : 0.0
normalized distance of container 10 : 0.11111111111110933
normalized distance of container 11 : 0.06666666666666667
normalized distance of container 12 : 0.17777777777777684
normalized distance of container 13 : 0.0444444444444435
normalized distance of container 14 : 0.06666666666666529
normalized distance of container 15 : 0.1111111111111111
normalized distance of container 16 : 0.05555555555555555
normalized distance of container 17 : 0.15555555555555556
normalized distance of container 18 : 0.17777777777777687
normalized distance of container 19 : 0.22222222222222104
normalized distance of container 20 : 0.11111111111110993
normalized distance of container 21 : 0.15555555555555547
normalized distance of container 22 : 0.1777777777777776
normalized distance of container 23 : 0.2666666666666666
normalized distance of container 24 : 0.2222222222222222
normalized distance of container 25 : 0.3777777777777777
