Number of initial container : 0
Number of new container : 25
Total number of containers : 25
Level_num : 9
Container_level : [8, 5, 5, 7, 5, 3, 4, 5, 7, 2, 2, 1, 7, 8, 5, 1, 3, 7, 7, 5, 4, 4, 8, 9, 5]
ideal_configuration : 
 [[5. 5. 7. 9. 0. 0.]
 [4. 5. 7. 8. 0. 0.]
 [2. 4. 5. 7. 8. 0.]
 [1. 3. 4. 5. 7. 8.]
 [1. 2. 3. 5. 5. 7.]]
Centroid : {8: (5.0, 2.0), 5: (3.0, 2.0), 7: (4.2, 2.0), 3: (2.5, 0.5), 4: (2.0, 2.0), 2: (1.5, 1.0), 1: (1.0, 0.5), 9: (4.0, 4.0)}
Repeat number : 9
Original weight : [23.64, 15.51, 15.34, 21.33, 17.1, 11.13, 13.06, 15.11, 19.95, 9.76, 9.83, 6.32, 19.98, 23.67, 15.99, 7.34, 11.75, 20.62, 21.61, 15.28, 14.45, 14.1, 22.28, 23.8, 15.7]
Sequence : [1, 2, 3, 4, 5, 6, 7, 8, 9, 10, 11, 12, 13, 14, 15, 16, 17, 18, 19, 20, 21, 22, 23, 24, 25]
Emergency : [0, 0, 0, 0, 0, 0, 0, 0, 0, 0, 0, 0, 0, 0, 0, 0, 0, 0, 0, 0, 0, 0, 0, 0, 0]
Time taken to solve the MIP model : 0.8641 seconds
min_d : 0, max_d : 9
---------------------------------
solution for: IP model
objective: 1.8
status: OPTIMAL_SOLUTION(2)
x_1_5_2=1
x_2_3_3=1
x_3_4_1=1
x_4_4_3=1
x_5_3_4=1
x_6_4_0=1
x_7_2_2=1
x_8_3_1=1
x_9_5_0=1
x_10_1_1=1
x_11_2_1=1
x_12_2_0=1
x_13_6_0=1
x_14_5_3=1
x_15_4_2=1
x_16_1_0=1
x_17_3_0=1
x_18_6_1=1
x_19_6_2=1
x_20_3_2=1
x_21_1_2=1
x_22_2_3=1
x_23_5_1=1
x_24_4_4=1
x_25_1_3=1
d_2=1.000
d_3=2.000
d_4=1.200
d_5=2.000
d_6=2.000
d_8=1.000
d_9=2.800
d_10=0.500
d_11=0.500
d_12=1.500
d_13=3.800
d_14=1.000
d_15=1.000
d_16=0.500
d_17=1.000
d_18=2.800
d_19=1.800
d_21=1.000
d_22=1.000
d_23=1.000
d_25=3.000
d_x_3=1.000
d_x_4=0.200
d_x_6=1.500
d_x_9=0.800
d_x_10=0.500
d_x_11=0.500
d_x_12=1.000
d_x_13=1.800
d_x_15=1.000
d_x_17=0.500
d_x_18=1.800
d_x_19=1.800
d_x_21=1.000
d_x_25=2.000
d_y_2=1.000
d_y_3=1.000
d_y_4=1.000
d_y_5=2.000
d_y_6=0.500
d_y_8=1.000
d_y_9=2.000
d_y_12=0.500
d_y_13=2.000
d_y_14=1.000
d_y_16=0.500
d_y_17=0.500
d_y_18=1.000
d_y_22=1.000
d_y_23=1.000
d_y_25=1.000
normalized distance of container 1 : 0.0
normalized distance of container 2 : 0.1111111111111111
normalized distance of container 3 : 0.2222222222222222
normalized distance of container 4 : 0.13333333333333286
normalized distance of container 5 : 0.2222222222222222
normalized distance of container 6 : 0.22222222222222066
normalized distance of container 7 : 0.0
normalized distance of container 8 : 0.1111111111111111
normalized distance of container 9 : 0.3111111111111111
normalized distance of container 10 : 0.05555555555555398
normalized distance of container 11 : 0.05555555555555398
normalized distance of container 12 : 0.16666666666666508
normalized distance of container 13 : 0.42222222222222217
normalized distance of container 14 : 0.1111111111111111
normalized distance of container 15 : 0.1111111111111111
normalized distance of container 16 : 0.05555555555555398
normalized distance of container 17 : 0.11111111111110875
normalized distance of container 18 : 0.3111111111111111
normalized distance of container 19 : 0.19999999999999998
normalized distance of container 20 : 0.0
normalized distance of container 21 : 0.1111111111111111
normalized distance of container 22 : 0.1111111111111111
normalized distance of container 23 : 0.1111111111111111
normalized distance of container 24 : 0.0
normalized distance of container 25 : 0.3333333333333333
