Number of initial container : 0
Number of new container : 15
Total number of containers : 15
Level_num : 9
Container_level : [9, 1, 3, 5, 7, 7, 8, 5, 3, 7, 5, 7, 7, 7, 1]
ideal_configuration : 
 [[7. 0. 0. 0. 0. 0.]
 [5. 7. 0. 0. 0. 0.]
 [3. 7. 7. 0. 0. 0.]
 [1. 5. 7. 8. 0. 0.]
 [1. 3. 5. 7. 9. 0.]]
Centroid : {9: (4.0, 0.0), 1: (0.0, 0.5), 3: (0.5, 1.0), 5: (1.0, 1.3333333333333333), 7: (1.5, 2.0), 8: (3.0, 1.0)}
Repeat number : 8
Original weight : [22.99, 6.09, 12.14, 15.69, 20.34, 20.34, 22.93, 15.47, 11.58, 20.22, 15.26, 19.38, 19.29, 19.0, 8.0]
Group : [0, 0, 0, 0, 0, 0, 0, 0, 0, 0, 0, 0, 0, 0, 0]
Sequence : [1, 2, 3, 4, 5, 6, 7, 8, 9, 10, 11, 12, 13, 14, 15]
Scroe : [22.99, 6.09, 12.14, 15.69, 20.34, 20.34, 22.93, 15.47, 11.58, 20.22, 15.26, 19.38, 19.29, 19.0, 8.0]
Time taken to solve the MIP model : 20.0054 seconds
min_d : 0, max_d : 9
---------------------------------
solution for: IP model
objective: 2
x_0_1_0=1
x_1_5_0=1
x_2_5_1=1
x_3_3_0=1
x_4_4_0=1
x_5_4_1=1
x_6_4_2=1
x_7_5_2=1
x_8_2_0=1
x_9_5_3=1
x_10_2_1=1
x_11_2_2=1
x_12_3_1=1
x_13_5_4=1
x_14_0_0=1
r_5_3=1
r_5_4=1
d_0=3.000
d_1=6.000
d_2=5.000
d_3=4.000
d_4=5.000
d_5=4.000
d_6=2.000
d_7=5.000
d_8=3.000
d_9=5.000
d_10=2.000
d_11=1.000
d_12=3.000
d_13=6.000
d_14=1.000
d_x_0=3.000
d_x_1=5.000
d_x_2=5.000
d_x_3=2.000
d_x_4=3.000
d_x_5=3.000
d_x_6=1.000
d_x_7=4.000
d_x_8=2.000
d_x_9=4.000
d_x_10=1.000
d_x_11=1.000
d_x_12=2.000
d_x_13=4.000
d_y_1=1.000
d_y_3=2.000
d_y_4=2.000
d_y_5=1.000
d_y_6=1.000
d_y_7=1.000
d_y_8=1.000
d_y_9=1.000
d_y_10=1.000
d_y_12=1.000
d_y_13=2.000
d_y_14=1.000
normalized distance of container 0 : 0.3333333333333333
normalized distance of container 1 : 0.6666666666666666
normalized distance of container 2 : 0.5555555555555556
normalized distance of container 3 : 0.4444444444444444
normalized distance of container 4 : 0.5555555555555556
normalized distance of container 5 : 0.4444444444444444
normalized distance of container 6 : 0.2222222222222222
normalized distance of container 7 : 0.5555555555555556
normalized distance of container 8 : 0.3333333333333333
normalized distance of container 9 : 0.5555555555555556
normalized distance of container 10 : 0.2222222222222222
normalized distance of container 11 : 0.1111111111111111
normalized distance of container 12 : 0.3333333333333333
normalized distance of container 13 : 0.6666666666666666
normalized distance of container 14 : 0.1111111111111111
