Number of initial container : 7
Number of new container : 8
Total number of containers : 15
Level_num : 9
Container_level : [6, 3, 1, 1, 6, 1, 1, 6, 8, 9, 1, 3, 1, 3, 1]
ideal_configuration : 
 [[6. 0. 0. 0. 0. 0.]
 [1. 6. 0. 0. 0. 0.]
 [1. 3. 6. 0. 0. 0.]
 [1. 1. 3. 8. 0. 0.]
 [1. 1. 1. 3. 9. 0.]]
Centroid : {6: (1.0, 3.0), 3: (2.0, 1.0), 1: (0.5714285714285714, 1.0), 8: (3.0, 1.0), 9: (4.0, 0.0)}
Repeat number : 25
Original weight : [14.13, 6.67, 15.14, 6.03, 22.16, 10.56, 23.28, 14.94, 21.26, 22.84, 21.08, 20.39, 23.19, 8.42, 18.6]
Group : [2, 1, 0, 0, 2, 0, 0, 2, 3, 3, 0, 1, 0, 1, 0]
Sequence : [0, 0, 0, 0, 0, 0, 0, 1, 2, 3, 4, 5, 6, 7, 8]
Scroe : [214.13, 106.67, 15.14, 6.03, 222.16, 10.56, 23.28, 214.94, 321.26, 322.84, 21.08, 120.39, 23.19, 108.42, 18.6]
Time taken to solve the MIP model : 0.0211 seconds
min_d : 0, max_d : 9
---------------------------------
solution for: IP model
objective: 0
x_0_1_0=1
x_1_4_0=1
x_2_3_0=1
x_3_0_0=1
x_4_5_0=1
x_5_0_1=1
x_6_3_1=1
x_7_1_1=1
x_8_5_1=1
x_9_5_2=1
x_10_2_0=1
x_11_3_2=1
x_12_2_1=1
x_13_4_1=1
x_14_0_2=1
d_0=3.000
d_1=3.000
d_2=4.000
d_3=2.000
d_4=7.000
d_5=1.000
d_6=3.000
d_7=2.000
d_8=2.000
d_9=3.000
d_10=3.000
d_11=2.000
d_12=2.000
d_13=2.000
d_14=2.000
d_x_1=2.000
d_x_2=3.000
d_x_3=1.000
d_x_4=4.000
d_x_5=1.000
d_x_6=3.000
d_x_8=2.000
d_x_9=1.000
d_x_10=2.000
d_x_11=1.000
d_x_12=2.000
d_x_13=2.000
d_x_14=1.000
d_y_0=3.000
d_y_1=1.000
d_y_2=1.000
d_y_3=1.000
d_y_4=3.000
d_y_7=2.000
d_y_9=2.000
d_y_10=1.000
d_y_11=1.000
d_y_14=1.000
normalized distance of container 0 : 0.3333333333333333
normalized distance of container 1 : 0.3333333333333333
normalized distance of container 2 : 0.4444444444444444
normalized distance of container 3 : 0.2222222222222222
normalized distance of container 4 : 0.7777777777777778
normalized distance of container 5 : 0.1111111111111111
normalized distance of container 6 : 0.3333333333333333
normalized distance of container 7 : 0.2222222222222222
normalized distance of container 8 : 0.2222222222222222
normalized distance of container 9 : 0.3333333333333333
normalized distance of container 10 : 0.3333333333333333
normalized distance of container 11 : 0.2222222222222222
normalized distance of container 12 : 0.2222222222222222
normalized distance of container 13 : 0.2222222222222222
normalized distance of container 14 : 0.2222222222222222
