Number of initial container : 10
Number of new container : 5
Total number of containers : 15
Level_num : 9
Container_level : [1, 2, 7, 7, 3, 4, 4, 5, 9, 6, 1, 1, 2, 4, 8]
ideal_configuration : 
 [[6. 0. 0. 0. 0. 0.]
 [4. 7. 0. 0. 0. 0.]
 [2. 4. 7. 0. 0. 0.]
 [1. 2. 4. 8. 0. 0.]
 [1. 1. 3. 5. 9. 0.]]
Centroid : {1: (1.3333333333333333, 0.3333333333333333), 2: (1.5, 1.5), 7: (2.5, 2.5), 3: (3.0, 0.0), 4: (2.0, 2.0), 5: (4.0, 0.0), 9: (5.0, 0.0), 6: (1.0, 4.0), 8: (4.0, 1.0)}
Repeat number : 7
Original weight : [5.4, 7.6, 18.09, 19.81, 11.61, 12.66, 11.78, 15.49, 22.2, 17.68, 6.03, 6.18, 9.42, 11.7, 21.89]
Sequence : [0, 0, 0, 0, 0, 0, 0, 0, 0, 0, 1, 2, 3, 4, 5]
Emergency : [0, 0, 0, 0, 0, 0, 0, 0, 0, 0, 0, 0, 0, 0, 0]
Time taken to solve the MIP model : 0.0156 seconds
min_d : 0, max_d : 9
---------------------------------
solution for: IP model
objective: 5.14815
status: OPTIMAL_SOLUTION(2)
x_1_5_0=1
x_2_6_0=1
x_3_1_0=1
x_4_6_1=1
x_5_3_0=1
x_6_2_0=1
x_7_3_1=1
x_8_2_1=1
x_9_5_1=1
x_10_3_2=1
x_11_4_0=1
x_12_4_1=1
x_13_4_2=1
x_14_4_3=1
x_15_1_1=1
r_4_2=1
r_4_3=1
d_1=4.000
d_2=6.000
d_3=4.000
d_4=5.000
d_6=2.000
d_7=2.000
d_8=3.000
d_9=1.000
d_10=4.000
d_11=3.000
d_12=3.333
d_13=3.000
d_14=3.000
d_15=3.000
d_x_1=3.667
d_x_2=4.500
d_x_3=1.500
d_x_4=3.500
d_x_7=1.000
d_x_8=2.000
d_x_10=2.000
d_x_11=2.667
d_x_12=2.667
d_x_13=2.500
d_x_14=2.000
d_x_15=3.000
d_y_1=0.333
d_y_2=1.500
d_y_3=2.500
d_y_4=1.500
d_y_6=2.000
d_y_7=1.000
d_y_8=1.000
d_y_9=1.000
d_y_10=2.000
d_y_11=0.333
d_y_12=0.667
d_y_13=0.500
d_y_14=1.000
normalized distance of container 1 : 0.4444444444444444
normalized distance of container 2 : 0.6666666666666666
normalized distance of container 3 : 0.4444444444444444
normalized distance of container 4 : 0.5555555555555556
normalized distance of container 5 : 0.0
normalized distance of container 6 : 0.2222222222222222
normalized distance of container 7 : 0.2222222222222222
normalized distance of container 8 : 0.3333333333333333
normalized distance of container 9 : 0.1111111111111111
normalized distance of container 10 : 0.4444444444444444
normalized distance of container 11 : 0.33333333333333337
normalized distance of container 12 : 0.37037037037037046
normalized distance of container 13 : 0.3333333333333333
normalized distance of container 14 : 0.3333333333333333
normalized distance of container 15 : 0.3333333333333333
