Number of initial container : 10
Number of new container : 5
Total number of containers : 15
Level_num : 9
Container_level : [5, 4, 2, 9, 6, 2, 8, 3, 5, 5, 2, 5, 6, 1, 4]
ideal_configuration : 
 [[5. 0. 0. 0. 0. 0.]
 [4. 6. 0. 0. 0. 0.]
 [2. 5. 6. 0. 0. 0.]
 [2. 3. 5. 8. 0. 0.]
 [1. 2. 4. 5. 9. 0.]]
Centroid : {5: (1.5, 1.75), 4: (1.0, 1.5), 2: (0.3333333333333333, 1.0), 9: (4.0, 0.0), 6: (1.5, 2.5), 8: (3.0, 1.0), 3: (1.0, 1.0), 1: (0.0, 0.0)}
Repeat number : 18
Original weight : [17.64, 14.31, 11.04, 23.72, 19.72, 11.25, 23.5, 13.86, 16.5, 16.25, 12.19, 16.14, 19.81, 8.45, 14.22]
Sequence : [0, 0, 0, 0, 0, 0, 0, 0, 0, 0, 1, 2, 3, 4, 5]
Emergency : [0, 0, 0, 0, 0, 0, 0, 0, 0, 0, 0, 0, 0, 0, 0]
Time taken to solve the MIP model : 0.0090 seconds
min_d : 0, max_d : 9
---------------------------------
solution for: IP model
objective: 4.46296
status: OPTIMAL_SOLUTION(2)
x_0_5_0=1
x_1_5_1=1
x_2_4_0=1
x_3_4_1=1
x_4_5_2=1
x_5_3_0=1
x_6_1_0=1
x_7_4_2=1
x_8_0_0=1
x_9_1_1=1
x_10_0_1=1
x_11_1_2=1
x_12_1_3=1
x_13_2_0=1
x_14_2_1=1
r_0_0=1
r_0_1=1
r_1_0=1
r_1_1=1
r_1_2=1
r_1_3=1
r_4_0=1
r_4_1=1
r_4_2=1
r_5_0=1
r_5_1=1
r_5_2=1
d_0=5.250
d_1=4.500
d_2=4.667
d_3=1.000
d_4=4.000
d_5=3.667
d_6=3.000
d_7=4.000
d_8=3.250
d_9=1.250
d_10=0.333
d_11=0.750
d_12=1.000
d_13=2.000
d_14=1.500
d_x_0=3.500
d_x_1=4.000
d_x_2=3.667
d_x_4=3.500
d_x_5=2.667
d_x_6=2.000
d_x_7=3.000
d_x_8=1.500
d_x_9=0.500
d_x_10=0.333
d_x_11=0.500
d_x_12=0.500
d_x_13=2.000
d_x_14=1.000
d_y_0=1.750
d_y_1=0.500
d_y_2=1.000
d_y_3=1.000
d_y_4=0.500
d_y_5=1.000
d_y_6=1.000
d_y_7=1.000
d_y_8=1.750
d_y_9=0.750
d_y_11=0.250
d_y_12=0.500
d_y_14=0.500
normalized distance of container 0 : 0.5833333333333334
normalized distance of container 1 : 0.5
normalized distance of container 2 : 0.5185185185185185
normalized distance of container 3 : 0.1111111111111111
normalized distance of container 4 : 0.4444444444444444
normalized distance of container 5 : 0.4074074074074074
normalized distance of container 6 : 0.3333333333333333
normalized distance of container 7 : 0.4444444444444444
normalized distance of container 8 : 0.3611111111111111
normalized distance of container 9 : 0.1388888888888889
normalized distance of container 10 : 0.037037037037036674
normalized distance of container 11 : 0.08333333333333275
normalized distance of container 12 : 0.11111111111111052
normalized distance of container 13 : 0.2222222222222222
normalized distance of container 14 : 0.16666666666666588
