Number of initial container : 3
Number of new container : 17
Total number of containers : 20
Level_num : 9
Container_level : [5, 2, 1, 6, 5, 9, 7, 1, 5, 8, 4, 6, 6, 4, 1, 5, 1, 3, 5, 1]
ideal_configuration : 
 [[5. 6. 0. 0. 0. 0.]
 [3. 5. 6. 0. 0. 0.]
 [1. 4. 5. 7. 0. 0.]
 [1. 1. 4. 5. 8. 0.]
 [1. 1. 2. 5. 6. 9.]]
Centroid : {5: (1.8, 2.0), 2: (2.0, 0.0), 1: (0.4, 0.8), 6: (2.3333333333333335, 2.3333333333333335), 9: (5.0, 0.0), 7: (3.0, 2.0), 8: (4.0, 1.0), 4: (1.5, 1.5), 3: (0.0, 3.0)}
Repeat number : 6
Original weight : [15.38, 8.73, 6.12, 18.9, 16.65, 23.86, 20.78, 6.4, 15.1, 22.25, 14.85, 18.15, 17.51, 13.19, 6.8, 15.04, 8.05, 11.43, 15.08, 7.33]
Group : [0, 0, 0, 0, 0, 0, 0, 0, 0, 0, 0, 0, 0, 0, 0, 0, 0, 0, 0, 0]
Sequence : [0, 0, 0, 1, 2, 3, 4, 5, 6, 7, 8, 9, 10, 11, 12, 13, 14, 15, 16, 17]
Scroe : [15.38, 8.73, 6.12, 18.9, 16.65, 23.86, 20.78, 6.4, 15.1, 22.25, 14.85, 18.15, 17.51, 13.19, 6.8, 15.04, 8.05, 11.43, 15.08, 7.33]
Time taken to solve the MIP model : 0.1284 seconds
min_d : 0, max_d : 9
---------------------------------
solution for: IP model
objective: 3.83704
x_0_0_0=1
x_1_0_1=1
x_2_5_0=1
x_3_3_0=1
x_4_3_1=1
x_5_4_0=1
x_6_3_2=1
x_7_1_0=1
x_8_2_0=1
x_9_4_1=1
x_10_2_1=1
x_11_3_3=1
x_12_4_2=1
x_13_2_2=1
x_14_1_1=1
x_15_2_3=1
x_16_0_2=1
x_17_0_3=1
x_18_1_2=1
x_19_1_3=1
r_0_0=1
r_0_1=1
r_0_2=1
r_0_3=1
r_1_0=1
r_1_1=1
r_1_2=1
r_1_3=1
r_2_0=1
r_2_1=1
r_2_2=1
r_2_3=1
r_3_0=1
r_3_1=1
r_3_2=1
r_3_3=1
r_4_0=1
r_4_1=1
r_4_2=1
d_0=3.800
d_1=3.000
d_2=5.400
d_3=3.000
d_4=2.200
d_5=1.000
d_7=1.400
d_8=2.200
d_10=1.000
d_11=1.333
d_12=2.000
d_13=1.000
d_14=0.800
d_15=1.200
d_16=1.600
d_18=0.800
d_19=2.800
d_x_0=1.800
d_x_1=2.000
d_x_2=4.600
d_x_3=0.667
d_x_4=1.200
d_x_5=1.000
d_x_7=0.600
d_x_8=0.200
d_x_10=0.500
d_x_11=0.667
d_x_12=1.667
d_x_13=0.500
d_x_14=0.600
d_x_15=0.200
d_x_16=0.400
d_x_18=0.800
d_x_19=0.600
d_y_0=2.000
d_y_1=1.000
d_y_2=0.800
d_y_3=2.333
d_y_4=1.000
d_y_7=0.800
d_y_8=2.000
d_y_10=0.500
d_y_11=0.667
d_y_12=0.333
d_y_13=0.500
d_y_14=0.200
d_y_15=1.000
d_y_16=1.200
d_y_19=2.200
normalized distance of container 0 : 0.4222222222222222
normalized distance of container 1 : 0.3333333333333333
normalized distance of container 2 : 0.6
normalized distance of container 3 : 0.33333333333333326
normalized distance of container 4 : 0.24444444444444396
normalized distance of container 5 : 0.1111111111111111
normalized distance of container 6 : 0.0
normalized distance of container 7 : 0.15555555555555414
normalized distance of container 8 : 0.24444444444444358
normalized distance of container 9 : 0.0
normalized distance of container 10 : 0.11111111111111033
normalized distance of container 11 : 0.14814814814814742
normalized distance of container 12 : 0.222222222222222
normalized distance of container 13 : 0.11111111111110954
normalized distance of container 14 : 0.08888888888888699
normalized distance of container 15 : 0.13333333333333247
normalized distance of container 16 : 0.17777777777777728
normalized distance of container 17 : 0.0
normalized distance of container 18 : 0.08888888888888889
normalized distance of container 19 : 0.31111111111110923
