Number of initial container : 3
Number of new container : 17
Total number of containers : 20
Level_num : 9
Container_level : [7, 5, 7, 8, 1, 5, 7, 1, 2, 1, 1, 1, 6, 6, 1, 1, 9, 7, 1, 8]
ideal_configuration : 
 [[5. 7. 0. 0. 0. 0.]
 [1. 6. 7. 0. 0. 0.]
 [1. 1. 6. 8. 0. 0.]
 [1. 1. 2. 7. 8. 0.]
 [1. 1. 1. 5. 7. 9.]]
Centroid : {7: (2.5, 2.0), 5: (1.5, 2.0), 8: (3.5, 1.5), 1: (0.625, 1.125), 2: (2.0, 1.0), 6: (1.5, 2.5), 9: (5.0, 0.0)}
Repeat number : 21
Original weight : [20.42, 17.09, 19.67, 23.37, 8.15, 17.07, 20.95, 8.53, 10.04, 6.45, 8.25, 7.2, 18.01, 17.98, 8.52, 7.0, 23.98, 21.55, 7.15, 22.47]
Group : [0, 0, 0, 0, 0, 0, 0, 0, 0, 0, 0, 0, 0, 0, 0, 0, 0, 0, 0, 0]
Sequence : [0, 0, 0, 1, 2, 3, 4, 5, 6, 7, 8, 9, 10, 11, 12, 13, 14, 15, 16, 17]
Scroe : [20.42, 17.09, 19.67, 23.37, 8.15, 17.07, 20.95, 8.53, 10.04, 6.45, 8.25, 7.2, 18.01, 17.98, 8.52, 7.0, 23.98, 21.55, 7.15, 22.47]
Time taken to solve the MIP model : 0.1195 seconds
min_d : 0, max_d : 9
---------------------------------
solution for: IP model
objective: 4.08333
x_0_5_0=1
x_1_5_1=1
x_2_0_0=1
x_3_3_0=1
x_4_1_0=1
x_5_3_1=1
x_6_3_2=1
x_7_1_1=1
x_8_2_0=1
x_9_2_1=1
x_10_0_1=1
x_11_1_2=1
x_12_2_2=1
x_13_2_3=1
x_14_0_2=1
x_15_0_3=1
x_16_4_0=1
x_17_3_3=1
x_18_1_3=1
x_19_4_1=1
r_0_0=1
r_0_1=1
r_0_2=1
r_0_3=1
r_1_0=1
r_1_1=1
r_1_2=1
r_1_3=1
r_2_0=1
r_2_1=1
r_2_2=1
r_2_3=1
r_3_0=1
r_3_1=1
r_3_2=1
r_3_3=1
r_4_0=1
r_4_1=1
r_5_0=1
r_5_1=1
d_0=4.500
d_1=4.500
d_2=4.500
d_3=2.000
d_4=1.500
d_5=2.500
d_6=0.500
d_7=0.500
d_8=1.000
d_9=1.500
d_10=0.750
d_11=1.250
d_12=1.000
d_13=1.000
d_14=1.500
d_15=2.500
d_16=1.000
d_17=1.500
d_18=2.250
d_19=1.000
d_x_0=2.500
d_x_1=3.500
d_x_2=2.500
d_x_3=0.500
d_x_4=0.375
d_x_5=1.500
d_x_6=0.500
d_x_7=0.375
d_x_9=1.375
d_x_10=0.625
d_x_11=0.375
d_x_12=0.500
d_x_13=0.500
d_x_14=0.625
d_x_15=0.625
d_x_16=1.000
d_x_17=0.500
d_x_18=0.375
d_x_19=0.500
d_y_0=2.000
d_y_1=1.000
d_y_2=2.000
d_y_3=1.500
d_y_4=1.125
d_y_5=1.000
d_y_7=0.125
d_y_8=1.000
d_y_9=0.125
d_y_10=0.125
d_y_11=0.875
d_y_12=0.500
d_y_13=0.500
d_y_14=0.875
d_y_15=1.875
d_y_17=1.000
d_y_18=1.875
d_y_19=0.500
normalized distance of container 0 : 0.5
normalized distance of container 1 : 0.5
normalized distance of container 2 : 0.5
normalized distance of container 3 : 0.22222222222222213
normalized distance of container 4 : 0.16666666666666627
normalized distance of container 5 : 0.2777777777777778
normalized distance of container 6 : 0.055555555555555164
normalized distance of container 7 : 0.05555555555555398
normalized distance of container 8 : 0.1111111111111111
normalized distance of container 9 : 0.16666666666666508
normalized distance of container 10 : 0.08333333333333333
normalized distance of container 11 : 0.1388888888888865
normalized distance of container 12 : 0.11111111111111033
normalized distance of container 13 : 0.11111111111110993
normalized distance of container 14 : 0.16666666666666588
normalized distance of container 15 : 0.277777777777777
normalized distance of container 16 : 0.1111111111111111
normalized distance of container 17 : 0.16666666666666627
normalized distance of container 18 : 0.24999999999999764
normalized distance of container 19 : 0.1111111111111111
