Number of initial container : 15
Number of new container : 8
Total number of containers : 23
Level_num : 9
Container_level : [5, 5, 2, 2, 2, 5, 3, 2, 8, 2, 4, 7, 6, 7, 6, 1, 4, 1, 5, 9, 6, 5, 5]
ideal_configuration : 
 [[5. 5. 7. 0. 0. 0.]
 [2. 5. 6. 8. 0. 0.]
 [2. 3. 5. 6. 9. 0.]
 [1. 2. 4. 5. 6. 0.]
 [1. 2. 2. 4. 5. 7.]]
Centroid : {5: (1.8333333333333333, 2.3333333333333335), 2: (0.8, 1.2), 3: (1.0, 2.0), 8: (3.0, 3.0), 4: (2.5, 0.5), 7: (3.5, 2.0), 6: (3.0, 2.0), 1: (0.0, 0.5), 9: (4.0, 2.0)}
Repeat number : 7
Original weight : [16.18, 16.62, 8.11, 8.6, 9.74, 15.37, 12.13, 9.15, 22.01, 9.96, 14.14, 21.06, 17.07, 20.55, 18.92, 5.86, 13.91, 6.0, 16.76, 23.45, 18.52, 16.15, 15.82]
Group : [0, 0, 0, 0, 0, 0, 0, 0, 0, 0, 0, 0, 0, 0, 0, 0, 0, 0, 0, 0, 0, 0, 0]
Sequence : [0, 0, 0, 0, 0, 0, 0, 0, 0, 0, 0, 0, 0, 0, 0, 1, 2, 3, 4, 5, 6, 7, 8]
Scroe : [16.18, 16.62, 8.11, 8.6, 9.74, 15.37, 12.13, 9.15, 22.01, 9.96, 14.14, 21.06, 17.07, 20.55, 18.92, 5.86, 13.91, 6.0, 16.76, 23.45, 18.52, 16.15, 15.82]
Time taken to solve the MIP model : 0.0189 seconds
min_d : 0, max_d : 9
---------------------------------
solution for: IP model
objective: 6.80741
x_0_3_0=1
x_1_1_0=1
x_2_4_0=1
x_3_3_1=1
x_4_2_0=1
x_5_3_2=1
x_6_3_3=1
x_7_3_4=1
x_8_0_0=1
x_9_5_0=1
x_10_2_1=1
x_11_1_1=1
x_12_5_1=1
x_13_0_1=1
x_14_5_2=1
x_15_0_2=1
x_16_4_1=1
x_17_0_3=1
x_18_2_2=1
x_19_4_2=1
x_20_4_3=1
x_21_1_2=1
x_22_2_3=1
r_0_0=1
r_0_1=1
r_0_2=1
r_0_3=1
r_1_0=1
r_1_1=1
r_1_2=1
r_2_1=1
r_2_2=1
r_2_3=1
r_3_0=1
r_3_1=1
r_3_2=1
r_3_3=1
r_3_4=1
r_4_1=1
r_4_2=1
r_4_3=1
d_0=3.500
d_1=3.167
d_2=4.400
d_3=2.400
d_4=2.400
d_5=1.500
d_6=3.000
d_7=5.000
d_8=6.000
d_9=5.400
d_10=1.000
d_11=3.500
d_12=3.000
d_13=4.500
d_14=2.000
d_15=1.500
d_16=2.000
d_17=2.500
d_18=0.500
d_20=2.000
d_21=1.167
d_22=0.833
d_x_0=1.167
d_x_1=0.833
d_x_2=3.200
d_x_3=2.200
d_x_4=1.200
d_x_5=1.167
d_x_6=2.000
d_x_7=2.200
d_x_8=3.000
d_x_9=4.200
d_x_10=0.500
d_x_11=2.500
d_x_12=2.000
d_x_13=3.500
d_x_14=2.000
d_x_16=1.500
d_x_18=0.167
d_x_20=1.000
d_x_21=0.833
d_x_22=0.167
d_y_0=2.333
d_y_1=2.333
d_y_2=1.200
d_y_3=0.200
d_y_4=1.200
d_y_5=0.333
d_y_6=1.000
d_y_7=2.800
d_y_8=3.000
d_y_9=1.200
d_y_10=0.500
d_y_11=1.000
d_y_12=1.000
d_y_13=1.000
d_y_15=1.500
d_y_16=0.500
d_y_17=2.500
d_y_18=0.333
d_y_20=1.000
d_y_21=0.333
d_y_22=0.667
normalized distance of container 0 : 0.3888888888888889
normalized distance of container 1 : 0.35185185185185186
normalized distance of container 2 : 0.48888888888888893
normalized distance of container 3 : 0.2666666666666667
normalized distance of container 4 : 0.26666666666666666
normalized distance of container 5 : 0.16666666666666669
normalized distance of container 6 : 0.3333333333333333
normalized distance of container 7 : 0.5555555555555556
normalized distance of container 8 : 0.6666666666666666
normalized distance of container 9 : 0.6000000000000001
normalized distance of container 10 : 0.1111111111111111
normalized distance of container 11 : 0.3888888888888889
normalized distance of container 12 : 0.3333333333333333
normalized distance of container 13 : 0.5
normalized distance of container 14 : 0.2222222222222222
normalized distance of container 15 : 0.16666666666666666
normalized distance of container 16 : 0.2222222222222222
normalized distance of container 17 : 0.2777777777777778
normalized distance of container 18 : 0.05555555555555496
normalized distance of container 19 : 0.0
normalized distance of container 20 : 0.2222222222222222
normalized distance of container 21 : 0.12962962962962948
normalized distance of container 22 : 0.09259259259259212
