Number of initial container : 15
Number of new container : 8
Total number of containers : 23
Level_num : 9
Container_level : [1, 8, 6, 1, 3, 8, 1, 8, 4, 3, 3, 6, 8, 4, 9, 6, 8, 8, 5, 1, 5, 6, 8]
ideal_configuration : 
 [[5. 8. 8. 0. 0. 0.]
 [3. 6. 8. 8. 0. 0.]
 [1. 4. 6. 8. 9. 0.]
 [1. 3. 4. 6. 8. 0.]
 [1. 1. 3. 5. 6. 8.]]
Centroid : {1: (0.25, 0.75), 8: (2.857142857142857, 2.4285714285714284), 6: (2.5, 1.5), 3: (1.0, 1.3333333333333333), 4: (1.5, 1.5), 9: (4.0, 2.0), 5: (1.5, 2.0)}
Repeat number : 4
Original weight : [6.36, 20.85, 18.39, 7.48, 10.7, 22.54, 5.89, 20.69, 13.46, 10.54, 10.39, 17.13, 20.68, 13.91, 22.67, 16.72, 22.03, 21.21, 15.24, 7.53, 14.56, 17.3, 21.55]
Group : [0, 0, 0, 0, 0, 0, 0, 0, 0, 0, 0, 0, 0, 0, 0, 0, 0, 0, 0, 0, 0, 0, 0]
Sequence : [0, 0, 0, 0, 0, 0, 0, 0, 0, 0, 0, 0, 0, 0, 0, 1, 2, 3, 4, 5, 6, 7, 8]
Scroe : [6.36, 20.85, 18.39, 7.48, 10.7, 22.54, 5.89, 20.69, 13.46, 10.54, 10.39, 17.13, 20.68, 13.91, 22.67, 16.72, 22.03, 21.21, 15.24, 7.53, 14.56, 17.3, 21.55]
Time taken to solve the MIP model : 0.0608 seconds
min_d : 0, max_d : 9
---------------------------------
solution for: IP model
objective: 6.67196
x_0_0_0=1
x_1_5_0=1
x_2_2_0=1
x_3_2_1=1
x_4_5_1=1
x_5_4_0=1
x_6_5_2=1
x_7_0_1=1
x_8_4_1=1
x_9_5_3=1
x_10_3_0=1
x_11_0_2=1
x_12_1_0=1
x_13_2_2=1
x_14_5_4=1
x_15_3_1=1
x_16_4_2=1
x_17_4_3=1
x_18_2_3=1
x_19_1_1=1
x_20_1_2=1
x_21_3_2=1
x_22_3_3=1
r_0_1=1
r_0_2=1
r_1_0=1
r_1_1=1
r_1_2=1
r_2_0=1
r_2_1=1
r_2_2=1
r_2_3=1
r_3_3=1
r_4_0=1
r_4_1=1
r_4_2=1
r_4_3=1
r_5_0=1
r_5_1=1
r_5_2=1
r_5_3=1
r_5_4=1
d_0=1.000
d_1=4.571
d_2=2.000
d_3=2.000
d_4=4.333
d_5=3.571
d_6=6.000
d_7=4.286
d_8=3.000
d_9=5.667
d_10=3.333
d_11=3.000
d_12=4.286
d_13=1.000
d_14=3.000
d_15=1.000
d_16=1.571
d_17=1.714
d_18=1.500
d_19=1.000
d_20=0.500
d_21=1.000
d_22=0.714
d_x_0=0.250
d_x_1=2.143
d_x_2=0.500
d_x_3=1.750
d_x_4=4.000
d_x_5=1.143
d_x_6=4.750
d_x_7=2.857
d_x_8=2.500
d_x_9=4.000
d_x_10=2.000
d_x_11=2.500
d_x_12=1.857
d_x_13=0.500
d_x_14=1.000
d_x_15=0.500
d_x_16=1.143
d_x_17=1.143
d_x_18=0.500
d_x_19=0.750
d_x_20=0.500
d_x_21=0.500
d_x_22=0.143
d_y_0=0.750
d_y_1=2.429
d_y_2=1.500
d_y_3=0.250
d_y_4=0.333
d_y_5=2.429
d_y_6=1.250
d_y_7=1.429
d_y_8=0.500
d_y_9=1.667
d_y_10=1.333
d_y_11=0.500
d_y_12=2.429
d_y_13=0.500
d_y_14=2.000
d_y_15=0.500
d_y_16=0.429
d_y_17=0.571
d_y_18=1.000
d_y_19=0.250
d_y_21=0.500
d_y_22=0.571
normalized distance of container 0 : 0.1111111111111111
normalized distance of container 1 : 0.5079365079365079
normalized distance of container 2 : 0.2222222222222222
normalized distance of container 3 : 0.2222222222222222
normalized distance of container 4 : 0.48148148148148145
normalized distance of container 5 : 0.3968253968253968
normalized distance of container 6 : 0.6666666666666666
normalized distance of container 7 : 0.47619047619047616
normalized distance of container 8 : 0.3333333333333333
normalized distance of container 9 : 0.6296296296296297
normalized distance of container 10 : 0.37037037037037035
normalized distance of container 11 : 0.3333333333333333
normalized distance of container 12 : 0.47619047619047616
normalized distance of container 13 : 0.1111111111111111
normalized distance of container 14 : 0.3333333333333333
normalized distance of container 15 : 0.11111111111111101
normalized distance of container 16 : 0.17460317460317437
normalized distance of container 17 : 0.19047619047619038
normalized distance of container 18 : 0.16666666666666624
normalized distance of container 19 : 0.11111111111111097
normalized distance of container 20 : 0.05555555555555555
normalized distance of container 21 : 0.11111111111111091
normalized distance of container 22 : 0.07936507936507928
