Number of initial container : 15
Number of new container : 8
Total number of containers : 23
Level_num : 9
Container_level : [7, 3, 9, 8, 5, 7, 3, 8, 4, 8, 7, 6, 6, 1, 1, 7, 8, 8, 8, 2, 4, 1, 2]
ideal_configuration : 
 [[6. 7. 8. 0. 0. 0.]
 [3. 6. 8. 8. 0. 0.]
 [2. 4. 7. 8. 9. 0.]
 [1. 2. 4. 7. 8. 0.]
 [1. 1. 3. 5. 7. 8.]]
Centroid : {7: (2.5, 1.75), 3: (1.0, 1.5), 9: (4.0, 2.0), 8: (3.1666666666666665, 2.1666666666666665), 5: (3.0, 0.0), 4: (1.5, 1.5), 6: (0.5, 3.5), 1: (0.3333333333333333, 0.3333333333333333), 2: (0.5, 1.5)}
Repeat number : 11
Original weight : [19.3, 11.87, 23.1, 22.02, 15.82, 20.96, 11.09, 22.24, 14.39, 22.32, 21.02, 18.69, 18.45, 7.17, 7.42, 19.92, 22.53, 22.67, 21.85, 10.0, 14.38, 6.54, 9.55]
Group : [0, 0, 0, 0, 0, 0, 0, 0, 0, 0, 0, 0, 0, 0, 0, 0, 0, 0, 0, 0, 0, 0, 0]
Sequence : [0, 0, 0, 0, 0, 0, 0, 0, 0, 0, 0, 0, 0, 0, 0, 1, 2, 3, 4, 5, 6, 7, 8]
Scroe : [19.3, 11.87, 23.1, 22.02, 15.82, 20.96, 11.09, 22.24, 14.39, 22.32, 21.02, 18.69, 18.45, 7.17, 7.42, 19.92, 22.53, 22.67, 21.85, 10.0, 14.38, 6.54, 9.55]
Time taken to solve the MIP model : 0.0259 seconds
min_d : 0, max_d : 9
---------------------------------
solution for: IP model
objective: 6.24074
x_0_3_0=1
x_1_1_0=1
x_2_4_0=1
x_3_2_0=1
x_4_1_1=1
x_5_3_1=1
x_6_1_2=1
x_7_0_0=1
x_8_3_2=1
x_9_1_3=1
x_10_5_0=1
x_11_5_1=1
x_12_3_3=1
x_13_2_1=1
x_14_0_1=1
x_15_2_2=1
x_16_4_1=1
x_17_4_2=1
x_18_4_3=1
x_19_1_4=1
x_20_2_3=1
x_21_0_2=1
x_22_0_3=1
r_0_0=1
r_0_1=1
r_0_2=1
r_0_3=1
r_1_0=1
r_1_1=1
r_1_2=1
r_1_3=1
r_1_4=1
r_2_0=1
r_2_1=1
r_2_2=1
r_2_3=1
r_3_0=1
r_3_1=1
r_3_2=1
r_3_3=1
r_4_0=1
r_4_1=1
r_4_2=1
r_4_3=1
r_5_0=1
r_5_1=1
d_0=2.250
d_1=1.500
d_2=2.000
d_3=3.333
d_4=3.000
d_5=1.250
d_6=0.500
d_7=5.333
d_8=2.000
d_9=3.000
d_10=4.250
d_11=7.000
d_12=3.000
d_13=2.333
d_14=1.000
d_15=0.750
d_16=2.000
d_17=1.000
d_18=1.667
d_19=3.000
d_20=2.000
d_21=2.000
d_22=2.000
d_x_0=0.500
d_x_3=1.167
d_x_4=2.000
d_x_5=0.500
d_x_7=3.167
d_x_8=1.500
d_x_9=2.167
d_x_10=2.500
d_x_11=4.500
d_x_12=2.500
d_x_13=1.667
d_x_14=0.333
d_x_15=0.500
d_x_16=0.833
d_x_17=0.833
d_x_18=0.833
d_x_19=0.500
d_x_20=0.500
d_x_21=0.333
d_x_22=0.500
d_y_0=1.750
d_y_1=1.500
d_y_2=2.000
d_y_3=2.167
d_y_4=1.000
d_y_5=0.750
d_y_6=0.500
d_y_7=2.167
d_y_8=0.500
d_y_9=0.833
d_y_10=1.750
d_y_11=2.500
d_y_12=0.500
d_y_13=0.667
d_y_14=0.667
d_y_15=0.250
d_y_16=1.167
d_y_17=0.167
d_y_18=0.833
d_y_19=2.500
d_y_20=1.500
d_y_21=1.667
d_y_22=1.500
normalized distance of container 0 : 0.25
normalized distance of container 1 : 0.16666666666666666
normalized distance of container 2 : 0.2222222222222222
normalized distance of container 3 : 0.37037037037037035
normalized distance of container 4 : 0.3333333333333333
normalized distance of container 5 : 0.1388888888888889
normalized distance of container 6 : 0.05555555555555555
normalized distance of container 7 : 0.5925925925925926
normalized distance of container 8 : 0.2222222222222222
normalized distance of container 9 : 0.3333333333333333
normalized distance of container 10 : 0.4722222222222222
normalized distance of container 11 : 0.7777777777777778
normalized distance of container 12 : 0.3333333333333333
normalized distance of container 13 : 0.2592592592592593
normalized distance of container 14 : 0.1111111111111111
normalized distance of container 15 : 0.08333333333333333
normalized distance of container 16 : 0.2222222222222215
normalized distance of container 17 : 0.11111111111111063
normalized distance of container 18 : 0.18518518518518506
normalized distance of container 19 : 0.33333333333333254
normalized distance of container 20 : 0.2222222222222218
normalized distance of container 21 : 0.22222222222222168
normalized distance of container 22 : 0.22222222222222143
