Number of initial container : 7
Number of new container : 16
Total number of containers : 23
Level_num : 9
Container_level : [8, 3, 8, 6, 8, 3, 9, 8, 3, 1, 6, 8, 8, 8, 6, 1, 6, 8, 3, 6, 3, 1, 1]
ideal_configuration : 
 [[6. 8. 8. 0. 0. 0.]
 [3. 6. 8. 8. 0. 0.]
 [1. 3. 6. 8. 9. 0.]
 [1. 3. 3. 6. 8. 0.]
 [1. 1. 3. 6. 8. 8.]]
Centroid : {8: (3.0, 2.125), 3: (1.2, 1.4), 6: (1.8, 2.0), 9: (4.0, 2.0), 1: (0.25, 0.75)}
Repeat number : 2
Original weight : [20.03, 13.17, 18.06, 14.8, 22.41, 21.91, 22.93, 7.52, 6.69, 6.66, 8.66, 17.62, 7.84, 21.38, 10.78, 19.49, 18.2, 20.77, 19.14, 18.86, 5.53, 13.0, 7.23]
Group : [3, 1, 3, 2, 3, 1, 3, 3, 1, 0, 2, 3, 3, 3, 2, 0, 2, 3, 1, 2, 1, 0, 0]
Sequence : [0, 0, 0, 0, 0, 0, 0, 1, 2, 3, 4, 5, 6, 7, 8, 9, 10, 11, 12, 13, 14, 15, 16]
Scroe : [320.03, 113.17, 318.06, 214.8, 322.41, 121.91, 322.93, 307.52, 106.69, 6.66, 208.66, 317.62, 307.84, 321.38, 210.78, 19.49, 218.2, 320.77, 119.14, 218.86, 105.53, 13.0, 7.23]
Time taken to solve the MIP model : 0.0706 seconds
min_d : 0, max_d : 9
---------------------------------
solution for: IP model
objective: 13
x_0_1_0=1
x_1_0_0=1
x_2_2_0=1
x_3_4_0=1
x_4_0_1=1
x_5_5_0=1
x_6_0_2=1
x_7_4_1=1
x_8_5_1=1
x_9_3_0=1
x_10_5_2=1
x_11_4_2=1
x_12_2_1=1
x_13_4_3=1
x_14_5_3=1
x_15_3_1=1
x_16_2_2=1
x_17_1_1=1
x_18_5_4=1
x_19_2_3=1
x_20_3_2=1
x_21_3_3=1
x_22_3_4=1
r_2_0=1
r_2_1=1
r_2_2=1
r_2_3=1
r_3_1=1
r_3_2=1
r_3_3=1
r_3_4=1
r_5_0=1
r_5_1=1
r_5_2=1
r_5_3=1
r_5_4=1
d_0=5.000
d_1=4.000
d_2=4.000
d_3=5.000
d_4=5.000
d_5=6.000
d_6=4.000
d_7=3.000
d_8=5.000
d_9=4.000
d_10=4.000
d_11=2.000
d_12=3.000
d_13=2.000
d_14=5.000
d_15=4.000
d_16=1.000
d_17=4.000
d_18=7.000
d_19=2.000
d_20=3.000
d_21=6.000
d_22=7.000
d_x_0=2.000
d_x_1=2.000
d_x_2=1.000
d_x_3=3.000
d_x_4=3.000
d_x_5=4.000
d_x_6=4.000
d_x_7=1.000
d_x_8=4.000
d_x_9=3.000
d_x_10=4.000
d_x_11=1.000
d_x_12=1.000
d_x_13=1.000
d_x_14=4.000
d_x_15=3.000
d_x_16=1.000
d_x_17=2.000
d_x_18=4.000
d_x_19=1.000
d_x_20=2.000
d_x_21=3.000
d_x_22=3.000
d_y_0=3.000
d_y_1=2.000
d_y_2=3.000
d_y_3=2.000
d_y_4=2.000
d_y_5=2.000
d_y_7=2.000
d_y_8=1.000
d_y_9=1.000
d_y_11=1.000
d_y_12=2.000
d_y_13=1.000
d_y_14=1.000
d_y_15=1.000
d_y_17=2.000
d_y_18=3.000
d_y_19=1.000
d_y_20=1.000
d_y_21=3.000
d_y_22=4.000
normalized distance of container 0 : 0.5555555555555556
normalized distance of container 1 : 0.4444444444444444
normalized distance of container 2 : 0.4444444444444444
normalized distance of container 3 : 0.5555555555555556
normalized distance of container 4 : 0.5555555555555556
normalized distance of container 5 : 0.6666666666666666
normalized distance of container 6 : 0.4444444444444444
normalized distance of container 7 : 0.3333333333333333
normalized distance of container 8 : 0.5555555555555556
normalized distance of container 9 : 0.4444444444444444
normalized distance of container 10 : 0.4444444444444444
normalized distance of container 11 : 0.2222222222222222
normalized distance of container 12 : 0.3333333333333333
normalized distance of container 13 : 0.2222222222222222
normalized distance of container 14 : 0.5555555555555556
normalized distance of container 15 : 0.4444444444444444
normalized distance of container 16 : 0.1111111111111111
normalized distance of container 17 : 0.4444444444444444
normalized distance of container 18 : 0.7777777777777778
normalized distance of container 19 : 0.2222222222222222
normalized distance of container 20 : 0.3333333333333333
normalized distance of container 21 : 0.6666666666666666
normalized distance of container 22 : 0.7777777777777778
