Number of initial container : 7
Number of new container : 16
Total number of containers : 23
Level_num : 9
Container_level : [8, 6, 1, 6, 3, 3, 8, 8, 6, 6, 9, 8, 1, 3, 8, 3, 8, 1, 8, 1, 3, 1, 8]
ideal_configuration : 
 [[6. 8. 8. 0. 0. 0.]
 [3. 6. 8. 8. 0. 0.]
 [1. 3. 6. 8. 9. 0.]
 [1. 1. 3. 6. 8. 0.]
 [1. 1. 3. 3. 8. 8.]]
Centroid : {8: (3.0, 2.125), 6: (1.5, 2.5), 1: (0.4, 0.8), 3: (1.6, 1.2), 9: (4.0, 2.0)}
Repeat number : 10
Original weight : [6.16, 19.23, 23.81, 7.46, 14.77, 22.38, 17.18, 16.65, 9.42, 11.33, 17.73, 7.17, 23.16, 18.46, 14.12, 15.02, 5.69, 11.12, 5.24, 10.32, 20.91, 23.78, 12.06]
Group : [3, 2, 0, 2, 1, 1, 3, 3, 2, 2, 3, 3, 0, 1, 3, 1, 3, 0, 3, 0, 1, 0, 3]
Sequence : [0, 0, 0, 0, 0, 0, 0, 1, 2, 3, 4, 5, 6, 7, 8, 9, 10, 11, 12, 13, 14, 15, 16]
Scroe : [306.16, 219.23, 23.81, 207.46, 114.77, 122.38, 317.18, 316.65, 209.42, 211.33, 317.73, 307.17, 23.16, 118.46000000000001, 314.12, 115.02, 305.69, 11.12, 305.24, 10.32, 120.91, 23.78, 312.06]
Time taken to solve the MIP model : 0.2063 seconds
min_d : 0, max_d : 9
---------------------------------
solution for: IP model
objective: 8
x_0_5_0=1
x_1_3_0=1
x_2_0_0=1
x_3_3_1=1
x_4_4_0=1
x_5_3_2=1
x_6_3_3=1
x_7_5_1=1
x_8_0_1=1
x_9_0_2=1
x_10_5_2=1
x_11_0_3=1
x_12_2_0=1
x_13_2_1=1
x_14_0_4=1
x_15_4_1=1
x_16_4_2=1
x_17_1_0=1
x_18_3_4=1
x_19_1_1=1
x_20_2_2=1
x_21_1_2=1
x_22_2_3=1
r_1_0=1
r_1_1=1
r_1_2=1
r_3_0=1
r_3_1=1
r_3_2=1
r_3_3=1
r_3_4=1
d_0=5.000
d_1=5.000
d_2=2.000
d_3=4.000
d_4=5.000
d_5=3.000
d_6=1.000
d_7=4.000
d_8=4.000
d_9=3.000
d_10=1.000
d_11=4.000
d_12=3.000
d_13=2.000
d_14=5.000
d_15=4.000
d_16=2.000
d_17=2.000
d_18=2.000
d_19=2.000
d_20=2.000
d_21=3.000
d_22=2.000
d_x_0=2.000
d_x_1=2.000
d_x_2=1.000
d_x_3=2.000
d_x_4=3.000
d_x_5=2.000
d_x_7=2.000
d_x_8=2.000
d_x_9=2.000
d_x_10=1.000
d_x_11=3.000
d_x_12=2.000
d_x_13=1.000
d_x_14=3.000
d_x_15=3.000
d_x_16=1.000
d_x_17=1.000
d_x_19=1.000
d_x_20=1.000
d_x_21=1.000
d_x_22=1.000
d_y_0=3.000
d_y_1=3.000
d_y_2=1.000
d_y_3=2.000
d_y_4=2.000
d_y_5=1.000
d_y_6=1.000
d_y_7=2.000
d_y_8=2.000
d_y_9=1.000
d_y_11=1.000
d_y_12=1.000
d_y_13=1.000
d_y_14=2.000
d_y_15=1.000
d_y_16=1.000
d_y_17=1.000
d_y_18=2.000
d_y_19=1.000
d_y_20=1.000
d_y_21=2.000
d_y_22=1.000
normalized distance of container 0 : 0.5555555555555556
normalized distance of container 1 : 0.5555555555555556
normalized distance of container 2 : 0.2222222222222222
normalized distance of container 3 : 0.4444444444444444
normalized distance of container 4 : 0.5555555555555556
normalized distance of container 5 : 0.3333333333333333
normalized distance of container 6 : 0.1111111111111111
normalized distance of container 7 : 0.4444444444444444
normalized distance of container 8 : 0.4444444444444444
normalized distance of container 9 : 0.3333333333333333
normalized distance of container 10 : 0.1111111111111111
normalized distance of container 11 : 0.4444444444444444
normalized distance of container 12 : 0.3333333333333333
normalized distance of container 13 : 0.2222222222222222
normalized distance of container 14 : 0.5555555555555556
normalized distance of container 15 : 0.4444444444444444
normalized distance of container 16 : 0.2222222222222222
normalized distance of container 17 : 0.2222222222222222
normalized distance of container 18 : 0.2222222222222222
normalized distance of container 19 : 0.2222222222222222
normalized distance of container 20 : 0.2222222222222222
normalized distance of container 21 : 0.3333333333333333
normalized distance of container 22 : 0.2222222222222222
