Number of initial container : 7
Number of new container : 16
Total number of containers : 23
Level_num : 9
Container_level : [3, 6, 3, 3, 3, 6, 6, 6, 1, 1, 9, 1, 6, 1, 1, 3, 3, 8, 8, 3, 8, 3, 8]
ideal_configuration : 
 [[3. 6. 8. 0. 0. 0.]
 [3. 3. 6. 8. 0. 0.]
 [1. 3. 3. 6. 9. 0.]
 [1. 1. 3. 6. 8. 0.]
 [1. 1. 3. 3. 6. 8.]]
Centroid : {3: (1.375, 1.875), 6: (2.6, 2.0), 1: (0.4, 0.8), 9: (4.0, 2.0), 8: (3.5, 2.0)}
Repeat number : 23
Original weight : [18.03, 8.97, 12.71, 11.65, 19.49, 19.3, 14.67, 17.38, 17.09, 18.34, 22.0, 15.11, 19.51, 14.73, 15.87, 12.87, 21.95, 11.36, 14.68, 14.34, 11.21, 19.17, 8.83]
Group : [1, 2, 1, 1, 1, 2, 2, 2, 0, 0, 3, 0, 2, 0, 0, 1, 1, 3, 3, 1, 3, 1, 3]
Sequence : [0, 0, 0, 0, 0, 0, 0, 1, 2, 3, 4, 5, 6, 7, 8, 9, 10, 11, 12, 13, 14, 15, 16]
Scroe : [118.03, 208.97, 112.71000000000001, 111.65, 119.49, 219.3, 214.67, 217.38, 17.09, 18.34, 322.0, 15.11, 219.51, 14.73, 15.87, 112.87, 121.95, 311.36, 314.68, 114.34, 311.21, 119.17, 308.83]
Time taken to solve the MIP model : 0.1332 seconds
min_d : 0, max_d : 9
---------------------------------
solution for: IP model
objective: 10
x_0_3_0=1
x_1_1_0=1
x_2_3_1=1
x_3_1_1=1
x_4_2_0=1
x_5_1_2=1
x_6_0_0=1
x_7_0_1=1
x_8_5_0=1
x_9_3_2=1
x_10_1_3=1
x_11_5_1=1
x_12_0_2=1
x_13_5_2=1
x_14_4_0=1
x_15_4_1=1
x_16_2_1=1
x_17_0_3=1
x_18_0_4=1
x_19_4_2=1
x_20_2_2=1
x_21_4_3=1
x_22_4_4=1
r_1_0=1
r_1_1=1
r_1_2=1
r_1_3=1
r_3_0=1
r_3_1=1
r_3_2=1
r_5_0=1
r_5_1=1
r_5_2=1
d_0=4.000
d_1=4.000
d_2=3.000
d_3=2.000
d_4=3.000
d_5=2.000
d_6=5.000
d_7=4.000
d_8=6.000
d_9=5.000
d_10=4.000
d_11=6.000
d_12=3.000
d_13=7.000
d_14=5.000
d_15=4.000
d_16=2.000
d_17=5.000
d_18=6.000
d_19=4.000
d_20=2.000
d_21=5.000
d_22=3.000
d_x_0=2.000
d_x_1=2.000
d_x_2=2.000
d_x_3=1.000
d_x_4=1.000
d_x_5=2.000
d_x_6=3.000
d_x_7=3.000
d_x_8=5.000
d_x_9=3.000
d_x_10=3.000
d_x_11=5.000
d_x_12=3.000
d_x_13=5.000
d_x_14=4.000
d_x_15=3.000
d_x_16=1.000
d_x_17=4.000
d_x_18=4.000
d_x_19=3.000
d_x_20=2.000
d_x_21=3.000
d_x_22=1.000
d_y_0=2.000
d_y_1=2.000
d_y_2=1.000
d_y_3=1.000
d_y_4=2.000
d_y_6=2.000
d_y_7=1.000
d_y_8=1.000
d_y_9=2.000
d_y_10=1.000
d_y_11=1.000
d_y_13=2.000
d_y_14=1.000
d_y_15=1.000
d_y_16=1.000
d_y_17=1.000
d_y_18=2.000
d_y_19=1.000
d_y_21=2.000
d_y_22=2.000
normalized distance of container 0 : 0.4444444444444444
normalized distance of container 1 : 0.4444444444444444
normalized distance of container 2 : 0.3333333333333333
normalized distance of container 3 : 0.2222222222222222
normalized distance of container 4 : 0.3333333333333333
normalized distance of container 5 : 0.2222222222222222
normalized distance of container 6 : 0.5555555555555556
normalized distance of container 7 : 0.4444444444444444
normalized distance of container 8 : 0.6666666666666666
normalized distance of container 9 : 0.5555555555555556
normalized distance of container 10 : 0.4444444444444444
normalized distance of container 11 : 0.6666666666666666
normalized distance of container 12 : 0.3333333333333333
normalized distance of container 13 : 0.7777777777777778
normalized distance of container 14 : 0.5555555555555556
normalized distance of container 15 : 0.4444444444444444
normalized distance of container 16 : 0.2222222222222222
normalized distance of container 17 : 0.5555555555555556
normalized distance of container 18 : 0.6666666666666666
normalized distance of container 19 : 0.4444444444444444
normalized distance of container 20 : 0.2222222222222222
normalized distance of container 21 : 0.5555555555555556
normalized distance of container 22 : 0.3333333333333333
