Number of initial container : 7
Number of new container : 16
Total number of containers : 23
Level_num : 9
Container_level : [3, 3, 3, 3, 3, 8, 8, 1, 3, 3, 9, 6, 6, 6, 6, 3, 6, 8, 8, 1, 1, 8, 6]
ideal_configuration : 
 [[3. 6. 8. 0. 0. 0.]
 [3. 6. 6. 8. 0. 0.]
 [3. 3. 6. 8. 9. 0.]
 [1. 3. 3. 6. 8. 0.]
 [1. 1. 3. 3. 6. 8.]]
Centroid : {3: (1.125, 1.625), 8: (3.4, 2.0), 1: (0.3333333333333333, 0.3333333333333333), 9: (4.0, 2.0), 6: (2.1666666666666665, 2.1666666666666665)}
Repeat number : 24
Original weight : [16.3, 23.07, 16.99, 8.52, 9.39, 15.45, 9.45, 8.37, 9.29, 9.49, 19.05, 19.11, 5.49, 22.75, 5.13, 5.07, 12.02, 16.78, 7.48, 22.79, 12.25, 6.89, 19.25]
Group : [1, 1, 1, 1, 1, 3, 3, 0, 1, 1, 3, 2, 2, 2, 2, 1, 2, 3, 3, 0, 0, 3, 2]
Sequence : [0, 0, 0, 0, 0, 0, 0, 1, 2, 3, 4, 5, 6, 7, 8, 9, 10, 11, 12, 13, 14, 15, 16]
Scroe : [116.3, 123.07, 116.99, 108.52, 109.39, 315.45, 309.45, 8.37, 109.28999999999999, 109.49, 319.05, 219.11, 205.49, 222.75, 205.13, 105.07, 212.02, 316.78, 307.48, 22.79, 12.25, 306.89, 219.25]
Time taken to solve the MIP model : 0.3318 seconds
min_d : 0, max_d : 9
---------------------------------
solution for: IP model
objective: 8
x_0_4_0=1
x_1_3_0=1
x_2_3_1=1
x_3_1_0=1
x_4_3_2=1
x_5_3_3=1
x_6_5_0=1
x_7_0_0=1
x_8_1_1=1
x_9_0_1=1
x_10_5_1=1
x_11_4_1=1
x_12_1_2=1
x_13_4_2=1
x_14_0_2=1
x_15_2_0=1
x_16_1_3=1
x_17_3_4=1
x_18_4_3=1
x_19_2_1=1
x_20_2_2=1
x_21_0_3=1
x_22_1_4=1
r_2_0=1
r_2_1=1
r_2_2=1
r_3_0=1
r_3_1=1
r_3_2=1
r_3_3=1
r_3_4=1
d_0=5.000
d_1=4.000
d_2=3.000
d_3=3.000
d_4=3.000
d_5=2.000
d_6=4.000
d_7=2.000
d_8=2.000
d_9=3.000
d_10=2.000
d_11=4.000
d_12=3.000
d_13=3.000
d_14=4.000
d_15=3.000
d_16=3.000
d_17=3.000
d_18=2.000
d_19=3.000
d_20=4.000
d_21=5.000
d_22=4.000
d_x_0=3.000
d_x_1=2.000
d_x_2=2.000
d_x_3=1.000
d_x_4=2.000
d_x_5=1.000
d_x_6=2.000
d_x_7=1.000
d_x_8=1.000
d_x_9=2.000
d_x_10=1.000
d_x_11=2.000
d_x_12=2.000
d_x_13=2.000
d_x_14=3.000
d_x_15=1.000
d_x_16=2.000
d_x_17=1.000
d_x_18=1.000
d_x_19=2.000
d_x_20=2.000
d_x_21=4.000
d_x_22=2.000
d_y_0=2.000
d_y_1=2.000
d_y_2=1.000
d_y_3=2.000
d_y_4=1.000
d_y_5=1.000
d_y_6=2.000
d_y_7=1.000
d_y_8=1.000
d_y_9=1.000
d_y_10=1.000
d_y_11=2.000
d_y_12=1.000
d_y_13=1.000
d_y_14=1.000
d_y_15=2.000
d_y_16=1.000
d_y_17=2.000
d_y_18=1.000
d_y_19=1.000
d_y_20=2.000
d_y_21=1.000
d_y_22=2.000
normalized distance of container 0 : 0.5555555555555556
normalized distance of container 1 : 0.4444444444444444
normalized distance of container 2 : 0.3333333333333333
normalized distance of container 3 : 0.3333333333333333
normalized distance of container 4 : 0.3333333333333333
normalized distance of container 5 : 0.2222222222222222
normalized distance of container 6 : 0.4444444444444444
normalized distance of container 7 : 0.2222222222222222
normalized distance of container 8 : 0.2222222222222222
normalized distance of container 9 : 0.3333333333333333
normalized distance of container 10 : 0.2222222222222222
normalized distance of container 11 : 0.4444444444444444
normalized distance of container 12 : 0.3333333333333333
normalized distance of container 13 : 0.3333333333333333
normalized distance of container 14 : 0.4444444444444444
normalized distance of container 15 : 0.3333333333333333
normalized distance of container 16 : 0.3333333333333333
normalized distance of container 17 : 0.3333333333333333
normalized distance of container 18 : 0.2222222222222222
normalized distance of container 19 : 0.3333333333333333
normalized distance of container 20 : 0.4444444444444444
normalized distance of container 21 : 0.5555555555555556
normalized distance of container 22 : 0.4444444444444444
