Number of initial container : 7
Number of new container : 16
Total number of containers : 23
Level_num : 9
Container_level : [3, 8, 8, 6, 6, 8, 8, 6, 6, 1, 8, 1, 8, 3, 9, 3, 6, 8, 8, 3, 6, 6, 3]
ideal_configuration : 
 [[6. 8. 8. 0. 0. 0.]
 [3. 6. 8. 8. 0. 0.]
 [3. 6. 6. 8. 9. 0.]
 [1. 3. 6. 6. 8. 0.]
 [1. 3. 3. 6. 8. 8.]]
Centroid : {3: (0.8, 1.2), 8: (3.0, 2.125), 6: (1.7142857142857142, 1.8571428571428572), 1: (0.0, 0.5), 9: (4.0, 2.0)}
Repeat number : 1
Original weight : [17.51, 6.41, 19.91, 17.08, 22.95, 12.85, 10.66, 11.89, 17.69, 20.14, 11.41, 16.23, 16.09, 17.43, 21.47, 21.59, 14.05, 7.69, 9.47, 19.95, 17.01, 10.91, 21.26]
Group : [1, 3, 3, 2, 2, 3, 3, 2, 2, 0, 3, 0, 3, 1, 3, 1, 2, 3, 3, 1, 2, 2, 1]
Sequence : [0, 0, 0, 0, 0, 0, 0, 1, 2, 3, 4, 5, 6, 7, 8, 9, 10, 11, 12, 13, 14, 15, 16]
Scroe : [117.51, 306.41, 319.91, 217.07999999999998, 222.95, 312.85, 310.66, 211.89, 217.69, 20.14, 311.41, 16.23, 316.09, 117.43, 321.47, 121.59, 214.05, 307.69, 309.47, 119.95, 217.01, 210.91, 121.26]
Time taken to solve the MIP model : 0.1006 seconds
min_d : 0, max_d : 9
---------------------------------
solution for: IP model
objective: 6
x_0_0_0=1
x_1_4_0=1
x_2_2_0=1
x_3_0_1=1
x_4_5_0=1
x_5_5_1=1
x_6_4_1=1
x_7_4_2=1
x_8_0_2=1
x_9_1_0=1
x_10_2_1=1
x_11_3_0=1
x_12_5_2=1
x_13_1_1=1
x_14_5_3=1
x_15_3_1=1
x_16_3_2=1
x_17_0_3=1
x_18_0_4=1
x_19_1_2=1
x_20_3_3=1
x_21_4_3=1
x_22_1_3=1
r_2_0=1
r_2_1=1
r_4_0=1
r_4_1=1
r_4_2=1
r_4_3=1
d_0=3.000
d_1=4.000
d_2=4.000
d_3=3.000
d_4=6.000
d_5=4.000
d_6=3.000
d_7=4.000
d_8=3.000
d_9=2.000
d_10=3.000
d_11=4.000
d_12=3.000
d_13=2.000
d_14=2.000
d_15=4.000
d_16=3.000
d_17=4.000
d_18=5.000
d_19=2.000
d_20=4.000
d_21=5.000
d_22=3.000
d_x_0=1.000
d_x_1=1.000
d_x_2=1.000
d_x_3=2.000
d_x_4=4.000
d_x_5=2.000
d_x_6=1.000
d_x_7=3.000
d_x_8=2.000
d_x_9=1.000
d_x_10=1.000
d_x_11=3.000
d_x_12=2.000
d_x_13=1.000
d_x_14=1.000
d_x_15=3.000
d_x_16=2.000
d_x_17=3.000
d_x_18=3.000
d_x_19=1.000
d_x_20=2.000
d_x_21=3.000
d_x_22=1.000
d_y_0=2.000
d_y_1=3.000
d_y_2=3.000
d_y_3=1.000
d_y_4=2.000
d_y_5=2.000
d_y_6=2.000
d_y_7=1.000
d_y_8=1.000
d_y_9=1.000
d_y_10=2.000
d_y_11=1.000
d_y_12=1.000
d_y_13=1.000
d_y_14=1.000
d_y_15=1.000
d_y_16=1.000
d_y_17=1.000
d_y_18=2.000
d_y_19=1.000
d_y_20=2.000
d_y_21=2.000
d_y_22=2.000
normalized distance of container 0 : 0.3333333333333333
normalized distance of container 1 : 0.4444444444444444
normalized distance of container 2 : 0.4444444444444444
normalized distance of container 3 : 0.3333333333333333
normalized distance of container 4 : 0.6666666666666666
normalized distance of container 5 : 0.4444444444444444
normalized distance of container 6 : 0.3333333333333333
normalized distance of container 7 : 0.4444444444444444
normalized distance of container 8 : 0.3333333333333333
normalized distance of container 9 : 0.2222222222222222
normalized distance of container 10 : 0.3333333333333333
normalized distance of container 11 : 0.4444444444444444
normalized distance of container 12 : 0.3333333333333333
normalized distance of container 13 : 0.2222222222222222
normalized distance of container 14 : 0.2222222222222222
normalized distance of container 15 : 0.4444444444444444
normalized distance of container 16 : 0.3333333333333333
normalized distance of container 17 : 0.4444444444444444
normalized distance of container 18 : 0.5555555555555556
normalized distance of container 19 : 0.2222222222222222
normalized distance of container 20 : 0.4444444444444444
normalized distance of container 21 : 0.5555555555555556
normalized distance of container 22 : 0.3333333333333333
