Number of initial container : 5
Number of new container : 10
Total number of containers : 15
Level_num : 9
Container_level : [3, 5, 1, 6, 6, 4, 1, 6, 1, 2, 4, 9, 3, 1, 1]
ideal_configuration : 
 [[5. 0. 0. 0. 0. 0.]
 [3. 6. 0. 0. 0. 0.]
 [1. 3. 6. 0. 0. 0.]
 [1. 1. 4. 6. 0. 0.]
 [1. 1. 2. 4. 9. 0.]]
Centroid : {3: (1.5, 2.5), 5: (1.0, 4.0), 1: (1.4, 0.8), 6: (3.0, 2.0), 4: (3.5, 0.5), 2: (3.0, 0.0), 9: (5.0, 0.0)}
Repeat number : 3
Original weight : [12.14, 17.01, 7.03, 18.32, 18.81, 14.06, 7.65, 19.54, 6.93, 10.42, 13.53, 23.96, 12.57, 7.71, 6.54]
Sequence : [0, 0, 0, 0, 0, 1, 2, 3, 4, 5, 6, 7, 8, 9, 10]
Emergency : [0, 0, 0, 0, 0, 0, 0, 0, 0, 0, 0, 0, 0, 0, 0]
Time taken to solve the MIP model : 0.5018 seconds
min_d : 0, max_d : 9
---------------------------------
solution for: IP model
objective: 3.06667
status: OPTIMAL_SOLUTION(2)
x_1_4_0=1
x_2_5_0=1
x_3_1_0=1
x_4_3_0=1
x_5_5_1=1
x_6_4_1=1
x_7_1_1=1
x_8_3_1=1
x_9_2_0=1
x_10_2_1=1
x_11_4_2=1
x_12_5_2=1
x_13_2_2=1
x_14_1_2=1
x_15_6_0=1
r_4_1=1
r_4_2=1
d_1=5.000
d_2=8.000
d_3=1.200
d_4=2.000
d_5=3.000
d_6=1.000
d_7=0.600
d_8=1.000
d_9=1.400
d_10=2.000
d_11=2.000
d_12=2.000
d_13=1.000
d_14=1.600
d_15=5.400
d_x_1=2.500
d_x_2=4.000
d_x_3=0.400
d_x_5=2.000
d_x_6=0.500
d_x_7=0.400
d_x_9=0.600
d_x_10=1.000
d_x_11=0.500
d_x_13=0.500
d_x_14=0.400
d_x_15=4.600
d_y_1=2.500
d_y_2=4.000
d_y_3=0.800
d_y_4=2.000
d_y_5=1.000
d_y_6=0.500
d_y_7=0.200
d_y_8=1.000
d_y_9=0.800
d_y_10=1.000
d_y_11=1.500
d_y_12=2.000
d_y_13=0.500
d_y_14=1.200
d_y_15=0.800
normalized distance of container 1 : 0.5555555555555556
normalized distance of container 2 : 0.8888888888888888
normalized distance of container 3 : 0.13333333333333333
normalized distance of container 4 : 0.2222222222222222
normalized distance of container 5 : 0.3333333333333333
normalized distance of container 6 : 0.11111111111111109
normalized distance of container 7 : 0.0666666666666665
normalized distance of container 8 : 0.1111111111111111
normalized distance of container 9 : 0.15555555555555556
normalized distance of container 10 : 0.2222222222222222
normalized distance of container 11 : 0.22222222222222182
normalized distance of container 12 : 0.2222222222222222
normalized distance of container 13 : 0.11111111111111091
normalized distance of container 14 : 0.17777777777777676
normalized distance of container 15 : 0.6
