Number of initial container : 5
Number of new container : 10
Total number of containers : 15
Level_num : 9
Container_level : [5, 5, 3, 2, 2, 9, 2, 1, 5, 4, 8, 1, 3, 1, 6]
ideal_configuration : 
 [[5. 0. 0. 0. 0. 0.]
 [3. 5. 0. 0. 0. 0.]
 [2. 3. 6. 0. 0. 0.]
 [1. 2. 4. 8. 0. 0.]
 [1. 1. 2. 5. 9. 0.]]
Centroid : {5: (2.3333333333333335, 2.3333333333333335), 3: (1.5, 2.5), 2: (2.0, 1.0), 9: (5.0, 0.0), 1: (1.3333333333333333, 0.3333333333333333), 4: (3.0, 1.0), 8: (4.0, 1.0), 6: (3.0, 2.0)}
Repeat number : 15
Original weight : [16.13, 16.73, 12.0, 9.24, 10.96, 23.61, 10.87, 7.05, 16.11, 13.93, 22.01, 7.83, 11.19, 8.88, 19.26]
Sequence : [0, 0, 0, 0, 0, 1, 2, 3, 4, 5, 6, 7, 8, 9, 10]
Emergency : [0, 0, 0, 0, 0, 0, 0, 0, 0, 0, 0, 0, 0, 0, 0]
Time taken to solve the MIP model : 0.1744 seconds
min_d : 0, max_d : 9
---------------------------------
solution for: IP model
objective: 2.55556
x_1_4_0=1
x_2_2_0=1
x_3_1_0=1
x_4_6_0=1
x_5_3_0=1
x_6_4_1=1
x_7_6_1=1
x_8_5_0=1
x_9_1_1=1
x_10_3_1=1
x_11_2_1=1
x_12_5_1=1
x_13_6_2=1
x_14_5_2=1
x_15_3_2=1
d_1=4.000
d_2=2.667
d_3=3.000
d_4=5.000
d_5=2.000
d_6=2.000
d_7=4.000
d_8=4.000
d_9=2.667
d_11=2.000
d_12=4.333
d_13=5.000
d_14=5.333
d_x_1=1.667
d_x_2=0.333
d_x_3=0.500
d_x_4=4.000
d_x_5=1.000
d_x_6=1.000
d_x_7=4.000
d_x_8=3.667
d_x_9=1.333
d_x_11=2.000
d_x_12=3.667
d_x_13=4.500
d_x_14=3.667
d_y_1=2.333
d_y_2=2.333
d_y_3=2.500
d_y_4=1.000
d_y_5=1.000
d_y_6=1.000
d_y_8=0.333
d_y_9=1.333
d_y_12=0.667
d_y_13=0.500
d_y_14=1.667
normalized distance of container 1 : 0.4444444444444444
normalized distance of container 2 : 0.29629629629629634
normalized distance of container 3 : 0.3333333333333333
normalized distance of container 4 : 0.5555555555555556
normalized distance of container 5 : 0.2222222222222222
normalized distance of container 6 : 0.2222222222222222
normalized distance of container 7 : 0.4444444444444444
normalized distance of container 8 : 0.4444444444444444
normalized distance of container 9 : 0.2962962962962963
normalized distance of container 10 : 0.0
normalized distance of container 11 : 0.2222222222222222
normalized distance of container 12 : 0.48148148148148157
normalized distance of container 13 : 0.5555555555555554
normalized distance of container 14 : 0.5925925925925927
normalized distance of container 15 : 0.0
