Number of initial container : 5
Number of new container : 10
Total number of containers : 15
Level_num : 9
Container_level : [1, 1, 2, 3, 3, 9, 7, 4, 5, 8, 7, 7, 6, 5, 1]
ideal_configuration : 
 [[7. 0. 0. 0. 0. 0.]
 [4. 7. 0. 0. 0. 0.]
 [2. 5. 7. 0. 0. 0.]
 [1. 3. 5. 8. 0. 0.]
 [1. 1. 3. 6. 9. 0.]]
Centroid : {1: (1.3333333333333333, 0.3333333333333333), 2: (1.0, 2.0), 3: (2.5, 0.5), 9: (5.0, 0.0), 7: (2.0, 3.0), 4: (1.0, 3.0), 5: (2.5, 1.5), 8: (4.0, 1.0), 6: (4.0, 0.0)}
Repeat number : 11
Original weight : [5.68, 5.83, 8.21, 9.9, 10.49, 23.14, 20.88, 12.97, 16.15, 21.51, 19.39, 19.36, 17.63, 15.65, 5.14]
Sequence : [0, 0, 0, 0, 0, 1, 2, 3, 4, 5, 6, 7, 8, 9, 10]
Emergency : [0, 0, 0, 0, 0, 0, 0, 0, 0, 0, 0, 0, 0, 0, 0]
Time taken to solve the MIP model : 1.3427 seconds
min_d : 0, max_d : 9
---------------------------------
solution for: IP model
objective: 2.5
status: OPTIMAL_SOLUTION(2)
x_1_1_0=1
x_2_1_1=1
x_3_3_0=1
x_4_3_1=1
x_5_3_2=1
x_6_6_0=1
x_7_5_0=1
x_8_1_2=1
x_9_4_0=1
x_10_5_1=1
x_11_1_3=1
x_12_3_3=1
x_13_4_1=1
x_14_2_0=1
x_15_2_1=1
r_2_0=1
r_2_1=1
d_1=0.667
d_2=1.000
d_3=4.000
d_4=1.000
d_5=2.000
d_6=1.000
d_7=6.000
d_8=1.000
d_9=3.000
d_10=1.000
d_11=1.000
d_12=1.000
d_13=1.000
d_14=2.000
d_15=1.333
d_x_1=0.333
d_x_2=0.333
d_x_3=2.000
d_x_4=0.500
d_x_5=0.500
d_x_6=1.000
d_x_7=3.000
d_x_9=1.500
d_x_10=1.000
d_x_11=1.000
d_x_12=1.000
d_x_14=0.500
d_x_15=0.667
d_y_1=0.333
d_y_2=0.667
d_y_3=2.000
d_y_4=0.500
d_y_5=1.500
d_y_7=3.000
d_y_8=1.000
d_y_9=1.500
d_y_13=1.000
d_y_14=1.500
d_y_15=0.667
normalized distance of container 1 : 0.07407407407407406
normalized distance of container 2 : 0.1111111111111111
normalized distance of container 3 : 0.4444444444444444
normalized distance of container 4 : 0.1111111111111111
normalized distance of container 5 : 0.2222222222222222
normalized distance of container 6 : 0.1111111111111111
normalized distance of container 7 : 0.6666666666666666
normalized distance of container 8 : 0.1111111111111111
normalized distance of container 9 : 0.3333333333333333
normalized distance of container 10 : 0.1111111111111111
normalized distance of container 11 : 0.1111111111111111
normalized distance of container 12 : 0.1111111111111111
normalized distance of container 13 : 0.1111111111111111
normalized distance of container 14 : 0.2222222222222222
normalized distance of container 15 : 0.14814814814814817
