Number of initial container : 0
Number of new container : 7
Total number of containers : 7
Level_num : 9
Container_level : [8, 1, 9, 8, 7, 5, 6]
ideal_configuration : 
 [[0. 0. 0. 0. 0. 0.]
 [9. 0. 0. 0. 0. 0.]
 [7. 0. 0. 0. 0. 0.]
 [5. 8. 0. 0. 0. 0.]
 [1. 6. 8. 0. 0. 0.]]
Centroid : {8: (1.5, 0.5), 1: (0.0, 0.0), 9: (0.0, 3.0), 7: (0.0, 2.0), 5: (0.0, 1.0), 6: (1.0, 0.0)}
Repeat number : 27
Original weight : [22.18, 7.11, 22.62, 21.75, 19.0, 15.71, 16.87]
Group : [0, 0, 0, 0, 0, 0, 0]
Sequence : [1, 2, 3, 4, 5, 6, 7]
Scroe : [22.18, 7.11, 22.62, 21.75, 19.0, 15.71, 16.87]
Time taken to solve the MIP model : 0.0168 seconds
min_d : 0, max_d : 9
---------------------------------
solution for: IP model
objective: 0
x_0_4_0=1
x_1_3_0=1
x_2_2_0=1
x_3_3_1=1
x_4_0_0=1
x_5_1_0=1
x_6_5_0=1
d_0=4.000
d_1=3.000
d_2=5.000
d_3=3.000
d_4=2.000
d_5=2.000
d_6=4.000
d_x_0=3.000
d_x_1=3.000
d_x_2=2.000
d_x_3=2.000
d_x_5=1.000
d_x_6=4.000
d_y_0=1.000
d_y_2=3.000
d_y_3=1.000
d_y_4=2.000
d_y_5=1.000
normalized distance of container 0 : 0.4444444444444444
normalized distance of container 1 : 0.3333333333333333
normalized distance of container 2 : 0.5555555555555556
normalized distance of container 3 : 0.3333333333333333
normalized distance of container 4 : 0.2222222222222222
normalized distance of container 5 : 0.2222222222222222
normalized distance of container 6 : 0.4444444444444444
