Number of initial container : 0
Number of new container : 7
Total number of containers : 7
Level_num : 9
Container_level : [1, 1, 7, 5, 3, 9, 3]
ideal_configuration : 
 [[0. 0. 0. 0. 0. 0.]
 [9. 0. 0. 0. 0. 0.]
 [3. 0. 0. 0. 0. 0.]
 [1. 5. 0. 0. 0. 0.]
 [1. 3. 7. 0. 0. 0.]]
Centroid : {1: (0.0, 0.5), 7: (2.0, 0.0), 5: (1.0, 1.0), 3: (0.5, 1.0), 9: (0.0, 3.0)}
Repeat number : 16
Original weight : [8.01, 7.08, 20.94, 16.33, 12.42, 23.39, 13.03]
Group : [0, 0, 0, 0, 0, 0, 0]
Sequence : [1, 2, 3, 4, 5, 6, 7]
Scroe : [8.01, 7.08, 20.94, 16.33, 12.42, 23.39, 13.03]
Time taken to solve the MIP model : 0.0142 seconds
min_d : 0, max_d : 9
---------------------------------
solution for: IP model
objective: 0
x_0_1_0=1
x_1_5_0=1
x_2_5_1=1
x_3_3_0=1
x_4_4_0=1
x_5_4_1=1
x_6_1_1=1
d_0=2.000
d_1=6.000
d_2=4.000
d_3=3.000
d_4=5.000
d_5=6.000
d_6=1.000
d_x_0=1.000
d_x_1=5.000
d_x_2=3.000
d_x_3=2.000
d_x_4=4.000
d_x_5=4.000
d_x_6=1.000
d_y_0=1.000
d_y_1=1.000
d_y_2=1.000
d_y_3=1.000
d_y_4=1.000
d_y_5=2.000
normalized distance of container 0 : 0.2222222222222222
normalized distance of container 1 : 0.6666666666666666
normalized distance of container 2 : 0.4444444444444444
normalized distance of container 3 : 0.3333333333333333
normalized distance of container 4 : 0.5555555555555556
normalized distance of container 5 : 0.6666666666666666
normalized distance of container 6 : 0.1111111111111111
