Number of initial container : 0
Number of new container : 7
Total number of containers : 7
Level_num : 9
Container_level : [2, 9, 1, 4, 2, 8, 3]
ideal_configuration : 
 [[0. 0. 0. 0. 0. 0.]
 [9. 0. 0. 0. 0. 0.]
 [3. 0. 0. 0. 0. 0.]
 [2. 4. 0. 0. 0. 0.]
 [1. 2. 8. 0. 0. 0.]]
Centroid : {2: (0.5, 0.5), 9: (0.0, 3.0), 1: (0.0, 0.0), 4: (1.0, 1.0), 8: (2.0, 0.0), 3: (0.0, 2.0)}
Repeat number : 9
Original weight : [9.0, 23.74, 5.26, 13.69, 7.71, 22.08, 11.95]
Group : [0, 0, 0, 0, 0, 0, 0]
Sequence : [1, 2, 3, 4, 5, 6, 7]
Scroe : [9.0, 23.74, 5.26, 13.69, 7.71, 22.08, 11.95]
Time taken to solve the MIP model : 0.0118 seconds
min_d : 0, max_d : 9
---------------------------------
solution for: IP model
objective: 0
x_0_5_0=1
x_1_5_1=1
x_2_1_0=1
x_3_2_0=1
x_4_4_0=1
x_5_3_0=1
x_6_4_1=1
d_0=6.000
d_1=7.000
d_2=1.000
d_3=2.000
d_4=5.000
d_5=1.000
d_6=5.000
d_x_0=5.000
d_x_1=5.000
d_x_2=1.000
d_x_3=1.000
d_x_4=4.000
d_x_5=1.000
d_x_6=4.000
d_y_0=1.000
d_y_1=2.000
d_y_3=1.000
d_y_4=1.000
d_y_6=1.000
normalized distance of container 0 : 0.6666666666666666
normalized distance of container 1 : 0.7777777777777778
normalized distance of container 2 : 0.1111111111111111
normalized distance of container 3 : 0.2222222222222222
normalized distance of container 4 : 0.5555555555555556
normalized distance of container 5 : 0.1111111111111111
normalized distance of container 6 : 0.5555555555555556
