Number of initial container : 0
Number of new container : 7
Total number of containers : 7
Level_num : 9
Container_level : [1, 4, 9, 1, 6, 2, 6]
ideal_configuration : 
 [[0. 0. 0. 0. 0. 0.]
 [9. 0. 0. 0. 0. 0.]
 [4. 0. 0. 0. 0. 0.]
 [1. 6. 0. 0. 0. 0.]
 [1. 2. 6. 0. 0. 0.]]
Centroid : {1: (0.0, 0.5), 4: (0.0, 2.0), 9: (0.0, 3.0), 6: (1.5, 0.5), 2: (1.0, 0.0)}
Repeat number : 15
Original weight : [7.59, 13.62, 20.8, 6.87, 17.15, 9.3, 16.44]
Group : [0, 0, 0, 0, 0, 0, 0]
Sequence : [1, 2, 3, 4, 5, 6, 7]
Scroe : [7.59, 13.62, 20.8, 6.87, 17.15, 9.3, 16.44]
Time taken to solve the MIP model : 0.0135 seconds
min_d : 0, max_d : 9
---------------------------------
solution for: IP model
objective: 0
x_0_5_0=1
x_1_5_1=1
x_2_3_0=1
x_3_2_0=1
x_4_4_0=1
x_5_2_1=1
x_6_5_2=1
d_0=6.000
d_1=6.000
d_2=6.000
d_3=3.000
d_4=4.000
d_5=2.000
d_6=6.000
d_x_0=5.000
d_x_1=5.000
d_x_2=3.000
d_x_3=2.000
d_x_4=3.000
d_x_5=1.000
d_x_6=4.000
d_y_0=1.000
d_y_1=1.000
d_y_2=3.000
d_y_3=1.000
d_y_4=1.000
d_y_5=1.000
d_y_6=2.000
normalized distance of container 0 : 0.6666666666666666
normalized distance of container 1 : 0.6666666666666666
normalized distance of container 2 : 0.6666666666666666
normalized distance of container 3 : 0.3333333333333333
normalized distance of container 4 : 0.4444444444444444
normalized distance of container 5 : 0.2222222222222222
normalized distance of container 6 : 0.6666666666666666
