Number of initial container : 10
Number of new container : 10
Total number of containers : 20
Level_num : 9
Container_level : [5, 8, 1, 8, 3, 4, 5, 5, 3, 8, 6, 8, 1, 2, 4, 5, 1, 1, 6, 9]
ideal_configuration : 
 [[5. 8. 0. 0. 0. 0.]
 [3. 5. 8. 0. 0. 0.]
 [1. 4. 5. 8. 0. 0.]
 [1. 2. 4. 6. 8. 0.]
 [1. 1. 3. 5. 6. 9.]]
Centroid : {5: (1.5, 2.25), 8: (2.5, 2.5), 1: (0.25, 0.75), 3: (1.0, 1.5), 4: (1.5, 1.5), 6: (3.5, 0.5), 2: (1.0, 1.0), 9: (5.0, 0.0)}
Repeat number : 26
Original weight : [13.95, 20.59, 5.21, 20.01, 10.13, 12.51, 15.26, 15.53, 9.63, 20.97, 17.72, 21.69, 7.27, 7.32, 12.57, 15.01, 6.56, 7.06, 17.04, 22.0]
Sequence : [0, 0, 0, 0, 0, 0, 0, 0, 0, 0, 1, 2, 3, 4, 5, 6, 7, 8, 9, 10]
Emergency : [0, 0, 0, 0, 0, 0, 0, 0, 0, 0, 0, 0, 0, 0, 0, 0, 0, 0, 0, 0]
Time taken to solve the MIP model : 0.0190 seconds
min_d : 0, max_d : 9
---------------------------------
solution for: IP model
objective: 6
status: OPTIMAL_SOLUTION(2)
x_0_3_0=1
x_1_1_0=1
x_2_4_0=1
x_3_4_1=1
x_4_3_1=1
x_5_3_2=1
x_6_4_2=1
x_7_3_3=1
x_8_2_0=1
x_9_1_1=1
x_10_2_1=1
x_11_1_2=1
x_12_5_0=1
x_13_5_1=1
x_14_5_2=1
x_15_5_3=1
x_16_0_0=1
x_17_0_1=1
x_18_5_4=1
x_19_1_3=1
r_3_0=1
r_3_1=1
r_3_2=1
r_3_3=1
r_4_1=1
r_4_2=1
d_0=3.750
d_1=4.000
d_2=4.500
d_3=3.000
d_4=2.500
d_5=2.000
d_6=2.750
d_7=2.250
d_8=2.500
d_9=3.000
d_10=3.000
d_11=3.000
d_12=6.000
d_13=4.000
d_14=5.000
d_15=5.000
d_16=2.000
d_17=2.000
d_18=6.000
d_19=7.000
d_x_0=1.500
d_x_1=1.500
d_x_2=3.750
d_x_3=1.500
d_x_4=2.000
d_x_5=1.500
d_x_6=2.500
d_x_7=1.500
d_x_8=1.000
d_x_9=1.500
d_x_10=2.000
d_x_11=2.000
d_x_12=5.000
d_x_13=4.000
d_x_14=4.000
d_x_15=4.000
d_x_16=1.000
d_x_17=1.000
d_x_18=2.000
d_x_19=4.000
d_y_0=2.250
d_y_1=2.500
d_y_2=0.750
d_y_3=1.500
d_y_4=0.500
d_y_5=0.500
d_y_6=0.250
d_y_7=0.750
d_y_8=1.500
d_y_9=1.500
d_y_10=1.000
d_y_11=1.000
d_y_12=1.000
d_y_14=1.000
d_y_15=1.000
d_y_16=1.000
d_y_17=1.000
d_y_18=4.000
d_y_19=3.000
normalized distance of container 0 : 0.4166666666666667
normalized distance of container 1 : 0.4444444444444444
normalized distance of container 2 : 0.5
normalized distance of container 3 : 0.3333333333333333
normalized distance of container 4 : 0.2777777777777778
normalized distance of container 5 : 0.2222222222222222
normalized distance of container 6 : 0.3055555555555556
normalized distance of container 7 : 0.25
normalized distance of container 8 : 0.2777777777777778
normalized distance of container 9 : 0.3333333333333333
normalized distance of container 10 : 0.3333333333333333
normalized distance of container 11 : 0.3333333333333333
normalized distance of container 12 : 0.6666666666666666
normalized distance of container 13 : 0.4444444444444444
normalized distance of container 14 : 0.5555555555555556
normalized distance of container 15 : 0.5555555555555556
normalized distance of container 16 : 0.2222222222222222
normalized distance of container 17 : 0.2222222222222222
normalized distance of container 18 : 0.6666666666666666
normalized distance of container 19 : 0.7777777777777778
