Number of initial container : 0
Number of new container : 20
Total number of containers : 20
Level_num : 9
Container_level : [3, 6, 2, 9, 1, 7, 2, 5, 1, 5, 7, 3, 5, 4, 2, 8, 6, 3, 4, 4]
ideal_configuration : 
 [[4. 6. 0. 0. 0. 0.]
 [3. 5. 7. 0. 0. 0.]
 [2. 3. 5. 7. 0. 0.]
 [1. 2. 4. 5. 8. 0.]
 [1. 2. 3. 4. 6. 9.]]
Centroid : {3: (1.0, 1.6666666666666667), 6: (2.5, 2.0), 2: (0.6666666666666666, 1.0), 9: (5.0, 0.0), 1: (0.0, 0.5), 7: (2.5, 2.5), 5: (2.0, 2.0), 4: (1.6666666666666667, 1.6666666666666667), 8: (4.0, 1.0)}
Repeat number : 26
Original weight : [10.45, 16.75, 8.29, 23.26, 5.11, 19.5, 9.55, 15.36, 6.04, 14.79, 20.59, 10.2, 14.77, 13.46, 9.13, 21.03, 18.7, 9.69, 12.67, 12.03]
Group : [0, 0, 0, 0, 0, 0, 0, 0, 0, 0, 0, 0, 0, 0, 0, 0, 0, 0, 0, 0]
Sequence : [1, 2, 3, 4, 5, 6, 7, 8, 9, 10, 11, 12, 13, 14, 15, 16, 17, 18, 19, 20]
Scroe : [10.45, 16.75, 8.29, 23.26, 5.11, 19.5, 9.55, 15.36, 6.04, 14.79, 20.59, 10.2, 14.77, 13.46, 9.13, 21.03, 18.7, 9.69, 12.67, 12.03]
Time taken to solve the MIP model : 462.3512 seconds
min_d : 0, max_d : 9
---------------------------------
solution for: IP model
objective: 2.75926
x_0_1_0=0
x_0_2_0=-0
x_0_3_0=1
x_1_3_1=1
x_2_1_1=0
x_2_2_0=1
x_2_3_0=-0
x_3_5_0=1
x_4_0_0=0
x_4_1_0=1
x_4_2_0=0
x_5_3_2=1
x_6_1_1=0
x_6_1_2=0
x_6_2_0=-0
x_6_2_1=1
x_7_2_2=1
x_7_4_0=0
x_8_0_0=1
x_8_0_1=0
x_9_1_0=0
x_9_4_0=1
x_10_1_3=0
x_10_3_3=1
x_10_3_4=0
x_11_1_1=1
x_11_1_2=0
x_11_2_1=0
x_12_1_4=0
x_12_2_0=0
x_12_4_1=1
x_13_1_1=-0
x_13_1_2=1
x_13_2_1=-0
x_13_2_2=0
x_13_2_4=-0
x_14_0_1=1
x_14_0_2=0
x_14_1_0=0
x_14_2_3=-0
x_15_1_1=0
x_15_1_2=-0
x_15_3_3=0
x_15_4_2=1
x_16_1_3=1
x_16_1_4=0
x_16_2_2=-0
x_17_0_2=1
x_17_1_3=0
x_17_1_4=0
x_18_0_3=1
x_19_1_3=0
x_19_2_2=-0
x_19_2_3=1
r_2_2=1
r_2_3=1
d_0=3.667
d_1=1.500
d_2=2.333
d_4=1.500
d_5=1.000
d_6=1.333
d_7=0.000
d_8=0.500
d_9=4.000
d_10=1.000
d_11=0.667
d_12=3.000
d_13=1.000
d_14=0.667
d_15=1.000
d_16=2.500
d_17=1.333
d_18=3.000
d_19=1.667
d_x_0=2.000
d_x_1=0.500
d_x_2=1.333
d_x_4=1.000
d_x_5=0.500
d_x_6=1.333
d_x_7=0.000
d_x_9=2.000
d_x_10=0.500
d_x_11=0.000
d_x_12=2.000
d_x_13=0.667
d_x_14=0.667
d_x_15=0.000
d_x_16=1.500
d_x_17=1.000
d_x_18=1.667
d_x_19=0.333
d_y_0=1.667
d_y_1=1.000
d_y_2=1.000
d_y_4=0.500
d_y_5=0.500
d_y_6=-0.000
d_y_7=0.000
d_y_8=0.500
d_y_9=2.000
d_y_10=0.500
d_y_11=0.667
d_y_12=1.000
d_y_13=0.333
d_y_14=0.000
d_y_15=1.000
d_y_16=1.000
d_y_17=0.333
d_y_18=1.333
d_y_19=1.333
normalized distance of container 0 : 0.40740739159130007
normalized distance of container 1 : 0.16666666666666646
normalized distance of container 2 : 0.259259203902883
normalized distance of container 3 : 0.0
normalized distance of container 4 : 0.1666665310916225
normalized distance of container 5 : 0.11111111111111072
normalized distance of container 6 : 0.1481478385959214
normalized distance of container 7 : 8.902545393713663e-07
normalized distance of container 8 : 0.05555555555555555
normalized distance of container 9 : 0.4444442218808096
normalized distance of container 10 : 0.11111156414643378
normalized distance of container 11 : 0.07407425557993141
normalized distance of container 12 : 0.33333330170111863
normalized distance of container 13 : 0.11111097667419809
normalized distance of container 14 : 0.07407424128133305
normalized distance of container 15 : 0.11111148506589769
normalized distance of container 16 : 0.2777781325020614
normalized distance of container 17 : 0.14814822836681613
normalized distance of container 18 : 0.3333333333333328
normalized distance of container 19 : 0.18518521719677616
