Number of initial container : 4
Number of new container : 3
Total number of containers : 7
Level_num : 9
Container_level : [7, 6, 7, 9, 2, 1, 8]
ideal_configuration : 
 [[0. 0. 0. 0. 0. 0.]
 [9. 0. 0. 0. 0. 0.]
 [7. 0. 0. 0. 0. 0.]
 [2. 7. 0. 0. 0. 0.]
 [1. 6. 8. 0. 0. 0.]]
Centroid : {7: (0.5, 1.5), 6: (1.0, 0.0), 9: (0.0, 3.0), 2: (0.0, 1.0), 1: (0.0, 0.0), 8: (2.0, 0.0)}
Repeat number : 22
Original weight : [20.34, 19.02, 20.44, 22.52, 11.91, 8.9, 21.42]
Group : [0, 0, 0, 0, 0, 0, 0]
Sequence : [0, 0, 0, 0, 1, 2, 3]
Scroe : [20.34, 19.02, 20.44, 22.52, 11.91, 8.9, 21.42]
Time taken to solve the MIP model : 0.0111 seconds
min_d : 0, max_d : 9
---------------------------------
solution for: IP model
objective: 0.722222
x_0_1_0=1
x_1_0_0=1
x_2_1_1=1
x_3_1_2=1
x_4_2_0=1
x_5_3_0=1
x_6_2_1=1
d_0=2.000
d_1=1.000
d_2=1.000
d_3=2.000
d_4=3.000
d_5=3.000
d_6=1.000
d_x_0=0.500
d_x_1=1.000
d_x_2=0.500
d_x_3=1.000
d_x_4=2.000
d_x_5=3.000
d_y_0=1.500
d_y_2=0.500
d_y_3=1.000
d_y_4=1.000
d_y_6=1.000
normalized distance of container 0 : 0.2222222222222222
normalized distance of container 1 : 0.1111111111111111
normalized distance of container 2 : 0.1111111111111111
normalized distance of container 3 : 0.2222222222222222
normalized distance of container 4 : 0.3333333333333333
normalized distance of container 5 : 0.3333333333333333
normalized distance of container 6 : 0.1111111111111111
