Number of initial container : 4
Number of new container : 3
Total number of containers : 7
Level_num : 9
Container_level : [9, 3, 3, 7, 4, 1, 3]
ideal_configuration : 
 [[0. 0. 0. 0. 0. 0.]
 [9. 0. 0. 0. 0. 0.]
 [3. 0. 0. 0. 0. 0.]
 [3. 4. 0. 0. 0. 0.]
 [1. 3. 7. 0. 0. 0.]]
Centroid : {9: (0.0, 3.0), 3: (0.3333333333333333, 1.0), 7: (2.0, 0.0), 4: (1.0, 1.0), 1: (0.0, 0.0)}
Repeat number : 18
Original weight : [20.79, 12.43, 12.25, 18.23, 14.14, 9.14, 13.33]
Group : [0, 0, 0, 0, 0, 0, 0]
Sequence : [0, 0, 0, 0, 1, 2, 3]
Scroe : [20.79, 12.43, 12.25, 18.23, 14.14, 9.14, 13.33]
Time taken to solve the MIP model : 0.0090 seconds
min_d : 0, max_d : 9
---------------------------------
solution for: IP model
objective: 1.75926
x_0_2_0=1
x_1_0_0=1
x_2_3_0=1
x_3_2_1=1
x_4_0_1=1
x_5_1_0=1
x_6_1_1=1
r_2_0=1
r_2_1=1
r_2_3=-0
r_2_4=-0
d_0=5.000
d_1=1.333
d_2=3.667
d_3=1.000
d_4=1.000
d_5=1.000
d_6=0.667
d_x_0=2.000
d_x_1=0.333
d_x_2=2.667
d_x_4=1.000
d_x_5=1.000
d_x_6=0.667
d_y_0=3.000
d_y_1=1.000
d_y_2=1.000
d_y_3=1.000
normalized distance of container 0 : 0.5555555555555556
normalized distance of container 1 : 0.14814814814814814
normalized distance of container 2 : 0.4074074074074074
normalized distance of container 3 : 0.1111111111111111
normalized distance of container 4 : 0.1111111111111111
normalized distance of container 5 : 0.1111111111111111
normalized distance of container 6 : 0.07407407407407408
