Number of initial container : 0
Number of new container : 30
Total number of containers : 30
Level_num : 9
Container_level : [7, 5, 2, 3, 4, 8, 4, 7, 5, 3, 3, 3, 6, 4, 5, 5, 6, 1, 7, 1, 1, 1, 7, 1, 7, 4, 3, 1, 3, 2]
ideal_configuration : 
 [[4. 5. 7. 0. 0. 0. 0. 0. 0. 0.]
 [3. 4. 6. 7. 0. 0. 0. 0. 0. 0.]
 [2. 3. 4. 6. 8. 0. 0. 0. 0. 0.]
 [1. 2. 3. 5. 7. 0. 0. 0. 0. 0.]
 [1. 1. 3. 3. 5. 7. 0. 0. 0. 0.]
 [1. 1. 1. 3. 4. 5. 7. 0. 0. 0.]]
Centroid : {7: (5.0, 2.4), 5: (4.25, 2.0), 2: (1.5, 2.5), 3: (2.8333333333333335, 1.8333333333333333), 4: (2.75, 3.0), 8: (5.0, 3.0), 6: (3.5, 3.5), 1: (1.6666666666666667, 0.6666666666666666)}
Repeat number : 26
Original weight : [21.17, 15.36, 9.36, 10.61, 13.27, 23.49, 13.72, 20.19, 14.99, 11.37, 11.79, 11.05, 17.81, 14.51, 16.36, 15.42, 17.22, 6.11, 20.15, 6.06, 5.74, 6.97, 20.32, 6.37, 19.82, 13.36, 10.72, 5.86, 11.98, 9.61]
Group : [0, 0, 0, 0, 0, 0, 0, 0, 0, 0, 0, 0, 0, 0, 0, 0, 0, 0, 0, 0, 0, 0, 0, 0, 0, 0, 0, 0, 0, 0]
Sequence : [1, 2, 3, 4, 5, 6, 7, 8, 9, 10, 11, 12, 13, 14, 15, 16, 17, 18, 19, 20, 21, 22, 23, 24, 25, 26, 27, 28, 29, 30]
Scroe : [21.17, 15.36, 9.36, 10.61, 13.27, 23.49, 13.72, 20.19, 14.99, 11.37, 11.79, 11.05, 17.81, 14.51, 16.36, 15.42, 17.22, 6.11, 20.15, 6.06, 5.74, 6.97, 20.32, 6.37, 19.82, 13.36, 10.72, 5.86, 11.98, 9.61]
Time taken to solve the MIP model : 160.5414 seconds
---------------------------------
solution for: IP model
objective: 34.0333
x_1_5_0=1
x_2_5_1=1
x_3_3_0=1
x_4_3_1=1
x_5_4_0=1
x_6_5_2=1
x_7_4_1=1
x_8_5_3=1
x_9_4_2=1
x_10_3_2=1
x_11_3_3=1
x_12_6_0=1
x_13_5_4=1
x_14_3_4=1
x_15_6_1=1
x_16_4_3=1
x_17_4_4=1
x_18_2_0=1
x_19_6_2=1
x_20_7_0=1
x_21_1_0=1
x_22_2_1=1
x_23_6_3=1
x_24_1_1=1
x_25_7_1=1
x_26_3_5=1
x_27_2_2=1
x_28_1_2=1
x_29_2_3=1
x_30_1_3=1
r_1_1=1
r_1_2=1
r_1_3=1
r_3_4=1
r_3_5=1
r_5_0=1
r_5_1=1
r_5_2=1
r_5_3=1
r_5_4=1
d_1=2.400
d_2=1.750
d_3=4.000
d_4=1.000
d_5=4.250
d_6=1.000
d_7=3.250
d_8=0.600
d_9=0.250
d_10=0.333
d_11=1.333
d_12=5.000
d_13=2.000
d_14=1.250
d_15=2.750
d_16=1.250
d_17=1.000
d_18=1.000
d_19=1.400
d_20=6.000
d_21=1.333
d_22=0.667
d_23=1.600
d_24=1.000
d_25=3.400
d_26=2.250
d_27=1.000
d_28=2.000
d_29=2.000
d_30=1.000
d_x_2=0.750
d_x_3=1.500
d_x_4=0.167
d_x_5=1.250
d_x_7=1.250
d_x_9=0.250
d_x_10=0.167
d_x_11=0.167
d_x_12=3.167
d_x_13=1.500
d_x_14=0.250
d_x_15=1.750
d_x_16=0.250
d_x_17=0.500
d_x_18=0.333
d_x_19=1.000
d_x_20=5.333
d_x_21=0.667
d_x_22=0.333
d_x_23=1.000
d_x_24=0.667
d_x_25=2.000
d_x_26=0.250
d_x_27=0.833
d_x_28=0.667
d_x_29=0.833
d_x_30=0.500
d_y_1=2.400
d_y_2=1.000
d_y_3=2.500
d_y_4=0.833
d_y_5=3.000
d_y_6=1.000
d_y_7=2.000
d_y_8=0.600
d_y_10=0.167
d_y_11=1.167
d_y_12=1.833
d_y_13=0.500
d_y_14=1.000
d_y_15=1.000
d_y_16=1.000
d_y_17=0.500
d_y_18=0.667
d_y_19=0.400
d_y_20=0.667
d_y_21=0.667
d_y_22=0.333
d_y_23=0.600
d_y_24=0.333
d_y_25=1.400
d_y_26=2.000
d_y_27=0.167
d_y_28=1.333
d_y_29=1.167
d_y_30=0.500
