Number of initial container : 0
Number of new container : 30
Total number of containers : 30
Level_num : 9
Container_level : [2, 3, 8, 1, 8, 7, 7, 6, 7, 2, 4, 6, 1, 2, 1, 8, 1, 4, 1, 5, 3, 8, 8, 1, 4, 8, 8, 7, 9, 4]
ideal_configuration : 
 [[5. 7. 8. 0. 0. 0. 0. 0. 0. 0.]
 [3. 6. 8. 8. 0. 0. 0. 0. 0. 0.]
 [2. 4. 6. 8. 9. 0. 0. 0. 0. 0.]
 [1. 2. 4. 7. 8. 0. 0. 0. 0. 0.]
 [1. 1. 2. 4. 7. 8. 0. 0. 0. 0.]
 [1. 1. 1. 3. 4. 7. 8. 0. 0. 0.]]
Centroid : {2: (2.0, 2.0), 3: (2.5, 2.0), 8: (4.571428571428571, 2.7142857142857144), 1: (1.6666666666666667, 0.6666666666666666), 7: (4.25, 2.0), 6: (2.5, 3.5), 4: (3.5, 1.5), 5: (1.0, 5.0), 9: (5.0, 3.0)}
Repeat number : 25
Original weight : [8.36, 11.13, 21.95, 5.76, 22.31, 19.09, 20.55, 18.15, 20.46, 9.86, 12.57, 17.27, 7.04, 8.28, 5.64, 22.55, 6.19, 13.33, 7.66, 15.35, 10.9, 22.41, 22.6, 6.95, 14.25, 22.51, 21.7, 20.94, 23.44, 14.2]
Group : [0, 0, 0, 0, 0, 0, 0, 0, 0, 0, 0, 0, 0, 0, 0, 0, 0, 0, 0, 0, 0, 0, 0, 0, 0, 0, 0, 0, 0, 0]
Sequence : [1, 2, 3, 4, 5, 6, 7, 8, 9, 10, 11, 12, 13, 14, 15, 16, 17, 18, 19, 20, 21, 22, 23, 24, 25, 26, 27, 28, 29, 30]
Scroe : [8.36, 11.13, 21.95, 5.76, 22.31, 19.09, 20.55, 18.15, 20.46, 9.86, 12.57, 17.27, 7.04, 8.28, 5.64, 22.55, 6.19, 13.33, 7.66, 15.35, 10.9, 22.41, 22.6, 6.95, 14.25, 22.51, 21.7, 20.94, 23.44, 14.2]
Time taken to solve the MIP model : 20.2444 seconds
---------------------------------
solution for: IP model
objective: 31.1786
x_1_3_0=1
x_2_3_1=1
x_3_6_0=1
x_4_2_0=1
x_5_6_1=1
x_6_5_0=1
x_7_3_2=1
x_8_3_3=1
x_9_5_1=1
x_10_4_0=1
x_11_4_1=1
x_12_3_4=1
x_13_2_1=1
x_14_2_2=1
x_15_1_0=1
x_16_6_2=1
x_17_1_1=1
x_18_4_2=1
x_19_1_2=1
x_20_1_3=1
x_21_2_3=1
x_22_5_2=1
x_23_6_3=1
x_24_7_0=1
x_25_4_3=1
x_26_5_3=1
x_27_4_4=1
x_28_7_1=1
x_29_5_4=1
x_30_2_4=1
r_3_2=1
r_3_3=1
r_3_4=1
d_1=3.000
d_2=1.500
d_3=4.143
d_4=1.000
d_5=3.143
d_6=2.750
d_7=1.250
d_8=1.000
d_9=1.750
d_10=4.000
d_11=1.000
d_12=1.000
d_13=0.667
d_15=1.333
d_16=2.143
d_17=1.000
d_18=1.000
d_19=2.000
d_20=2.000
d_21=1.500
d_22=1.143
d_23=1.714
d_24=6.000
d_25=2.000
d_26=0.714
d_27=1.857
d_28=3.750
d_29=1.000
d_30=4.000
d_x_1=1.000
d_x_2=0.500
d_x_3=1.429
d_x_4=0.333
d_x_5=1.429
d_x_6=0.750
d_x_7=1.250
d_x_8=0.500
d_x_9=0.750
d_x_10=2.000
d_x_11=0.500
d_x_12=0.500
d_x_13=0.333
d_x_15=0.667
d_x_16=1.429
d_x_17=0.667
d_x_18=0.500
d_x_19=0.667
d_x_21=0.500
d_x_22=0.429
d_x_23=1.429
d_x_24=5.333
d_x_25=0.500
d_x_26=0.429
d_x_27=0.571
d_x_28=2.750
d_x_30=1.500
d_y_1=2.000
d_y_2=1.000
d_y_3=2.714
d_y_4=0.667
d_y_5=1.714
d_y_6=2.000
d_y_8=0.500
d_y_9=1.000
d_y_10=2.000
d_y_11=0.500
d_y_12=0.500
d_y_13=0.333
d_y_15=0.667
d_y_16=0.714
d_y_17=0.333
d_y_18=0.500
d_y_19=1.333
d_y_20=2.000
d_y_21=1.000
d_y_22=0.714
d_y_23=0.286
d_y_24=0.667
d_y_25=1.500
d_y_26=0.286
d_y_27=1.286
d_y_28=1.000
d_y_29=1.000
d_y_30=2.500
