Number of initial container : 0
Number of new container : 30
Total number of containers : 30
Level_num : 9
Container_level : [1, 5, 7, 5, 8, 5, 6, 8, 7, 6, 7, 4, 9, 8, 1, 4, 5, 1, 3, 4, 4, 3, 6, 7, 5, 4, 1, 3, 1, 1]
ideal_configuration : 
 [[5. 6. 8. 0. 0. 0. 0. 0. 0. 0.]
 [4. 5. 7. 8. 0. 0. 0. 0. 0. 0.]
 [3. 4. 5. 7. 9. 0. 0. 0. 0. 0.]
 [1. 3. 4. 5. 7. 0. 0. 0. 0. 0.]
 [1. 1. 3. 4. 6. 7. 0. 0. 0. 0.]
 [1. 1. 1. 4. 5. 6. 8. 0. 0. 0.]]
Centroid : {1: (1.6666666666666667, 0.6666666666666666), 5: (3.0, 2.8), 7: (4.5, 2.5), 8: (4.666666666666667, 3.0), 6: (4.333333333333333, 2.0), 4: (2.8, 2.0), 9: (5.0, 3.0), 3: (2.0, 2.0)}
Repeat number : 10
Original weight : [7.33, 16.42, 19.44, 16.67, 22.1, 15.5, 17.96, 21.05, 18.79, 17.16, 19.21, 14.65, 22.56, 20.66, 7.6, 13.25, 14.98, 7.36, 13.0, 14.66, 14.73, 12.09, 18.75, 20.59, 15.17, 13.93, 7.66, 12.78, 8.74, 7.79]
Group : [0, 0, 0, 0, 0, 0, 0, 0, 0, 0, 0, 0, 0, 0, 0, 0, 0, 0, 0, 0, 0, 0, 0, 0, 0, 0, 0, 0, 0, 0]
Sequence : [1, 2, 3, 4, 5, 6, 7, 8, 9, 10, 11, 12, 13, 14, 15, 16, 17, 18, 19, 20, 21, 22, 23, 24, 25, 26, 27, 28, 29, 30]
Scroe : [7.33, 16.42, 19.44, 16.67, 22.1, 15.5, 17.96, 21.05, 18.79, 17.16, 19.21, 14.65, 22.56, 20.66, 7.6, 13.25, 14.98, 7.36, 13.0, 14.66, 14.73, 12.09, 18.75, 20.59, 15.17, 13.93, 7.66, 12.78, 8.74, 7.79]
Time taken to solve the MIP model : 257.4077 seconds
---------------------------------
solution for: IP model
objective: 34.5333
x_1_3_0=1
x_2_5_0=1
x_3_7_0=1
x_4_5_1=1
x_5_7_1=1
x_6_6_0=1
x_7_5_2=1
x_8_5_3=1
x_9_5_4=1
x_10_6_1=1
x_11_6_2=1
x_12_4_0=1
x_13_5_5=1
x_14_6_3=1
x_15_3_1=1
x_16_3_2=1
x_17_3_3=1
x_18_2_0=1
x_19_2_1=1
x_20_4_1=1
x_21_4_2=1
x_22_2_2=1
x_23_4_3=1
x_24_4_4=1
x_25_3_4=1
x_26_2_3=1
x_27_1_0=1
x_28_2_4=1
x_29_1_1=1
x_30_1_2=1
r_1_1=1
r_1_2=1
r_2_1=1
r_2_2=1
r_2_3=1
r_2_4=1
r_5_3=1
r_5_4=1
r_5_5=1
d_1=2.000
d_2=4.800
d_3=5.000
d_4=3.800
d_5=4.333
d_6=5.800
d_7=0.667
d_8=0.333
d_9=2.000
d_10=2.667
d_11=2.000
d_12=3.200
d_13=2.000
d_14=1.333
d_15=1.667
d_16=0.200
d_17=0.200
d_18=1.000
d_19=1.000
d_20=2.200
d_21=1.200
d_23=1.333
d_24=2.000
d_25=1.200
d_26=1.800
d_27=1.333
d_28=2.000
d_29=1.000
d_30=2.000
d_x_1=1.333
d_x_2=2.000
d_x_3=2.500
d_x_4=2.000
d_x_5=2.333
d_x_6=3.000
d_x_7=0.667
d_x_8=0.333
d_x_9=0.500
d_x_10=1.667
d_x_11=1.500
d_x_12=1.200
d_x_14=1.333
d_x_15=1.333
d_x_16=0.200
d_x_18=0.333
d_x_20=1.200
d_x_21=1.200
d_x_23=0.333
d_x_24=0.500
d_x_26=0.800
d_x_27=0.667
d_x_29=0.667
d_x_30=0.667
d_y_1=0.667
d_y_2=2.800
d_y_3=2.500
d_y_4=1.800
d_y_5=2.000
d_y_6=2.800
d_y_9=1.500
d_y_10=1.000
d_y_11=0.500
d_y_12=2.000
d_y_13=2.000
d_y_15=0.333
d_y_17=0.200
d_y_18=0.667
d_y_19=1.000
d_y_20=1.000
d_y_23=1.000
d_y_24=1.500
d_y_25=1.200
d_y_26=1.000
d_y_27=0.667
d_y_28=2.000
d_y_29=0.333
d_y_30=1.333
