Number of initial container : 0
Number of new container : 30
Total number of containers : 30
Level_num : 9
Container_level : [5, 1, 8, 7, 8, 6, 3, 7, 2, 5, 5, 1, 3, 2, 8, 4, 5, 6, 4, 7, 1, 2, 1, 4, 1, 6, 5, 3, 1, 6]
ideal_configuration : 
 [[5. 6. 8. 0. 0. 0. 0. 0. 0. 0.]
 [3. 5. 6. 8. 0. 0. 0. 0. 0. 0.]
 [2. 3. 5. 6. 8. 0. 0. 0. 0. 0.]
 [1. 2. 4. 5. 7. 0. 0. 0. 0. 0.]
 [1. 1. 2. 4. 5. 7. 0. 0. 0. 0.]
 [1. 1. 1. 3. 4. 6. 7. 0. 0. 0.]]
Centroid : {5: (3.0, 3.0), 1: (1.6666666666666667, 0.6666666666666666), 8: (4.0, 4.0), 7: (6.0, 1.0), 6: (3.75, 3.0), 3: (2.3333333333333335, 2.3333333333333335), 2: (2.0, 2.0), 4: (4.0, 1.0)}
Repeat number : 11
Original weight : [15.88, 5.73, 21.59, 20.69, 21.13, 17.43, 10.04, 18.9, 9.17, 14.32, 16.45, 7.34, 11.37, 8.51, 23.2, 12.47, 14.25, 17.63, 12.17, 19.48, 6.12, 8.83, 6.57, 12.49, 5.45, 16.59, 14.32, 10.48, 5.24, 17.09]
Group : [0, 0, 0, 0, 0, 0, 0, 0, 0, 0, 0, 0, 0, 0, 0, 0, 0, 0, 0, 0, 0, 0, 0, 0, 0, 0, 0, 0, 0, 0]
Sequence : [1, 2, 3, 4, 5, 6, 7, 8, 9, 10, 11, 12, 13, 14, 15, 16, 17, 18, 19, 20, 21, 22, 23, 24, 25, 26, 27, 28, 29, 30]
Scroe : [15.88, 5.73, 21.59, 20.69, 21.13, 17.43, 10.04, 18.9, 9.17, 14.32, 16.45, 7.34, 11.37, 8.51, 23.2, 12.47, 14.25, 17.63, 12.17, 19.48, 6.12, 8.83, 6.57, 12.49, 5.45, 16.59, 14.32, 10.48, 5.24, 17.09]
Time taken to solve the MIP model : 374.9727 seconds
---------------------------------
solution for: IP model
objective: 32.6667
x_1_4_0=1
x_2_3_0=1
x_3_4_1=1
x_4_6_0=1
x_5_4_2=1
x_6_4_3=1
x_7_5_0=1
x_8_6_1=1
x_9_3_1=1
x_10_6_2=1
x_11_6_3=1
x_12_2_0=1
x_13_3_2=1
x_14_2_1=1
x_15_4_4=1
x_16_5_1=1
x_17_3_3=1
x_18_4_5=1
x_19_7_0=1
x_20_7_1=1
x_21_1_0=1
x_22_2_2=1
x_23_1_1=1
x_24_5_2=1
x_25_1_2=1
x_26_5_3=1
x_27_3_4=1
x_28_2_3=1
x_29_1_3=1
x_30_3_5=-0
x_30_5_4=1
r_1_0=1
r_1_1=1
r_1_2=1
r_1_3=1
r_4_1=1
r_4_2=1
r_4_3=1
r_4_4=1
r_4_5=1
r_6_0=1
r_6_1=1
r_6_2=1
r_6_3=1
d_1=4.000
d_2=2.000
d_3=3.000
d_4=1.000
d_5=2.000
d_6=0.250
d_7=5.000
d_9=2.000
d_10=4.000
d_11=3.000
d_12=1.000
d_13=1.000
d_14=1.000
d_16=1.000
d_18=2.250
d_19=4.000
d_20=1.000
d_21=1.333
d_23=1.000
d_24=2.000
d_25=2.000
d_26=1.250
d_27=1.000
d_28=1.000
d_29=3.000
d_30=2.250
d_x_1=1.000
d_x_2=1.333
d_x_6=0.250
d_x_7=2.667
d_x_9=1.000
d_x_10=3.000
d_x_11=3.000
d_x_12=0.333
d_x_13=0.667
d_x_16=1.000
d_x_18=0.250
d_x_19=3.000
d_x_20=1.000
d_x_21=0.667
d_x_23=0.667
d_x_24=1.000
d_x_25=0.667
d_x_26=1.250
d_x_28=0.333
d_x_29=0.667
d_x_30=1.250
d_y_1=3.000
d_y_2=0.667
d_y_3=3.000
d_y_4=1.000
d_y_5=2.000
d_y_7=2.333
d_y_9=1.000
d_y_10=1.000
d_y_12=0.667
d_y_13=0.333
d_y_14=1.000
d_y_18=2.000
d_y_19=1.000
d_y_21=0.667
d_y_23=0.333
d_y_24=1.000
d_y_25=1.333
d_y_27=1.000
d_y_28=0.667
d_y_29=2.333
d_y_30=1.000
