Number of initial container : 0
Number of new container : 30
Total number of containers : 30
Level_num : 9
Container_level : [3, 7, 3, 3, 2, 1, 7, 1, 1, 5, 1, 2, 4, 3, 7, 8, 3, 3, 3, 4, 2, 4, 8, 6, 1, 8, 5, 9, 6, 7]
ideal_configuration : 
 [[4. 6. 8. 0. 0. 0. 0. 0. 0. 0.]
 [3. 4. 7. 8. 0. 0. 0. 0. 0. 0.]
 [2. 3. 4. 7. 9. 0. 0. 0. 0. 0.]
 [1. 2. 3. 5. 7. 0. 0. 0. 0. 0.]
 [1. 1. 3. 3. 5. 7. 0. 0. 0. 0.]
 [1. 1. 2. 3. 3. 6. 8. 0. 0. 0.]]
Centroid : {3: (3.142857142857143, 1.5714285714285714), 7: (4.5, 2.5), 2: (2.0, 1.6666666666666667), 1: (1.4, 0.8), 5: (4.5, 1.5), 4: (2.0, 4.0), 8: (4.666666666666667, 3.0), 6: (4.0, 2.5), 9: (5.0, 3.0)}
Repeat number : 12
Original weight : [10.86, 18.74, 11.08, 11.81, 9.31, 5.85, 18.86, 7.23, 7.12, 15.62, 6.54, 8.18, 13.66, 11.74, 19.91, 22.51, 10.28, 9.85, 10.08, 13.1, 7.83, 13.86, 22.41, 17.55, 5.25, 21.68, 14.47, 22.97, 16.89, 19.87]
Group : [0, 0, 0, 0, 0, 0, 0, 0, 0, 0, 0, 0, 0, 0, 0, 0, 0, 0, 0, 0, 0, 0, 0, 0, 0, 0, 0, 0, 0, 0]
Sequence : [1, 2, 3, 4, 5, 6, 7, 8, 9, 10, 11, 12, 13, 14, 15, 16, 17, 18, 19, 20, 21, 22, 23, 24, 25, 26, 27, 28, 29, 30]
Scroe : [10.86, 18.74, 11.08, 11.81, 9.31, 5.85, 18.86, 7.23, 7.12, 15.62, 6.54, 8.18, 13.66, 11.74, 19.91, 22.51, 10.28, 9.85, 10.08, 13.1, 7.83, 13.86, 22.41, 17.55, 5.25, 21.68, 14.47, 22.97, 16.89, 19.87]
Time taken to solve the MIP model : 15.7232 seconds
---------------------------------
solution for: IP model
objective: 27.7762
x_1_4_0=1
x_2_5_0=1
x_3_4_1=1
x_4_6_0=1
x_5_3_0=1
x_6_2_0=1
x_7_5_1=1
x_8_1_0=1
x_9_1_1=1
x_10_6_1=1
x_11_2_1=1
x_12_2_2=1
x_13_2_3=1
x_14_4_2=1
x_15_5_2=1
x_16_5_3=1
x_17_7_0=1
x_18_3_1=1
x_19_3_2=1
x_20_3_3=1
x_21_1_2=1
x_22_2_4=1
x_23_3_4=1
x_24_6_2=1
x_25_1_3=1
x_26_6_3=1
x_27_7_1=1
x_28_5_4=1
x_29_4_3=1
x_30_4_4=1
r_1_0=1
r_1_1=1
r_1_2=1
r_1_3=1
d_1=2.429
d_2=3.000
d_3=1.429
d_4=4.429
d_5=2.667
d_6=1.400
d_7=2.000
d_8=1.200
d_9=0.600
d_10=2.000
d_11=0.800
d_12=0.333
d_13=1.000
d_14=1.286
d_15=1.000
d_16=0.333
d_17=5.429
d_18=0.714
d_19=0.571
d_20=2.000
d_21=1.333
d_23=2.667
d_24=2.500
d_25=2.600
d_26=1.333
d_27=3.000
d_28=1.000
d_29=0.500
d_30=2.000
d_x_1=0.857
d_x_2=0.500
d_x_3=0.857
d_x_4=2.857
d_x_5=1.000
d_x_6=0.600
d_x_7=0.500
d_x_8=0.400
d_x_9=0.400
d_x_10=1.500
d_x_11=0.600
d_x_14=0.857
d_x_15=0.500
d_x_16=0.333
d_x_17=3.857
d_x_18=0.143
d_x_19=0.143
d_x_20=1.000
d_x_21=1.000
d_x_23=1.667
d_x_24=2.000
d_x_25=0.400
d_x_26=1.333
d_x_27=2.500
d_x_30=0.500
d_y_1=1.571
d_y_2=2.500
d_y_3=0.571
d_y_4=1.571
d_y_5=1.667
d_y_6=0.800
d_y_7=1.500
d_y_8=0.800
d_y_9=0.200
d_y_10=0.500
d_y_11=0.200
d_y_12=0.333
d_y_13=1.000
d_y_14=0.429
d_y_15=0.500
d_y_17=1.571
d_y_18=0.571
d_y_19=0.429
d_y_20=1.000
d_y_21=0.333
d_y_23=1.000
d_y_24=0.500
d_y_25=2.200
d_y_27=0.500
d_y_28=1.000
d_y_29=0.500
d_y_30=1.500
