Number of initial container : 0
Number of new container : 30
Total number of containers : 30
Level_num : 9
Container_level : [8, 4, 6, 2, 5, 8, 1, 5, 4, 7, 5, 3, 1, 5, 2, 3, 8, 8, 8, 9, 4, 2, 8, 4, 1, 8, 8, 3, 3, 3]
ideal_configuration : 
 [[5. 8. 8. 0. 0. 0. 0. 0. 0. 0.]
 [3. 5. 8. 8. 0. 0. 0. 0. 0. 0.]
 [3. 4. 5. 8. 9. 0. 0. 0. 0. 0.]
 [2. 3. 4. 5. 8. 0. 0. 0. 0. 0.]
 [1. 2. 3. 4. 6. 8. 0. 0. 0. 0.]
 [1. 1. 2. 3. 4. 7. 8. 0. 0. 0.]]
Centroid : {8: (4.25, 3.0), 4: (3.5, 1.5), 6: (5.0, 1.0), 2: (2.0, 1.0), 5: (2.5, 3.5), 1: (1.3333333333333333, 0.3333333333333333), 7: (6.0, 0.0), 3: (2.2, 2.0), 9: (5.0, 3.0)}
Repeat number : 20
Original weight : [23.71, 14.21, 18.45, 10.48, 16.6, 22.42, 6.87, 16.14, 14.08, 21.44, 15.51, 11.18, 6.89, 16.02, 9.54, 11.33, 23.56, 22.94, 23.47, 23.93, 14.46, 10.58, 22.51, 14.99, 6.17, 23.26, 22.23, 11.47, 11.16, 10.74]
Group : [0, 0, 0, 0, 0, 0, 0, 0, 0, 0, 0, 0, 0, 0, 0, 0, 0, 0, 0, 0, 0, 0, 0, 0, 0, 0, 0, 0, 0, 0]
Sequence : [1, 2, 3, 4, 5, 6, 7, 8, 9, 10, 11, 12, 13, 14, 15, 16, 17, 18, 19, 20, 21, 22, 23, 24, 25, 26, 27, 28, 29, 30]
Scroe : [23.71, 14.21, 18.45, 10.48, 16.6, 22.42, 6.87, 16.14, 14.08, 21.44, 15.51, 11.18, 6.89, 16.02, 9.54, 11.33, 23.56, 22.94, 23.47, 23.93, 14.46, 10.58, 22.51, 14.99, 6.17, 23.26, 22.23, 11.47, 11.16, 10.74]
Time taken to solve the MIP model : 32.8535 seconds
---------------------------------
solution for: IP model
objective: 31.1833
x_1_3_0=1
x_2_5_0=1
x_3_5_1=1
x_4_3_1=1
x_5_3_2=1
x_6_5_2=1
x_7_4_0=1
x_8_3_3=1
x_9_6_0=1
x_10_7_0=1
x_11_3_4=1
x_12_4_1=1
x_13_2_0=1
x_14_3_5=1
x_15_2_1=1
x_16_4_2=1
x_17_7_1=1
x_18_5_3=1
x_19_5_4=1
x_20_5_5=1
x_21_6_1=1
x_22_2_2=1
x_23_4_3=1
x_24_6_2=1
x_25_1_0=1
x_26_4_4=1
x_27_6_3=1
x_28_1_1=1
x_29_1_2=1
x_30_2_3=1
r_1_1=1
r_1_2=1
r_3_0=1
r_3_1=1
r_3_2=1
r_3_3=1
r_3_4=1
r_3_5=1
d_1=4.250
d_2=3.000
d_4=1.000
d_5=2.000
d_6=1.750
d_7=3.000
d_8=1.000
d_9=4.000
d_10=1.000
d_11=1.000
d_12=2.800
d_13=1.000
d_14=2.000
d_16=1.800
d_17=4.750
d_18=0.750
d_19=1.750
d_20=2.000
d_21=3.000
d_22=1.000
d_23=0.250
d_24=3.000
d_25=0.667
d_26=1.250
d_27=1.750
d_28=2.200
d_29=1.200
d_30=1.200
d_x_1=1.250
d_x_2=1.500
d_x_4=1.000
d_x_5=0.500
d_x_6=0.750
d_x_7=2.667
d_x_8=0.500
d_x_9=2.500
d_x_10=1.000
d_x_11=0.500
d_x_12=1.800
d_x_13=0.667
d_x_14=0.500
d_x_16=1.800
d_x_17=2.750
d_x_18=0.750
d_x_19=0.750
d_x_21=2.500
d_x_23=0.250
d_x_24=2.500
d_x_25=0.333
d_x_26=0.250
d_x_27=1.750
d_x_28=1.200
d_x_29=1.200
d_x_30=0.200
d_y_1=3.000
d_y_2=1.500
d_y_5=1.500
d_y_6=1.000
d_y_7=0.333
d_y_8=0.500
d_y_9=1.500
d_y_11=0.500
d_y_12=1.000
d_y_13=0.333
d_y_14=1.500
d_y_17=2.000
d_y_19=1.000
d_y_20=2.000
d_y_21=0.500
d_y_22=1.000
d_y_24=0.500
d_y_25=0.333
d_y_26=1.000
d_y_28=1.000
d_y_30=1.000
