Number of initial container : 0
Number of new container : 30
Total number of containers : 30
Level_num : 9
Container_level : [2, 3, 7, 8, 7, 5, 9, 5, 6, 8, 4, 3, 5, 8, 5, 6, 1, 1, 6, 6, 3, 4, 7, 2, 8, 2, 6, 4, 8, 2]
ideal_configuration : 
 [[5. 7. 8. 0. 0. 0. 0. 0. 0. 0.]
 [4. 6. 7. 8. 0. 0. 0. 0. 0. 0.]
 [3. 4. 6. 7. 9. 0. 0. 0. 0. 0.]
 [2. 3. 5. 6. 8. 0. 0. 0. 0. 0.]
 [1. 2. 3. 5. 6. 8. 0. 0. 0. 0.]
 [1. 2. 2. 4. 5. 6. 8. 0. 0. 0.]]
Centroid : {2: (2.0, 0.75), 3: (2.0, 2.0), 7: (3.0, 4.0), 8: (5.0, 2.4), 5: (3.25, 2.0), 9: (5.0, 3.0), 6: (4.0, 2.0), 4: (2.3333333333333335, 2.3333333333333335), 1: (1.0, 0.5)}
Repeat number : 27
Original weight : [9.05, 10.88, 20.7, 21.49, 18.89, 14.71, 23.08, 16.67, 18.45, 21.34, 14.21, 10.55, 15.27, 21.04, 15.84, 18.18, 6.02, 6.67, 18.39, 17.66, 11.76, 13.14, 19.59, 8.4, 21.33, 8.71, 17.64, 13.82, 21.6, 9.58]
Group : [0, 0, 0, 0, 0, 0, 0, 0, 0, 0, 0, 0, 0, 0, 0, 0, 0, 0, 0, 0, 0, 0, 0, 0, 0, 0, 0, 0, 0, 0]
Sequence : [1, 2, 3, 4, 5, 6, 7, 8, 9, 10, 11, 12, 13, 14, 15, 16, 17, 18, 19, 20, 21, 22, 23, 24, 25, 26, 27, 28, 29, 30]
Scroe : [9.05, 10.88, 20.7, 21.49, 18.89, 14.71, 23.08, 16.67, 18.45, 21.34, 14.21, 10.55, 15.27, 21.04, 15.84, 18.18, 6.02, 6.67, 18.39, 17.66, 11.76, 13.14, 19.59, 8.4, 21.33, 8.71, 17.64, 13.82, 21.6, 9.58]
Time taken to solve the MIP model : 53.3054 seconds
---------------------------------
solution for: IP model
objective: 31.7
x_1_2_0=1
x_2_1_1=-0
x_2_6_0=1
x_2_6_1=0
x_3_6_1=1
x_4_6_1=-0
x_4_6_2=1
x_5_1_2=-0
x_5_6_2=-0
x_5_7_0=1
x_6_4_0=1
x_7_6_3=1
x_8_4_1=0
x_8_5_0=1
x_9_4_1=0
x_9_5_0=-0
x_9_5_1=1
x_9_7_0=0
x_10_5_0=0
x_10_5_1=-0
x_10_7_0=-0
x_10_7_1=1
x_11_1_3=-0
x_11_3_0=1
x_11_5_1=0
x_12_2_1=1
x_13_3_1=1
x_14_5_1=0
x_14_5_2=1
x_14_7_1=-0
x_15_2_3=0
x_15_4_1=1
x_15_4_2=0
x_16_4_1=0
x_16_4_2=1
x_17_1_0=1
x_17_1_3=-0
x_17_1_4=0
x_18_1_0=0
x_18_1_1=1
x_19_4_1=-0
x_19_4_3=1
x_19_4_4=0
x_20_3_2=1
x_20_3_3=-0
x_20_4_1=0
x_20_5_2=-0
x_20_6_1=0
x_21_2_2=1
x_22_2_3=1
x_22_3_3=0
x_23_3_4=0
x_23_4_4=1
x_24_1_1=0
x_24_1_2=1
x_24_3_3=-0
x_24_5_0=-0
x_24_7_0=0
x_25_5_1=0
x_25_5_2=0
x_25_5_3=1
x_25_6_1=-0
x_25_7_1=0
x_26_1_2=-0
x_26_1_3=1
x_26_2_3=0
x_26_3_3=-0
x_26_5_1=-0
x_27_3_2=0
x_27_3_3=1
x_27_4_4=0
x_27_4_5=0
x_27_5_3=-0
x_28_2_3=0
x_28_2_4=1
x_28_3_4=-0
x_29_4_2=0
x_29_4_3=-0
x_29_5_3=0
x_29_5_4=1
x_30_1_1=-0
x_30_1_2=0
x_30_1_3=-0
x_30_1_4=1
x_30_2_3=-0
x_30_2_5=0
r_1_0=-0
r_1_2=-0
r_4_3=0
r_6_0=0
r_6_1=-0
r_6_2=-0
r_6_3=-0
d_1=0.750
d_2=6.000
d_3=6.000
d_4=1.400
d_5=8.000
d_6=2.750
d_7=1.000
d_8=3.750
d_9=2.000
d_10=3.400
d_11=3.000
d_12=1.000
d_13=1.250
d_14=0.400
d_15=1.750
d_16=0.000
d_17=0.500
d_18=0.500
d_19=1.000
d_20=1.000
d_22=1.000
d_23=1.000
d_24=2.250
d_25=0.600
d_26=3.250
d_27=2.000
d_28=2.000
d_29=1.600
d_30=4.250
d_x_2=4.000
d_x_3=3.000
d_x_4=1.000
d_x_5=4.000
d_x_6=0.750
d_x_7=1.000
d_x_8=1.750
d_x_9=1.000
d_x_10=2.000
d_x_11=0.667
d_x_13=0.250
d_x_14=-0.000
d_x_15=0.750
d_x_20=1.000
d_x_22=0.333
d_x_23=1.000
d_x_24=1.000
d_x_25=0.000
d_x_26=1.000
d_x_27=1.000
d_x_28=0.333
d_x_30=1.000
d_y_1=0.750
d_y_2=2.000
d_y_3=3.000
d_y_4=0.400
d_y_5=4.000
d_y_6=2.000
d_y_8=2.000
d_y_9=1.000
d_y_10=1.400
d_y_11=2.333
d_y_12=1.000
d_y_13=1.000
d_y_14=0.400
d_y_15=1.000
d_y_16=0.000
d_y_17=0.500
d_y_18=0.500
d_y_19=1.000
d_y_20=0.000
d_y_22=0.667
d_y_24=1.250
d_y_25=0.600
d_y_26=2.250
d_y_27=1.000
d_y_28=1.667
d_y_29=1.600
d_y_30=3.250
