Number of initial container : 0
Number of new container : 30
Total number of containers : 30
Level_num : 9
Container_level : [8, 5, 2, 8, 3, 3, 2, 1, 2, 3, 9, 2, 8, 1, 4, 6, 4, 1, 8, 8, 2, 8, 5, 6, 2, 8, 3, 5, 8, 4]
ideal_configuration : 
 [[4. 8. 8. 0. 0. 0. 0. 0. 0. 0.]
 [3. 5. 8. 8. 0. 0. 0. 0. 0. 0.]
 [2. 3. 5. 8. 9. 0. 0. 0. 0. 0.]
 [2. 2. 3. 5. 8. 0. 0. 0. 0. 0.]
 [1. 2. 2. 4. 6. 8. 0. 0. 0. 0.]
 [1. 1. 2. 3. 4. 6. 8. 0. 0. 0.]]
Centroid : {8: (4.25, 3.0), 5: (3.0, 3.0), 2: (2.0, 1.5), 3: (2.5, 2.25), 1: (1.3333333333333333, 0.3333333333333333), 9: (5.0, 3.0), 4: (3.3333333333333335, 2.0), 6: (5.5, 0.5)}
Repeat number : 28
Original weight : [21.63, 14.56, 8.89, 21.22, 10.48, 11.17, 9.03, 7.01, 8.99, 11.26, 22.03, 9.5, 20.55, 5.6, 12.43, 16.55, 12.44, 5.43, 21.69, 20.64, 7.66, 21.74, 14.81, 17.25, 7.51, 20.1, 10.76, 13.87, 20.13, 13.56]
Group : [0, 0, 0, 0, 0, 0, 0, 0, 0, 0, 0, 0, 0, 0, 0, 0, 0, 0, 0, 0, 0, 0, 0, 0, 0, 0, 0, 0, 0, 0]
Sequence : [1, 2, 3, 4, 5, 6, 7, 8, 9, 10, 11, 12, 13, 14, 15, 16, 17, 18, 19, 20, 21, 22, 23, 24, 25, 26, 27, 28, 29, 30]
Scroe : [21.63, 14.56, 8.89, 21.22, 10.48, 11.17, 9.03, 7.01, 8.99, 11.26, 22.03, 9.5, 20.55, 5.6, 12.43, 16.55, 12.44, 5.43, 21.69, 20.64, 7.66, 21.74, 14.81, 17.25, 7.51, 20.1, 10.76, 13.87, 20.13, 13.56]
Time taken to solve the MIP model : 33.6956 seconds
---------------------------------
solution for: IP model
objective: 31.1667
x_1_5_0=1
x_2_5_1=1
x_3_3_0=1
x_4_5_2=1
x_5_3_1=1
x_6_3_2=1
x_7_4_0=1
x_8_2_0=1
x_9_2_1=1
x_10_3_3=1
x_11_5_3=1
x_12_2_2=1
x_13_5_4=1
x_14_6_0=1
x_15_4_1=1
x_16_7_0=1
x_17_4_2=1
x_18_1_0=1
x_19_5_5=1
x_20_4_3=1
x_21_6_1=1
x_22_4_4=1
x_23_3_4=1
x_24_7_1=1
x_25_1_1=1
x_26_6_2=1
x_27_2_3=1
x_28_2_4=1
x_29_6_3=1
x_30_1_2=1
r_5_0=1
r_5_1=1
r_5_2=1
r_5_3=1
r_5_4=1
r_5_5=1
d_1=3.750
d_2=4.000
d_3=2.500
d_4=1.750
d_5=1.750
d_6=0.750
d_7=3.500
d_8=1.000
d_9=0.500
d_10=1.250
d_12=0.500
d_13=1.750
d_14=5.000
d_15=1.667
d_16=2.000
d_17=0.667
d_18=0.667
d_19=2.750
d_20=0.250
d_21=4.500
d_22=1.250
d_23=1.000
d_24=2.000
d_25=1.500
d_26=2.750
d_27=1.250
d_28=2.000
d_29=1.750
d_30=2.333
d_x_1=0.750
d_x_2=2.000
d_x_3=1.000
d_x_4=0.750
d_x_5=0.500
d_x_6=0.500
d_x_7=2.000
d_x_8=0.667
d_x_10=0.500
d_x_13=0.750
d_x_14=4.667
d_x_15=0.667
d_x_16=1.500
d_x_17=0.667
d_x_18=0.333
d_x_19=0.750
d_x_20=0.250
d_x_21=4.000
d_x_22=0.250
d_x_24=1.500
d_x_25=1.000
d_x_26=1.750
d_x_27=0.500
d_x_28=1.000
d_x_29=1.750
d_x_30=2.333
d_y_1=3.000
d_y_2=2.000
d_y_3=1.500
d_y_4=1.000
d_y_5=1.250
d_y_6=0.250
d_y_7=1.500
d_y_8=0.333
d_y_9=0.500
d_y_10=0.750
d_y_12=0.500
d_y_13=1.000
d_y_14=0.333
d_y_15=1.000
d_y_16=0.500
d_y_18=0.333
d_y_19=2.000
d_y_21=0.500
d_y_22=1.000
d_y_23=1.000
d_y_24=0.500
d_y_25=0.500
d_y_26=1.000
d_y_27=0.750
d_y_28=1.000
