Number of initial container : 0
Number of new container : 30
Total number of containers : 30
Level_num : 9
Container_level : [3, 7, 3, 4, 3, 4, 8, 1, 1, 4, 9, 8, 1, 6, 3, 8, 3, 8, 1, 6, 8, 6, 4, 2, 7, 7, 5, 5, 1, 1]
ideal_configuration : 
 [[4. 7. 8. 0. 0. 0. 0. 0. 0. 0.]
 [3. 5. 7. 8. 0. 0. 0. 0. 0. 0.]
 [2. 3. 5. 7. 9. 0. 0. 0. 0. 0.]
 [1. 3. 4. 6. 8. 0. 0. 0. 0. 0.]
 [1. 1. 3. 4. 6. 8. 0. 0. 0. 0.]
 [1. 1. 1. 3. 4. 6. 8. 0. 0. 0.]]
Centroid : {3: (2.4, 2.0), 7: (3.0, 4.0), 4: (3.25, 2.0), 8: (5.0, 2.4), 1: (1.6666666666666667, 0.6666666666666666), 9: (5.0, 3.0), 6: (5.0, 1.0), 2: (1.0, 3.0), 5: (2.5, 3.5)}
Repeat number : 21
Original weight : [11.13, 17.68, 11.35, 12.08, 10.81, 12.37, 20.83, 5.18, 5.75, 13.28, 21.64, 21.43, 6.88, 16.21, 10.52, 20.82, 10.95, 20.69, 6.81, 17.22, 20.01, 16.36, 11.89, 8.31, 18.19, 18.03, 13.77, 13.5, 6.84, 5.84]
Group : [0, 0, 0, 0, 0, 0, 0, 0, 0, 0, 0, 0, 0, 0, 0, 0, 0, 0, 0, 0, 0, 0, 0, 0, 0, 0, 0, 0, 0, 0]
Sequence : [1, 2, 3, 4, 5, 6, 7, 8, 9, 10, 11, 12, 13, 14, 15, 16, 17, 18, 19, 20, 21, 22, 23, 24, 25, 26, 27, 28, 29, 30]
Scroe : [11.13, 17.68, 11.35, 12.08, 10.81, 12.37, 20.83, 5.18, 5.75, 13.28, 21.64, 21.43, 6.88, 16.21, 10.52, 20.82, 10.95, 20.69, 6.81, 17.22, 20.01, 16.36, 11.89, 8.31, 18.19, 18.03, 13.77, 13.5, 6.84, 5.84]
Time taken to solve the MIP model : 29.4005 seconds
---------------------------------
solution for: IP model
objective: 30.9833
x_1_2_0=1
x_2_5_0=1
x_3_2_1=1
x_4_4_0=1
x_5_2_2=1
x_6_4_1=1
x_7_5_1=1
x_8_1_0=1
x_9_1_1=1
x_10_4_2=1
x_11_4_3=1
x_12_5_2=1
x_13_3_0=1
x_14_6_0=1
x_15_3_1=1
x_16_5_3=1
x_17_3_2=1
x_18_5_4=1
x_19_1_2=1
x_20_6_1=1
x_21_6_2=1
x_22_7_0=1
x_23_3_3=1
x_24_1_3=1
x_25_4_4=1
x_26_3_4=1
x_27_3_5=1
x_28_1_4=1
x_29_2_3=1
x_30_2_4=1
r_2_0=1
r_2_1=1
r_2_2=1
r_2_3=1
r_2_4=1
r_3_4=1
r_3_5=1
r_4_3=1
r_4_4=1
r_5_1=1
r_5_2=1
r_5_3=1
r_5_4=1
d_1=2.400
d_2=6.000
d_3=1.400
d_4=2.750
d_5=0.400
d_6=1.750
d_7=1.400
d_8=1.333
d_9=1.000
d_10=0.750
d_11=1.000
d_12=0.400
d_13=2.000
d_14=2.000
d_15=1.600
d_16=0.600
d_17=0.600
d_18=1.600
d_19=2.000
d_20=1.000
d_21=1.400
d_22=3.000
d_23=1.250
d_25=1.000
d_27=2.000
d_28=2.000
d_29=2.667
d_30=3.667
d_x_1=0.400
d_x_2=2.000
d_x_3=0.400
d_x_4=0.750
d_x_5=0.400
d_x_6=0.750
d_x_8=0.667
d_x_9=0.667
d_x_10=0.750
d_x_11=1.000
d_x_13=1.333
d_x_14=1.000
d_x_15=0.600
d_x_17=0.600
d_x_19=0.667
d_x_20=1.000
d_x_21=1.000
d_x_22=2.000
d_x_23=0.250
d_x_25=1.000
d_x_27=0.500
d_x_28=1.500
d_x_29=0.333
d_x_30=0.333
d_y_1=2.000
d_y_2=4.000
d_y_3=1.000
d_y_4=2.000
d_y_6=1.000
d_y_7=1.400
d_y_8=0.667
d_y_9=0.333
d_y_12=0.400
d_y_13=0.667
d_y_14=1.000
d_y_15=1.000
d_y_16=0.600
d_y_18=1.600
d_y_19=1.333
d_y_21=0.400
d_y_22=1.000
d_y_23=1.000
d_y_27=1.500
d_y_28=0.500
d_y_29=2.333
d_y_30=3.333
