Number of initial container : 0
Number of new container : 30
Total number of containers : 30
Level_num : 9
Container_level : [2, 8, 6, 1, 7, 5, 2, 7, 2, 1, 7, 6, 4, 6, 9, 3, 3, 3, 5, 1, 2, 2, 2, 5, 7, 6, 3, 5, 4, 8]
ideal_configuration : 
 [[5. 6. 8. 0. 0. 0. 0. 0. 0. 0.]
 [3. 5. 6. 8. 0. 0. 0. 0. 0. 0.]
 [2. 3. 5. 7. 9. 0. 0. 0. 0. 0.]
 [2. 2. 3. 5. 7. 0. 0. 0. 0. 0.]
 [1. 2. 2. 4. 6. 7. 0. 0. 0. 0.]
 [1. 1. 2. 3. 4. 6. 7. 0. 0. 0.]]
Centroid : {2: (2.0, 1.5), 8: (3.5, 4.5), 6: (4.0, 2.5), 1: (1.3333333333333333, 0.3333333333333333), 7: (5.5, 1.5), 5: (2.5, 3.5), 4: (4.5, 0.5), 9: (5.0, 3.0), 3: (2.5, 2.25)}
Repeat number : 18
Original weight : [9.63, 22.95, 17.86, 6.72, 19.64, 15.91, 8.53, 18.78, 8.31, 6.28, 18.85, 18.67, 12.91, 17.52, 23.16, 11.09, 11.68, 11.25, 15.12, 5.57, 9.44, 9.68, 9.95, 15.28, 19.52, 18.62, 11.37, 16.49, 12.51, 22.78]
Group : [0, 0, 0, 0, 0, 0, 0, 0, 0, 0, 0, 0, 0, 0, 0, 0, 0, 0, 0, 0, 0, 0, 0, 0, 0, 0, 0, 0, 0, 0]
Sequence : [1, 2, 3, 4, 5, 6, 7, 8, 9, 10, 11, 12, 13, 14, 15, 16, 17, 18, 19, 20, 21, 22, 23, 24, 25, 26, 27, 28, 29, 30]
Scroe : [9.63, 22.95, 17.86, 6.72, 19.64, 15.91, 8.53, 18.78, 8.31, 6.28, 18.85, 18.67, 12.91, 17.52, 23.16, 11.09, 11.68, 11.25, 15.12, 5.57, 9.44, 9.68, 9.95, 15.28, 19.52, 18.62, 11.37, 16.49, 12.51, 22.78]
Time taken to solve the MIP model : 12.1569 seconds
---------------------------------
solution for: IP model
objective: 27.5833
x_1_4_0=1
x_2_4_1=1
x_3_4_2=1
x_4_2_0=1
x_5_8_0=1
x_6_4_3=1
x_7_2_1=1
x_8_6_0=1
x_9_3_0=1
x_10_5_0=1
x_11_6_1=1
x_12_4_4=1
x_13_5_1=1
x_14_5_2=1
x_15_5_3=1
x_16_3_1=1
x_17_2_2=1
x_18_3_2=1
x_19_2_3=1
x_20_1_0=1
x_21_1_1=1
x_22_1_2=1
x_23_1_3=1
x_24_2_4=1
x_25_6_2=1
x_26_4_5=1
x_27_3_3=1
x_28_3_4=1
x_29_7_0=1
x_30_3_5=1
r_4_1=1
r_4_2=1
r_4_3=1
r_4_4=1
r_4_5=1
d_1=3.500
d_2=4.000
d_3=0.500
d_4=1.000
d_5=4.000
d_6=2.000
d_7=0.500
d_8=2.000
d_9=2.500
d_10=4.000
d_11=1.000
d_12=1.500
d_13=1.000
d_14=1.500
d_16=1.750
d_17=0.750
d_18=0.750
d_19=1.000
d_20=0.667
d_21=1.500
d_22=1.500
d_23=2.500
d_24=1.000
d_25=1.000
d_26=2.500
d_27=1.250
d_28=1.000
d_29=3.000
d_30=1.000
d_x_1=2.000
d_x_2=0.500
d_x_4=0.667
d_x_5=2.500
d_x_6=1.500
d_x_8=0.500
d_x_9=1.000
d_x_10=3.667
d_x_11=0.500
d_x_13=0.500
d_x_14=1.000
d_x_16=0.500
d_x_17=0.500
d_x_18=0.500
d_x_19=0.500
d_x_20=0.333
d_x_21=1.000
d_x_22=1.000
d_x_23=1.000
d_x_24=0.500
d_x_25=0.500
d_x_27=0.500
d_x_28=0.500
d_x_29=2.500
d_x_30=0.500
d_y_1=1.500
d_y_2=3.500
d_y_3=0.500
d_y_4=0.333
d_y_5=1.500
d_y_6=0.500
d_y_7=0.500
d_y_8=1.500
d_y_9=1.500
d_y_10=0.333
d_y_11=0.500
d_y_12=1.500
d_y_13=0.500
d_y_14=0.500
d_y_16=1.250
d_y_17=0.250
d_y_18=0.250
d_y_19=0.500
d_y_20=0.333
d_y_21=0.500
d_y_22=0.500
d_y_23=1.500
d_y_24=0.500
d_y_25=0.500
d_y_26=2.500
d_y_27=0.750
d_y_28=0.500
d_y_29=0.500
d_y_30=0.500
