Number of initial container : 0
Number of new container : 30
Total number of containers : 30
Level_num : 9
Container_level : [4, 1, 4, 3, 4, 1, 6, 3, 3, 3, 8, 6, 1, 1, 7, 8, 1, 7, 4, 6, 7, 9, 8, 2, 5, 7, 2, 2, 1, 6]
ideal_configuration : 
 [[4. 6. 8. 0. 0. 0. 0. 0. 0. 0.]
 [3. 4. 7. 8. 0. 0. 0. 0. 0. 0.]
 [2. 3. 5. 7. 9. 0. 0. 0. 0. 0.]
 [1. 2. 3. 6. 7. 0. 0. 0. 0. 0.]
 [1. 1. 2. 4. 6. 7. 0. 0. 0. 0.]
 [1. 1. 1. 3. 4. 6. 8. 0. 0. 0.]]
Centroid : {4: (3.0, 2.5), 1: (1.6666666666666667, 0.6666666666666666), 3: (2.5, 2.25), 6: (4.25, 2.0), 8: (4.666666666666667, 3.0), 7: (4.5, 2.5), 9: (5.0, 3.0), 2: (2.0, 2.0), 5: (3.0, 3.0)}
Repeat number : 24
Original weight : [12.69, 5.96, 12.97, 10.51, 14.27, 7.52, 16.69, 10.51, 10.16, 11.75, 22.57, 16.58, 7.11, 6.75, 19.08, 21.0, 6.61, 20.51, 13.2, 18.01, 18.63, 22.88, 22.58, 10.12, 15.53, 20.05, 9.25, 8.57, 5.88, 17.28]
Group : [0, 0, 0, 0, 0, 0, 0, 0, 0, 0, 0, 0, 0, 0, 0, 0, 0, 0, 0, 0, 0, 0, 0, 0, 0, 0, 0, 0, 0, 0]
Sequence : [1, 2, 3, 4, 5, 6, 7, 8, 9, 10, 11, 12, 13, 14, 15, 16, 17, 18, 19, 20, 21, 22, 23, 24, 25, 26, 27, 28, 29, 30]
Scroe : [12.69, 5.96, 12.97, 10.51, 14.27, 7.52, 16.69, 10.51, 10.16, 11.75, 22.57, 16.58, 7.11, 6.75, 19.08, 21.0, 6.61, 20.51, 13.2, 18.01, 18.63, 22.88, 22.58, 10.12, 15.53, 20.05, 9.25, 8.57, 5.88, 17.28]
Time taken to solve the MIP model : 50.8171 seconds
---------------------------------
solution for: IP model
objective: 31.5833
x_1_4_0=1
x_2_1_0=1
x_3_5_0=1
x_4_3_0=1
x_5_4_1=1
x_6_1_1=1
x_7_4_2=1
x_8_3_1=1
x_9_1_2=1
x_10_3_2=1
x_11_1_3=1
x_12_5_1=1
x_13_2_0=1
x_14_2_1=1
x_15_5_2=1
x_16_5_3=1
x_17_6_0=1
x_18_4_3=1
x_19_3_3=1
x_20_6_1=1
x_21_6_2=1
x_22_5_4=1
x_23_4_4=1
x_24_2_2=1
x_25_3_4=1
x_26_6_3=1
x_27_2_3=1
x_28_2_4=1
x_29_7_0=1
x_30_7_1=1
r_2_0=1
r_2_1=1
r_2_2=1
r_2_3=1
r_2_4=1
d_1=3.500
d_2=1.333
d_3=4.500
d_4=2.750
d_5=2.500
d_6=1.000
d_7=0.250
d_8=1.750
d_9=1.750
d_10=0.750
d_11=3.667
d_12=1.750
d_13=1.000
d_14=0.667
d_15=1.000
d_16=0.333
d_17=5.000
d_18=1.000
d_19=0.500
d_20=2.750
d_21=2.000
d_22=1.000
d_23=1.667
d_25=1.000
d_26=2.000
d_27=1.000
d_28=2.000
d_29=6.000
d_30=3.750
d_x_1=1.000
d_x_2=0.667
d_x_3=2.000
d_x_4=0.500
d_x_5=1.000
d_x_6=0.667
d_x_7=0.250
d_x_8=0.500
d_x_9=1.500
d_x_10=0.500
d_x_11=3.667
d_x_12=0.750
d_x_13=0.333
d_x_14=0.333
d_x_15=0.500
d_x_16=0.333
d_x_17=4.333
d_x_18=0.500
d_x_20=1.750
d_x_21=1.500
d_x_23=0.667
d_x_26=1.500
d_x_29=5.333
d_x_30=2.750
d_y_1=2.500
d_y_2=0.667
d_y_3=2.500
d_y_4=2.250
d_y_5=1.500
d_y_6=0.333
d_y_8=1.250
d_y_9=0.250
d_y_10=0.250
d_y_12=1.000
d_y_13=0.667
d_y_14=0.333
d_y_15=0.500
d_y_17=0.667
d_y_18=0.500
d_y_19=0.500
d_y_20=1.000
d_y_21=0.500
d_y_22=1.000
d_y_23=1.000
d_y_25=1.000
d_y_26=0.500
d_y_27=1.000
d_y_28=2.000
d_y_29=0.667
d_y_30=1.000
