Number of initial container : 0
Number of new container : 30
Total number of containers : 30
Level_num : 9
Container_level : [5, 2, 7, 7, 4, 3, 5, 1, 4, 8, 9, 8, 7, 4, 2, 5, 2, 1, 4, 2, 1, 4, 3, 7, 5, 8, 4, 2, 7, 3]
ideal_configuration : 
 [[4. 7. 8. 0. 0. 0. 0. 0. 0. 0.]
 [3. 4. 7. 8. 0. 0. 0. 0. 0. 0.]
 [2. 4. 5. 7. 9. 0. 0. 0. 0. 0.]
 [2. 2. 4. 5. 7. 0. 0. 0. 0. 0.]
 [1. 2. 3. 4. 5. 7. 0. 0. 0. 0.]
 [1. 1. 2. 3. 4. 5. 8. 0. 0. 0.]]
Centroid : {5: (4.5, 1.5), 2: (1.8, 1.6), 7: (4.0, 3.0), 4: (2.8333333333333335, 2.5), 3: (2.6666666666666665, 1.6666666666666667), 1: (1.3333333333333333, 0.3333333333333333), 8: (4.666666666666667, 3.0), 9: (5.0, 3.0)}
Repeat number : 23
Original weight : [14.44, 8.21, 19.95, 20.67, 12.72, 11.69, 15.48, 7.28, 13.69, 21.44, 23.52, 23.0, 19.52, 12.13, 9.12, 14.53, 8.16, 5.0, 12.16, 8.75, 5.19, 14.06, 11.4, 19.99, 16.22, 21.47, 12.83, 8.98, 20.83, 11.76]
Group : [0, 0, 0, 0, 0, 0, 0, 0, 0, 0, 0, 0, 0, 0, 0, 0, 0, 0, 0, 0, 0, 0, 0, 0, 0, 0, 0, 0, 0, 0]
Sequence : [1, 2, 3, 4, 5, 6, 7, 8, 9, 10, 11, 12, 13, 14, 15, 16, 17, 18, 19, 20, 21, 22, 23, 24, 25, 26, 27, 28, 29, 30]
Scroe : [14.44, 8.21, 19.95, 20.67, 12.72, 11.69, 15.48, 7.28, 13.69, 21.44, 23.52, 23.0, 19.52, 12.13, 9.12, 14.53, 8.16, 5.0, 12.16, 8.75, 5.19, 14.06, 11.4, 19.99, 16.22, 21.47, 12.83, 8.98, 20.83, 11.76]
Time taken to solve the MIP model : 11.0119 seconds
---------------------------------
solution for: IP model
objective: 27.7667
x_1_5_0=1
x_2_3_0=1
x_3_5_1=1
x_4_5_2=1
x_5_4_0=1
x_6_3_1=1
x_7_7_0=1
x_8_2_0=1
x_9_4_1=1
x_10_5_3=1
x_11_7_1=1
x_12_5_4=1
x_13_4_2=1
x_14_3_2=1
x_15_6_0=1
x_16_6_1=1
x_17_2_1=1
x_18_1_0=1
x_19_3_3=1
x_20_2_2=1
x_21_1_1=1
x_22_3_4=1
x_23_2_3=1
x_24_4_3=1
x_25_6_2=1
x_26_6_3=1
x_27_2_4=1
x_28_1_2=1
x_29_4_4=1
x_30_1_3=1
d_1=2.000
d_2=2.800
d_3=3.000
d_4=2.000
d_5=3.667
d_6=1.000
d_7=4.000
d_8=1.000
d_9=2.667
d_10=0.333
d_11=4.000
d_12=1.333
d_13=1.000
d_14=0.667
d_15=5.800
d_16=2.000
d_17=0.800
d_18=0.667
d_19=0.667
d_20=0.600
d_21=1.000
d_22=1.667
d_23=2.000
d_25=2.000
d_26=1.333
d_27=2.333
d_28=1.200
d_29=1.000
d_30=3.000
d_x_1=0.500
d_x_2=1.200
d_x_3=1.000
d_x_4=1.000
d_x_5=1.167
d_x_6=0.333
d_x_7=2.500
d_x_8=0.667
d_x_9=1.167
d_x_10=0.333
d_x_11=2.000
d_x_12=0.333
d_x_14=0.167
d_x_15=4.200
d_x_16=1.500
d_x_17=0.200
d_x_18=0.333
d_x_19=0.167
d_x_20=0.200
d_x_21=0.333
d_x_22=0.167
d_x_23=0.667
d_x_25=1.500
d_x_26=1.333
d_x_27=0.833
d_x_28=0.800
d_x_30=1.667
d_y_1=1.500
d_y_2=1.600
d_y_3=2.000
d_y_4=1.000
d_y_5=2.500
d_y_6=0.667
d_y_7=1.500
d_y_8=0.333
d_y_9=1.500
d_y_11=2.000
d_y_12=1.000
d_y_13=1.000
d_y_14=0.500
d_y_15=1.600
d_y_16=0.500
d_y_17=0.600
d_y_18=0.333
d_y_19=0.500
d_y_20=0.400
d_y_21=0.667
d_y_22=1.500
d_y_23=1.333
d_y_25=0.500
d_y_27=1.500
d_y_28=0.400
d_y_29=1.000
d_y_30=1.333
