Number of initial container : 0
Number of new container : 30
Total number of containers : 30
Level_num : 9
Container_level : [1, 5, 6, 5, 3, 1, 4, 6, 2, 5, 2, 8, 3, 6, 5, 7, 8, 1, 8, 9, 6, 2, 1, 1, 8, 4, 8, 4, 7, 3]
ideal_configuration : 
 [[5. 6. 8. 0. 0. 0. 0. 0. 0. 0.]
 [3. 5. 7. 8. 0. 0. 0. 0. 0. 0.]
 [2. 4. 5. 7. 9. 0. 0. 0. 0. 0.]
 [1. 2. 4. 6. 8. 0. 0. 0. 0. 0.]
 [1. 1. 3. 4. 6. 8. 0. 0. 0. 0.]
 [1. 1. 2. 3. 5. 6. 8. 0. 0. 0.]]
Centroid : {1: (1.4, 0.8), 5: (2.75, 3.0), 6: (4.25, 2.0), 3: (2.6666666666666665, 1.6666666666666667), 4: (3.0, 2.0), 2: (2.0, 1.6666666666666667), 8: (5.0, 2.4), 7: (3.5, 3.5), 9: (5.0, 3.0)}
Repeat number : 14
Original weight : [5.22, 15.84, 18.72, 16.73, 11.36, 6.59, 13.26, 18.26, 8.95, 15.43, 9.07, 23.82, 11.21, 19.06, 15.86, 20.18, 22.48, 6.82, 22.16, 23.95, 18.85, 9.78, 5.64, 7.49, 23.19, 12.37, 23.21, 13.16, 19.32, 11.06]
Group : [0, 0, 0, 0, 0, 0, 0, 0, 0, 0, 0, 0, 0, 0, 0, 0, 0, 0, 0, 0, 0, 0, 0, 0, 0, 0, 0, 0, 0, 0]
Sequence : [1, 2, 3, 4, 5, 6, 7, 8, 9, 10, 11, 12, 13, 14, 15, 16, 17, 18, 19, 20, 21, 22, 23, 24, 25, 26, 27, 28, 29, 30]
Scroe : [5.22, 15.84, 18.72, 16.73, 11.36, 6.59, 13.26, 18.26, 8.95, 15.43, 9.07, 23.82, 11.21, 19.06, 15.86, 20.18, 22.48, 6.82, 22.16, 23.95, 18.85, 9.78, 5.64, 7.49, 23.19, 12.37, 23.21, 13.16, 19.32, 11.06]
Time taken to solve the MIP model : 12.8684 seconds
---------------------------------
solution for: IP model
objective: 27.7667
x_1_3_0=1
x_2_4_0=1
x_3_7_0=1
x_4_4_1=1
x_5_3_1=1
x_6_2_0=1
x_7_3_2=1
x_8_4_2=1
x_9_2_1=1
x_10_3_3=1
x_11_2_2=1
x_12_7_1=1
x_13_6_0=1
x_14_6_1=1
x_15_3_4=1
x_16_3_5=1
x_17_6_2=1
x_18_5_0=1
x_19_5_1=1
x_20_6_3=1
x_21_4_3=1
x_22_2_3=1
x_23_1_0=1
x_24_1_1=1
x_25_5_2=1
x_26_1_2=1
x_27_5_3=1
x_28_1_3=1
x_29_4_4=1
x_30_2_4=1
d_1=2.400
d_2=4.250
d_3=4.750
d_4=3.250
d_5=1.000
d_6=1.400
d_8=0.250
d_9=0.667
d_10=0.250
d_11=0.333
d_12=3.400
d_13=5.000
d_14=2.750
d_15=1.250
d_16=2.000
d_17=1.400
d_18=4.400
d_19=1.400
d_20=1.000
d_21=1.250
d_22=1.333
d_23=1.200
d_24=0.600
d_25=0.400
d_26=2.000
d_27=0.600
d_28=3.000
d_29=1.000
d_30=3.000
d_x_1=1.600
d_x_2=1.250
d_x_3=2.750
d_x_4=1.250
d_x_5=0.333
d_x_6=0.600
d_x_8=0.250
d_x_10=0.250
d_x_12=2.000
d_x_13=3.333
d_x_14=1.750
d_x_15=0.250
d_x_16=0.500
d_x_17=1.000
d_x_18=3.600
d_x_20=1.000
d_x_21=0.250
d_x_23=0.400
d_x_24=0.400
d_x_26=2.000
d_x_28=2.000
d_x_29=0.500
d_x_30=0.667
d_y_1=0.800
d_y_2=3.000
d_y_3=2.000
d_y_4=2.000
d_y_5=0.667
d_y_6=0.800
d_y_9=0.667
d_y_11=0.333
d_y_12=1.400
d_y_13=1.667
d_y_14=1.000
d_y_15=1.000
d_y_16=1.500
d_y_17=0.400
d_y_18=0.800
d_y_19=1.400
d_y_21=1.000
d_y_22=1.333
d_y_23=0.800
d_y_24=0.200
d_y_25=0.400
d_y_27=0.600
d_y_28=1.000
d_y_29=0.500
d_y_30=2.333
