Number of initial container : 0
Number of new container : 30
Total number of containers : 30
Level_num : 9
Container_level : [8, 2, 6, 4, 8, 7, 2, 4, 3, 7, 1, 5, 7, 9, 7, 1, 5, 5, 2, 6, 2, 6, 5, 4, 7, 7, 8, 2, 5, 4]
ideal_configuration : 
 [[5. 7. 8. 0. 0. 0. 0. 0. 0. 0.]
 [4. 5. 7. 8. 0. 0. 0. 0. 0. 0.]
 [2. 4. 6. 7. 9. 0. 0. 0. 0. 0.]
 [2. 3. 5. 6. 7. 0. 0. 0. 0. 0.]
 [1. 2. 4. 5. 6. 7. 0. 0. 0. 0.]
 [1. 2. 2. 4. 5. 7. 8. 0. 0. 0.]]
Centroid : {8: (4.666666666666667, 3.0), 2: (1.8, 1.2), 6: (4.0, 2.0), 4: (2.5, 2.0), 7: (4.333333333333333, 2.5), 3: (2.0, 2.0), 1: (1.0, 0.5), 5: (3.0, 2.4), 9: (5.0, 3.0)}
Repeat number : 15
Original weight : [22.3, 9.48, 17.93, 14.84, 22.81, 19.48, 9.07, 12.88, 12.03, 19.68, 7.61, 16.84, 20.7, 23.71, 20.56, 6.04, 16.68, 16.44, 9.33, 17.93, 10.13, 18.37, 16.69, 13.02, 20.5, 21.3, 22.36, 8.43, 16.56, 12.82]
Group : [0, 0, 0, 0, 0, 0, 0, 0, 0, 0, 0, 0, 0, 0, 0, 0, 0, 0, 0, 0, 0, 0, 0, 0, 0, 0, 0, 0, 0, 0]
Sequence : [1, 2, 3, 4, 5, 6, 7, 8, 9, 10, 11, 12, 13, 14, 15, 16, 17, 18, 19, 20, 21, 22, 23, 24, 25, 26, 27, 28, 29, 30]
Scroe : [22.3, 9.48, 17.93, 14.84, 22.81, 19.48, 9.07, 12.88, 12.03, 19.68, 7.61, 16.84, 20.7, 23.71, 20.56, 6.04, 16.68, 16.44, 9.33, 17.93, 10.13, 18.37, 16.69, 13.02, 20.5, 21.3, 22.36, 8.43, 16.56, 12.82]
Time taken to solve the MIP model : 13.4845 seconds
---------------------------------
solution for: IP model
objective: 31.1667
x_1_7_0=1
x_2_3_0=1
x_3_5_0=1
x_4_4_0=1
x_5_7_1=1
x_6_5_1=1
x_7_6_0=1
x_8_6_1=1
x_9_3_1=1
x_10_5_2=1
x_11_1_0=1
x_12_3_2=1
x_13_6_2=1
x_14_6_3=1
x_15_5_3=1
x_16_2_0=1
x_17_3_3=1
x_18_3_4=1
x_19_2_1=1
x_20_4_1=1
x_21_2_2=1
x_22_4_2=1
x_23_3_5=1
x_24_2_3=1
x_25_4_3=1
x_26_4_4=1
x_27_5_4=1
x_28_1_1=1
x_29_2_4=1
x_30_1_2=1
r_3_2=1
r_3_3=1
r_3_4=1
r_3_5=1
d_1=5.333
d_2=2.400
d_3=3.000
d_4=3.500
d_5=4.333
d_6=2.167
d_7=5.400
d_8=4.500
d_9=2.000
d_10=1.167
d_11=0.500
d_12=0.400
d_13=2.167
d_14=1.000
d_15=1.167
d_16=1.500
d_17=0.600
d_18=1.600
d_19=0.400
d_20=1.000
d_21=1.000
d_23=2.600
d_24=1.500
d_25=0.833
d_26=1.833
d_27=1.333
d_28=1.000
d_29=2.600
d_30=1.500
d_x_1=2.333
d_x_2=1.200
d_x_3=1.000
d_x_4=1.500
d_x_5=2.333
d_x_6=0.667
d_x_7=4.200
d_x_8=3.500
d_x_9=1.000
d_x_10=0.667
d_x_13=1.667
d_x_14=1.000
d_x_15=0.667
d_x_16=1.000
d_x_19=0.200
d_x_21=0.200
d_x_24=0.500
d_x_25=0.333
d_x_26=0.333
d_x_27=0.333
d_x_28=0.800
d_x_29=1.000
d_x_30=1.500
d_y_1=3.000
d_y_2=1.200
d_y_3=2.000
d_y_4=2.000
d_y_5=2.000
d_y_6=1.500
d_y_7=1.200
d_y_8=1.000
d_y_9=1.000
d_y_10=0.500
d_y_11=0.500
d_y_12=0.400
d_y_13=0.500
d_y_15=0.500
d_y_16=0.500
d_y_17=0.600
d_y_18=1.600
d_y_19=0.200
d_y_20=1.000
d_y_21=0.800
d_y_23=2.600
d_y_24=1.000
d_y_25=0.500
d_y_26=1.500
d_y_27=1.000
d_y_28=0.200
d_y_29=1.600
