Number of initial container : 0
Number of new container : 10
Total number of containers : 10
Level_num : 9
Container_level : [9, 1, 6, 6, 8, 3, 6, 6, 8, 3]
ideal_configuration : 
 [[0. 0. 0. 0. 0. 0.]
 [6. 0. 0. 0. 0. 0.]
 [6. 8. 0. 0. 0. 0.]
 [3. 6. 8. 0. 0. 0.]
 [1. 3. 6. 9. 0. 0.]]
Centroid : {9: (3.0, 0.0), 1: (0.0, 0.0), 6: (0.75, 1.5), 8: (1.5, 1.5), 3: (0.5, 0.5)}
Repeat number : 30
Original weight : [21.52, 8.54, 18.29, 7.85, 18.86, 16.24, 13.51, 14.82, 15.95, 7.5]
Group : [3, 0, 2, 2, 3, 1, 2, 2, 3, 1]
Sequence : [1, 2, 3, 4, 5, 6, 7, 8, 9, 10]
Scroe : [321.52, 8.54, 218.29, 207.85, 318.86, 116.24, 213.51, 214.82, 315.95, 107.5]
Time taken to solve the MIP model : 0.0140 seconds
min_d : 0, max_d : 9
---------------------------------
solution for: IP model
objective: 0
x_0_4_0=1
x_1_0_0=1
x_2_1_0=1
x_3_2_0=1
x_4_1_1=1
x_5_3_0=1
x_6_2_1=1
x_7_2_2=1
x_8_3_1=1
x_9_5_0=1
d_0=1.000
d_2=3.000
d_3=4.000
d_4=2.000
d_5=4.000
d_6=3.000
d_7=3.000
d_8=3.000
d_9=6.000
d_x_0=1.000
d_x_2=1.000
d_x_3=2.000
d_x_4=1.000
d_x_5=3.000
d_x_6=2.000
d_x_7=2.000
d_x_8=2.000
d_x_9=5.000
d_y_2=2.000
d_y_3=2.000
d_y_4=1.000
d_y_5=1.000
d_y_6=1.000
d_y_7=1.000
d_y_8=1.000
d_y_9=1.000
normalized distance of container 0 : 0.1111111111111111
normalized distance of container 1 : 0.0
normalized distance of container 2 : 0.3333333333333333
normalized distance of container 3 : 0.4444444444444444
normalized distance of container 4 : 0.2222222222222222
normalized distance of container 5 : 0.4444444444444444
normalized distance of container 6 : 0.3333333333333333
normalized distance of container 7 : 0.3333333333333333
normalized distance of container 8 : 0.3333333333333333
normalized distance of container 9 : 0.6666666666666666
