Number of initial container : 0
Number of new container : 10
Total number of containers : 10
Level_num : 9
Container_level : [3, 3, 6, 3, 1, 1, 8, 9, 1, 3]
ideal_configuration : 
 [[0. 0. 0. 0. 0. 0.]
 [3. 0. 0. 0. 0. 0.]
 [3. 6. 0. 0. 0. 0.]
 [1. 3. 8. 0. 0. 0.]
 [1. 1. 3. 9. 0. 0.]]
Centroid : {3: (0.75, 1.5), 6: (1.0, 2.0), 1: (0.3333333333333333, 0.3333333333333333), 8: (2.0, 1.0), 9: (3.0, 0.0)}
Repeat number : 4
Original weight : [5.64, 13.31, 22.62, 19.71, 20.98, 7.08, 6.21, 17.91, 18.4, 12.46]
Group : [1, 1, 2, 1, 0, 0, 3, 3, 0, 1]
Sequence : [1, 2, 3, 4, 5, 6, 7, 8, 9, 10]
Scroe : [105.64, 113.31, 222.62, 119.71000000000001, 20.98, 7.08, 306.21, 317.91, 18.4, 112.46000000000001]
Time taken to solve the MIP model : 0.0180 seconds
min_d : 0, max_d : 9
---------------------------------
solution for: IP model
objective: 0
x_0_2_0=1
x_1_3_0=1
x_2_2_1=1
x_3_3_1=1
x_4_0_0=1
x_5_5_0=1
x_6_5_1=1
x_7_0_1=1
x_8_1_0=1
x_9_1_1=1
d_0=4.000
d_1=5.000
d_2=2.000
d_3=4.000
d_4=2.000
d_5=6.000
d_6=3.000
d_7=4.000
d_8=2.000
d_9=2.000
d_x_0=2.000
d_x_1=3.000
d_x_2=1.000
d_x_3=3.000
d_x_4=1.000
d_x_5=5.000
d_x_6=3.000
d_x_7=3.000
d_x_8=1.000
d_x_9=1.000
d_y_0=2.000
d_y_1=2.000
d_y_2=1.000
d_y_3=1.000
d_y_4=1.000
d_y_5=1.000
d_y_7=1.000
d_y_8=1.000
d_y_9=1.000
normalized distance of container 0 : 0.4444444444444444
normalized distance of container 1 : 0.5555555555555556
normalized distance of container 2 : 0.2222222222222222
normalized distance of container 3 : 0.4444444444444444
normalized distance of container 4 : 0.2222222222222222
normalized distance of container 5 : 0.6666666666666666
normalized distance of container 6 : 0.3333333333333333
normalized distance of container 7 : 0.4444444444444444
normalized distance of container 8 : 0.2222222222222222
normalized distance of container 9 : 0.2222222222222222
