Number of initial container : 0
Number of new container : 10
Total number of containers : 10
Level_num : 9
Container_level : [6, 8, 8, 1, 9, 3, 6, 6, 3, 1]
ideal_configuration : 
 [[0. 0. 0. 0. 0. 0.]
 [6. 0. 0. 0. 0. 0.]
 [3. 8. 0. 0. 0. 0.]
 [1. 6. 8. 0. 0. 0.]
 [1. 3. 6. 9. 0. 0.]]
Centroid : {6: (1.0, 1.3333333333333333), 8: (1.5, 1.5), 1: (0.0, 0.5), 9: (3.0, 0.0), 3: (0.5, 1.0)}
Repeat number : 6
Original weight : [8.62, 9.19, 15.61, 12.05, 23.3, 7.71, 12.9, 20.48, 6.69, 20.78]
Group : [2, 3, 3, 0, 3, 1, 2, 2, 1, 0]
Sequence : [1, 2, 3, 4, 5, 6, 7, 8, 9, 10]
Scroe : [208.62, 309.19, 315.61, 12.05, 323.3, 107.71, 212.9, 220.48, 106.69, 20.78]
Time taken to solve the MIP model : 0.0120 seconds
min_d : 0, max_d : 9
---------------------------------
solution for: IP model
objective: 0
x_0_0_0=1
x_1_0_1=1
x_2_0_2=1
x_3_5_0=1
x_4_1_0=1
x_5_5_1=1
x_6_5_2=1
x_7_4_0=1
x_8_3_0=1
x_9_2_0=1
d_0=3.000
d_1=3.000
d_2=3.000
d_3=6.000
d_4=2.000
d_5=5.000
d_6=5.000
d_7=5.000
d_8=4.000
d_9=3.000
d_x_0=1.000
d_x_1=2.000
d_x_2=2.000
d_x_3=5.000
d_x_4=2.000
d_x_5=5.000
d_x_6=4.000
d_x_7=3.000
d_x_8=3.000
d_x_9=2.000
d_y_0=2.000
d_y_1=1.000
d_y_2=1.000
d_y_3=1.000
d_y_6=1.000
d_y_7=2.000
d_y_8=1.000
d_y_9=1.000
normalized distance of container 0 : 0.3333333333333333
normalized distance of container 1 : 0.3333333333333333
normalized distance of container 2 : 0.3333333333333333
normalized distance of container 3 : 0.6666666666666666
normalized distance of container 4 : 0.2222222222222222
normalized distance of container 5 : 0.5555555555555556
normalized distance of container 6 : 0.5555555555555556
normalized distance of container 7 : 0.5555555555555556
normalized distance of container 8 : 0.4444444444444444
normalized distance of container 9 : 0.3333333333333333
