Number of initial container : 0
Number of new container : 10
Total number of containers : 10
Level_num : 9
Container_level : [3, 8, 1, 8, 8, 8, 8, 6, 9, 6]
ideal_configuration : 
 [[0. 0. 0. 0. 0. 0.]
 [8. 0. 0. 0. 0. 0.]
 [6. 8. 0. 0. 0. 0.]
 [3. 8. 8. 0. 0. 0.]
 [1. 6. 8. 9. 0. 0.]]
Centroid : {3: (0.0, 1.0), 8: (1.2, 1.4), 1: (0.0, 0.0), 6: (0.5, 1.0), 9: (3.0, 0.0)}
Repeat number : 13
Original weight : [13.39, 21.02, 16.46, 6.19, 15.6, 21.14, 17.0, 22.94, 22.11, 8.82]
Group : [1, 3, 0, 3, 3, 3, 3, 2, 3, 2]
Sequence : [1, 2, 3, 4, 5, 6, 7, 8, 9, 10]
Scroe : [113.39, 321.02, 16.46, 306.19, 315.6, 321.14, 317.0, 222.94, 322.11, 208.82]
Time taken to solve the MIP model : 0.0209 seconds
min_d : 0, max_d : 9
---------------------------------
solution for: IP model
objective: 0
x_0_4_0=1
x_1_4_1=1
x_2_5_0=1
x_3_5_1=1
x_4_5_2=1
x_5_5_3=1
x_6_3_0=1
x_7_2_0=1
x_8_3_1=1
x_9_0_0=1
d_0=5.000
d_1=4.000
d_2=5.000
d_3=5.000
d_4=5.000
d_5=6.000
d_6=4.000
d_7=3.000
d_8=1.000
d_9=2.000
d_x_0=4.000
d_x_1=3.000
d_x_2=5.000
d_x_3=4.000
d_x_4=4.000
d_x_5=4.000
d_x_6=2.000
d_x_7=2.000
d_x_9=1.000
d_y_0=1.000
d_y_1=1.000
d_y_3=1.000
d_y_4=1.000
d_y_5=2.000
d_y_6=2.000
d_y_7=1.000
d_y_8=1.000
d_y_9=1.000
normalized distance of container 0 : 0.5555555555555556
normalized distance of container 1 : 0.4444444444444444
normalized distance of container 2 : 0.5555555555555556
normalized distance of container 3 : 0.5555555555555556
normalized distance of container 4 : 0.5555555555555556
normalized distance of container 5 : 0.6666666666666666
normalized distance of container 6 : 0.4444444444444444
normalized distance of container 7 : 0.3333333333333333
normalized distance of container 8 : 0.1111111111111111
normalized distance of container 9 : 0.2222222222222222
