Number of initial container : 0
Number of new container : 10
Total number of containers : 10
Level_num : 9
Container_level : [9, 8, 6, 6, 3, 1, 1, 6, 1, 6]
ideal_configuration : 
 [[0. 0. 0. 0. 0. 0.]
 [6. 0. 0. 0. 0. 0.]
 [3. 6. 0. 0. 0. 0.]
 [1. 6. 8. 0. 0. 0.]
 [1. 1. 6. 9. 0. 0.]]
Centroid : {9: (3.0, 0.0), 8: (2.0, 1.0), 6: (1.0, 1.5), 3: (0.0, 2.0), 1: (0.3333333333333333, 0.3333333333333333)}
Repeat number : 21
Original weight : [20.95, 6.96, 19.41, 12.93, 16.2, 9.74, 13.09, 19.5, 19.88, 16.39]
Group : [3, 3, 2, 2, 1, 0, 0, 2, 0, 2]
Sequence : [1, 2, 3, 4, 5, 6, 7, 8, 9, 10]
Scroe : [320.95, 306.96, 219.41, 212.93, 116.2, 9.74, 13.09, 219.5, 19.88, 216.39]
Time taken to solve the MIP model : 0.0359 seconds
min_d : 0, max_d : 9
---------------------------------
solution for: IP model
objective: 0
x_0_1_0=1
x_1_0_0=1
x_2_3_0=1
x_3_2_0=1
x_4_4_0=1
x_5_5_0=1
x_6_5_1=1
x_7_3_1=1
x_8_5_2=1
x_9_2_1=1
d_0=2.000
d_1=3.000
d_2=4.000
d_3=3.000
d_4=6.000
d_5=6.000
d_6=6.000
d_7=3.000
d_8=7.000
d_9=2.000
d_x_0=2.000
d_x_1=2.000
d_x_2=2.000
d_x_3=1.000
d_x_4=4.000
d_x_5=5.000
d_x_6=5.000
d_x_7=2.000
d_x_8=5.000
d_x_9=1.000
d_y_1=1.000
d_y_2=2.000
d_y_3=2.000
d_y_4=2.000
d_y_5=1.000
d_y_6=1.000
d_y_7=1.000
d_y_8=2.000
d_y_9=1.000
normalized distance of container 0 : 0.2222222222222222
normalized distance of container 1 : 0.3333333333333333
normalized distance of container 2 : 0.4444444444444444
normalized distance of container 3 : 0.3333333333333333
normalized distance of container 4 : 0.6666666666666666
normalized distance of container 5 : 0.6666666666666666
normalized distance of container 6 : 0.6666666666666666
normalized distance of container 7 : 0.3333333333333333
normalized distance of container 8 : 0.7777777777777778
normalized distance of container 9 : 0.2222222222222222
