Number of initial container : 0
Number of new container : 10
Total number of containers : 10
Level_num : 9
Container_level : [3, 1, 3, 1, 6, 9, 1, 3, 6, 8]
ideal_configuration : 
 [[0. 0. 0. 0. 0. 0.]
 [6. 0. 0. 0. 0. 0.]
 [3. 6. 0. 0. 0. 0.]
 [1. 3. 8. 0. 0. 0.]
 [1. 1. 3. 9. 0. 0.]]
Centroid : {3: (1.0, 1.0), 1: (0.3333333333333333, 0.3333333333333333), 6: (0.5, 2.5), 9: (3.0, 0.0), 8: (2.0, 1.0)}
Repeat number : 23
Original weight : [21.04, 18.15, 21.02, 16.3, 8.13, 21.32, 12.81, 12.19, 17.76, 20.99]
Group : [1, 0, 1, 0, 2, 3, 0, 1, 2, 3]
Sequence : [1, 2, 3, 4, 5, 6, 7, 8, 9, 10]
Scroe : [121.03999999999999, 18.15, 121.02, 16.3, 208.13, 321.32, 12.81, 112.19, 217.76, 320.99]
Time taken to solve the MIP model : 0.0140 seconds
min_d : 0, max_d : 9
---------------------------------
solution for: IP model
objective: 0
x_0_5_0=1
x_1_3_0=1
x_2_4_0=1
x_3_2_0=1
x_4_4_1=1
x_5_4_2=1
x_6_0_0=1
x_7_0_1=1
x_8_5_1=1
x_9_5_2=1
d_0=5.000
d_1=4.000
d_2=4.000
d_3=3.000
d_4=6.000
d_5=3.000
d_6=2.000
d_7=1.000
d_8=7.000
d_9=4.000
d_x_0=4.000
d_x_1=3.000
d_x_2=3.000
d_x_3=2.000
d_x_4=4.000
d_x_5=1.000
d_x_6=1.000
d_x_7=1.000
d_x_8=5.000
d_x_9=3.000
d_y_0=1.000
d_y_1=1.000
d_y_2=1.000
d_y_3=1.000
d_y_4=2.000
d_y_5=2.000
d_y_6=1.000
d_y_8=2.000
d_y_9=1.000
normalized distance of container 0 : 0.5555555555555556
normalized distance of container 1 : 0.4444444444444444
normalized distance of container 2 : 0.4444444444444444
normalized distance of container 3 : 0.3333333333333333
normalized distance of container 4 : 0.6666666666666666
normalized distance of container 5 : 0.3333333333333333
normalized distance of container 6 : 0.2222222222222222
normalized distance of container 7 : 0.1111111111111111
normalized distance of container 8 : 0.7777777777777778
normalized distance of container 9 : 0.4444444444444444
