Number of initial container : 0
Number of new container : 27
Total number of containers : 27
Level_num : 9
Container_level : [1, 8, 6, 3, 3, 1, 1, 8, 8, 3, 6, 1, 9, 1, 6, 3, 8, 1, 8, 8, 1, 3, 6, 3, 3, 1, 3]
ideal_configuration : 
 [[3. 3. 8. 8. 0. 0.]
 [1. 3. 6. 8. 8. 0.]
 [1. 1. 3. 6. 8. 9.]
 [1. 1. 3. 3. 6. 8.]
 [1. 1. 1. 3. 3. 6.]]
Centroid : {1: (0.625, 1.125), 8: (3.5, 2.8333333333333335), 6: (3.5, 1.5), 3: (2.0, 1.875), 9: (5.0, 2.0)}
Repeat number : 14
Original weight : [14.69, 14.57, 8.79, 19.89, 6.27, 10.41, 18.06, 10.54, 14.07, 5.64, 5.03, 10.75, 21.53, 12.79, 22.15, 18.92, 10.04, 5.52, 6.92, 16.55, 18.33, 23.88, 22.64, 14.09, 7.57, 18.61, 6.28]
Group : [0, 3, 2, 1, 1, 0, 0, 3, 3, 1, 2, 0, 3, 0, 2, 1, 3, 0, 3, 3, 0, 1, 2, 1, 1, 0, 1]
Sequence : [1, 2, 3, 4, 5, 6, 7, 8, 9, 10, 11, 12, 13, 14, 15, 16, 17, 18, 19, 20, 21, 22, 23, 24, 25, 26, 27]
Scroe : [14.69, 314.57, 208.79, 119.89, 106.27, 10.41, 18.06, 310.54, 314.07, 105.64, 205.03, 10.75, 321.53, 12.79, 222.15, 118.92, 310.04, 5.52, 306.92, 316.55, 18.33, 123.88, 222.64, 114.09, 107.57, 18.61, 106.28]
Time taken to solve the MIP model : 1101.0558 seconds
min_d : 0, max_d : 9
---------------------------------
solution for: IP model
objective: 6.21296
x_0_5_0=1
x_1_5_1=1
x_2_4_0=1
x_3_4_1=1
x_4_3_0=1
x_5_1_0=1
x_6_2_0=1
x_7_4_2=1
x_8_4_3=1
x_9_2_1=1
x_10_3_1=1
x_11_1_1=1
x_12_5_2=1
x_13_1_2=1
x_14_3_2=1
x_15_2_2=1
x_16_3_3=1
x_17_0_0=1
x_18_4_4=1
x_19_3_4=1
x_20_0_1=1
x_21_2_3=1
x_22_2_4=1
x_23_1_3=1
x_24_1_4=1
x_25_0_2=1
x_26_0_3=1
r_1_3=1
r_1_4=1
r_4_0=1
r_4_1=1
r_4_2=1
r_4_3=1
r_4_4=1
d_0=5.500
d_1=3.333
d_2=2.000
d_3=2.875
d_4=2.875
d_5=1.500
d_6=2.500
d_7=1.333
d_8=0.667
d_9=0.875
d_10=1.000
d_11=0.500
d_13=1.250
d_14=1.000
d_15=0.125
d_16=0.667
d_17=1.750
d_18=1.667
d_19=1.667
d_20=0.750
d_21=1.125
d_22=4.000
d_23=2.125
d_24=3.125
d_25=1.500
d_26=3.125
d_x_0=4.375
d_x_1=1.500
d_x_2=0.500
d_x_3=2.000
d_x_4=1.000
d_x_5=0.375
d_x_6=1.375
d_x_7=0.500
d_x_8=0.500
d_x_10=0.500
d_x_11=0.375
d_x_13=0.375
d_x_14=0.500
d_x_16=0.500
d_x_17=0.625
d_x_18=0.500
d_x_19=0.500
d_x_20=0.625
d_x_22=1.500
d_x_23=1.000
d_x_24=1.000
d_x_25=0.625
d_x_26=2.000
d_y_0=1.125
d_y_1=1.833
d_y_2=1.500
d_y_3=0.875
d_y_4=1.875
d_y_5=1.125
d_y_6=1.125
d_y_7=0.833
d_y_8=0.167
d_y_9=0.875
d_y_10=0.500
d_y_11=0.125
d_y_13=0.875
d_y_14=0.500
d_y_15=0.125
d_y_16=0.167
d_y_17=1.125
d_y_18=1.167
d_y_19=1.167
d_y_20=0.125
d_y_21=1.125
d_y_22=2.500
d_y_23=1.125
d_y_24=2.125
d_y_25=0.875
d_y_26=1.125
normalized distance of container 0 : 0.6111111111111112
normalized distance of container 1 : 0.3703703703703704
normalized distance of container 2 : 0.22222222222222202
normalized distance of container 3 : 0.3194444444444444
normalized distance of container 4 : 0.3194444444444444
normalized distance of container 5 : 0.16666666666666508
normalized distance of container 6 : 0.2777777777777762
normalized distance of container 7 : 0.1481481481481478
normalized distance of container 8 : 0.07407407407407168
normalized distance of container 9 : 0.09722222222222222
normalized distance of container 10 : 0.11111111111111091
normalized distance of container 11 : 0.05555555555555396
normalized distance of container 12 : 0.0
normalized distance of container 13 : 0.1388888888888865
normalized distance of container 14 : 0.1111111111111103
normalized distance of container 15 : 0.013888888888888494
normalized distance of container 16 : 0.07407407407407385
normalized distance of container 17 : 0.19444444444444445
normalized distance of container 18 : 0.18518518518518473
normalized distance of container 19 : 0.18518518518518498
normalized distance of container 20 : 0.08333333333333254
normalized distance of container 21 : 0.12499999999999956
normalized distance of container 22 : 0.44444444444444364
normalized distance of container 23 : 0.2361111111111111
normalized distance of container 24 : 0.34722222222222227
normalized distance of container 25 : 0.16666666666666746
normalized distance of container 26 : 0.3472222222222222
