Number of initial container : 10
Number of new container : 15
Total number of containers : 25
Level_num : 9
Container_level : [1, 6, 3, 6, 6, 1, 3, 6, 6, 6, 8, 1, 1, 6, 8, 6, 3, 1, 9, 6, 8, 8, 1, 3, 1]
ideal_configuration : 
 [[3. 6. 8. 9. 0. 0.]
 [1. 6. 6. 8. 0. 0.]
 [1. 3. 6. 6. 8. 0.]
 [1. 1. 3. 6. 6. 8.]
 [1. 1. 1. 3. 6. 6.]]
Centroid : {1: (0.5714285714285714, 1.0), 6: (2.7777777777777777, 1.7777777777777777), 3: (1.5, 1.75), 8: (3.5, 2.5), 9: (3.0, 4.0)}
Repeat number : 5
Original weight : [19.42, 19.53, 20.06, 12.43, 20.85, 19.28, 11.64, 12.47, 14.11, 20.93, 15.68, 20.92, 13.73, 10.22, 8.22, 23.15, 22.71, 10.66, 18.52, 13.13, 14.65, 14.27, 5.35, 15.23, 13.25]
Group : [0, 2, 1, 2, 2, 0, 1, 2, 2, 2, 3, 0, 0, 2, 3, 2, 1, 0, 3, 2, 3, 3, 0, 1, 0]
Sequence : [0, 0, 0, 0, 0, 0, 0, 0, 0, 0, 1, 2, 3, 4, 5, 6, 7, 8, 9, 10, 11, 12, 13, 14, 15]
Scroe : [19.42, 219.53, 120.06, 212.43, 220.85, 19.28, 111.64, 212.47, 214.11, 220.93, 315.68, 20.92, 13.73, 210.22, 308.22, 223.15, 122.71000000000001, 10.66, 318.52, 213.13, 314.65, 314.27, 5.35, 115.23, 13.25]
Time taken to solve the MIP model : 0.1306 seconds
min_d : 0, max_d : 9
---------------------------------
solution for: IP model
objective: 6.96296
x_0_2_0=1
x_1_0_0=1
x_2_1_0=1
x_3_4_0=1
x_4_0_1=1
x_5_5_0=1
x_6_5_1=1
x_7_2_1=1
x_8_0_2=1
x_9_0_3=1
x_10_5_2=1
x_11_1_1=1
x_12_3_0=1
x_13_2_2=1
x_14_5_3=1
x_15_2_3=1
x_16_1_2=1
x_17_3_1=1
x_18_2_4=1
x_19_4_1=1
x_20_4_2=1
x_21_4_3=1
x_22_3_2=1
x_23_1_3=1
x_24_3_3=1
r_0_0=1
r_0_1=1
r_0_2=1
r_0_3=1
r_1_0=1
r_1_1=1
r_1_2=1
r_1_3=1
r_2_1=1
r_2_2=1
r_2_3=1
r_2_4=1
r_3_0=1
r_3_1=1
r_3_2=1
r_3_3=1
r_4_0=1
r_4_1=1
r_4_2=1
r_4_3=1
r_5_1=1
r_5_2=1
r_5_3=1
d_0=2.429
d_1=4.556
d_2=2.250
d_3=3.000
d_4=3.556
d_5=5.429
d_6=4.250
d_7=1.556
d_8=3.000
d_9=4.000
d_10=2.000
d_11=0.429
d_12=3.429
d_13=1.000
d_14=2.000
d_15=2.000
d_16=0.750
d_17=2.429
d_18=1.000
d_19=2.000
d_20=1.000
d_21=1.000
d_22=3.429
d_23=1.750
d_24=4.429
d_x_0=1.429
d_x_1=2.778
d_x_2=0.500
d_x_3=1.222
d_x_4=2.778
d_x_5=4.429
d_x_6=3.500
d_x_7=0.778
d_x_8=2.778
d_x_9=2.778
d_x_10=1.500
d_x_11=0.429
d_x_12=2.429
d_x_13=0.778
d_x_14=1.500
d_x_15=0.778
d_x_16=0.500
d_x_17=2.429
d_x_18=1.000
d_x_19=1.222
d_x_20=0.500
d_x_21=0.500
d_x_22=2.429
d_x_23=0.500
d_x_24=2.429
d_y_0=1.000
d_y_1=1.778
d_y_2=1.750
d_y_3=1.778
d_y_4=0.778
d_y_5=1.000
d_y_6=0.750
d_y_7=0.778
d_y_8=0.222
d_y_9=1.222
d_y_10=0.500
d_y_12=1.000
d_y_13=0.222
d_y_14=0.500
d_y_15=1.222
d_y_16=0.250
d_y_19=0.778
d_y_20=0.500
d_y_21=0.500
d_y_22=1.000
d_y_23=1.250
d_y_24=2.000
normalized distance of container 0 : 0.2698412698412699
normalized distance of container 1 : 0.5061728395061729
normalized distance of container 2 : 0.25
normalized distance of container 3 : 0.3333333333333333
normalized distance of container 4 : 0.3950617283950617
normalized distance of container 5 : 0.6031746031746033
normalized distance of container 6 : 0.4722222222222222
normalized distance of container 7 : 0.1728395061728395
normalized distance of container 8 : 0.3333333333333333
normalized distance of container 9 : 0.4444444444444444
normalized distance of container 10 : 0.2222222222222222
normalized distance of container 11 : 0.04761904761904762
normalized distance of container 12 : 0.380952380952381
normalized distance of container 13 : 0.11111111111111091
normalized distance of container 14 : 0.22222222222222202
normalized distance of container 15 : 0.22222222222222163
normalized distance of container 16 : 0.08333333333333275
normalized distance of container 17 : 0.2698412698412699
normalized distance of container 18 : 0.1111111111111111
normalized distance of container 19 : 0.2222222222222227
normalized distance of container 20 : 0.11111111111111072
normalized distance of container 21 : 0.11111111111111072
normalized distance of container 22 : 0.380952380952381
normalized distance of container 23 : 0.19444444444444425
normalized distance of container 24 : 0.4920634920634921
