Number of initial container : 7
Number of new container : 8
Total number of containers : 15
Level_num : 9
Container_level : [4, 6, 1, 4, 9, 1, 5, 2, 3, 3, 3, 8, 4, 8, 2]
ideal_configuration : 
 [[5. 0. 0. 0. 0. 0.]
 [3. 6. 0. 0. 0. 0.]
 [2. 4. 8. 0. 0. 0.]
 [1. 3. 4. 8. 0. 0.]
 [1. 2. 3. 4. 9. 0.]]
Centroid : {4: (2.0, 1.0), 6: (1.0, 3.0), 1: (0.0, 0.5), 9: (4.0, 0.0), 5: (0.0, 4.0), 2: (0.5, 1.0), 3: (1.0, 1.3333333333333333), 8: (2.5, 1.5)}
Repeat number : 19
Original weight : [13.12, 17.93, 7.97, 13.33, 21.77, 7.72, 15.67, 9.5, 11.36, 11.63, 12.19, 21.71, 14.42, 20.51, 11.05]
Sequence : [0, 0, 0, 0, 0, 0, 0, 1, 2, 3, 4, 5, 6, 7, 8]
Emergency : [0, 0, 0, 0, 0, 0, 0, 0, 0, 0, 0, 0, 0, 0, 0]
Time taken to solve the MIP model : 0.0303 seconds
min_d : 0, max_d : 9
---------------------------------
solution for: IP model
objective: 4.57407
status: OPTIMAL_SOLUTION(2)
x_0_3_0=1
x_1_1_0=1
x_2_3_1=1
x_3_0_0=1
x_4_5_0=1
x_5_2_0=1
x_6_1_1=1
x_7_4_0=1
x_8_4_1=1
x_9_2_1=1
x_10_2_2=1
x_11_2_3=1
x_12_0_1=1
x_13_4_2=1
x_14_1_2=1
r_1_0=1
r_1_1=1
r_1_2=1
r_3_0=1
r_3_1=1
d_0=2.000
d_1=3.000
d_2=3.500
d_3=3.000
d_4=1.000
d_5=2.500
d_6=4.000
d_7=4.500
d_8=3.333
d_9=1.333
d_10=1.667
d_11=2.000
d_12=2.000
d_13=2.000
d_14=1.500
d_x_0=1.000
d_x_2=3.000
d_x_3=2.000
d_x_4=1.000
d_x_5=2.000
d_x_6=1.000
d_x_7=3.500
d_x_8=3.000
d_x_9=1.000
d_x_10=1.000
d_x_11=0.500
d_x_12=2.000
d_x_13=1.500
d_x_14=0.500
d_y_0=1.000
d_y_1=3.000
d_y_2=0.500
d_y_3=1.000
d_y_5=0.500
d_y_6=3.000
d_y_7=1.000
d_y_8=0.333
d_y_9=0.333
d_y_10=0.667
d_y_11=1.500
d_y_13=0.500
d_y_14=1.000
normalized distance of container 0 : 0.2222222222222222
normalized distance of container 1 : 0.3333333333333333
normalized distance of container 2 : 0.3888888888888889
normalized distance of container 3 : 0.3333333333333333
normalized distance of container 4 : 0.1111111111111111
normalized distance of container 5 : 0.2777777777777778
normalized distance of container 6 : 0.4444444444444444
normalized distance of container 7 : 0.5
normalized distance of container 8 : 0.37037037037037013
normalized distance of container 9 : 0.14814814814814814
normalized distance of container 10 : 0.18518518518518454
normalized distance of container 11 : 0.2222222222222222
normalized distance of container 12 : 0.2222222222222222
normalized distance of container 13 : 0.2222222222222214
normalized distance of container 14 : 0.16666666666666508
