Number of initial container : 0
Number of new container : 15
Total number of containers : 15
Level_num : 9
Container_level : [6, 6, 3, 1, 6, 1, 1, 8, 1, 9, 6, 1, 1, 3, 6]
ideal_configuration : 
 [[6. 0. 0. 0. 0. 0.]
 [3. 6. 0. 0. 0. 0.]
 [1. 3. 6. 0. 0. 0.]
 [1. 1. 6. 8. 0. 0.]
 [1. 1. 1. 6. 9. 0.]]
Centroid : {6: (1.6, 2.0), 3: (0.5, 2.5), 1: (0.6666666666666666, 0.6666666666666666), 8: (3.0, 1.0), 9: (4.0, 0.0)}
Repeat number : 11
Original weight : [16.31, 22.74, 15.61, 8.72, 5.91, 9.16, 13.5, 5.11, 23.08, 5.54, 13.67, 16.75, 16.98, 19.42, 6.51]
Group : [2, 2, 1, 0, 2, 0, 0, 3, 0, 3, 2, 0, 0, 1, 2]
Sequence : [1, 2, 3, 4, 5, 6, 7, 8, 9, 10, 11, 12, 13, 14, 15]
Scroe : [216.31, 222.74, 115.61, 8.72, 205.91, 9.16, 13.5, 305.11, 23.08, 305.54, 213.67, 16.75, 16.98, 119.42, 206.51]
Time taken to solve the MIP model : 0.0668 seconds
min_d : 0, max_d : 9
---------------------------------
solution for: IP model
objective: 1.27037
x_0_3_0=1
x_1_3_1=1
x_2_2_0=1
x_3_0_0=1
x_4_2_1=1
x_5_1_0=1
x_6_1_1=1
x_7_3_2=1
x_8_1_2=1
x_9_4_0=1
x_10_1_3=1
x_11_0_1=1
x_12_0_2=1
x_13_0_3=1
x_14_2_2=1
d_0=3.400
d_1=2.400
d_2=4.000
d_3=1.333
d_4=1.400
d_5=1.000
d_6=0.667
d_7=1.000
d_8=1.667
d_10=1.600
d_11=1.000
d_12=2.000
d_13=1.000
d_14=0.400
d_x_0=1.400
d_x_1=1.400
d_x_2=1.500
d_x_3=0.667
d_x_4=0.400
d_x_5=0.333
d_x_6=0.333
d_x_8=0.333
d_x_10=0.600
d_x_11=0.667
d_x_12=0.667
d_x_13=0.500
d_x_14=0.400
d_y_0=2.000
d_y_1=1.000
d_y_2=2.500
d_y_3=0.667
d_y_4=1.000
d_y_5=0.667
d_y_6=0.333
d_y_7=1.000
d_y_8=1.333
d_y_10=1.000
d_y_11=0.333
d_y_12=1.333
d_y_13=0.500
normalized distance of container 0 : 0.37777777777777777
normalized distance of container 1 : 0.26666666666666633
normalized distance of container 2 : 0.44444444444444403
normalized distance of container 3 : 0.14814814814814814
normalized distance of container 4 : 0.155555555555555
normalized distance of container 5 : 0.11111111111111058
normalized distance of container 6 : 0.07407407407407342
normalized distance of container 7 : 0.1111111111111111
normalized distance of container 8 : 0.18518518518518373
normalized distance of container 9 : 0.0
normalized distance of container 10 : 0.17777777777777778
normalized distance of container 11 : 0.11111111111111058
normalized distance of container 12 : 0.2222222222222213
normalized distance of container 13 : 0.11111111111110913
normalized distance of container 14 : 0.044444444444443496
