Number of initial container : 0
Number of new container : 10
Total number of containers : 10
Level_num : 9
Container_level : [5, 7, 1, 3, 3, 4, 1, 9, 2, 7]
ideal_configuration : 
 [[0. 0. 0. 0. 0. 0.]
 [5. 0. 0. 0. 0. 0.]
 [3. 7. 0. 0. 0. 0.]
 [1. 3. 7. 0. 0. 0.]
 [1. 2. 4. 9. 0. 0.]]
Centroid : {5: (0.0, 3.0), 7: (1.5, 1.5), 1: (0.0, 0.5), 3: (0.5, 1.5), 4: (2.0, 0.0), 9: (3.0, 0.0), 2: (1.0, 0.0)}
Repeat number : 7
Original weight : [14.87, 17.39, 6.3, 11.11, 9.9, 12.9, 6.2, 20.8, 8.97, 18.51]
Sequence : [1, 2, 3, 4, 5, 6, 7, 8, 9, 10]
Emergency : [0, 0, 0, 0, 0, 0, 0, 0, 0, 0]
Time taken to solve the MIP model : 0.0098 seconds
min_d : 0, max_d : 9
---------------------------------
solution for: IP model
objective: 0
status: OPTIMAL_SOLUTION(2)
x_0_0_0=1
x_1_0_1=1
x_2_1_0=1
x_3_1_1=1
x_4_2_0=1
x_5_1_2=1
x_6_4_0=1
x_7_0_2=1
x_8_3_0=1
x_9_5_0=1
d_0=3.000
d_1=3.000
d_2=2.000
d_3=2.000
d_4=4.000
d_5=3.000
d_6=5.000
d_7=5.000
d_8=2.000
d_9=6.000
d_x_1=2.000
d_x_2=1.000
d_x_3=1.000
d_x_4=2.000
d_x_5=1.000
d_x_6=4.000
d_x_7=3.000
d_x_8=2.000
d_x_9=4.000
d_y_0=3.000
d_y_1=1.000
d_y_2=1.000
d_y_3=1.000
d_y_4=2.000
d_y_5=2.000
d_y_6=1.000
d_y_7=2.000
d_y_9=2.000
normalized distance of container 0 : 0.3333333333333333
normalized distance of container 1 : 0.3333333333333333
normalized distance of container 2 : 0.2222222222222222
normalized distance of container 3 : 0.2222222222222222
normalized distance of container 4 : 0.4444444444444444
normalized distance of container 5 : 0.3333333333333333
normalized distance of container 6 : 0.5555555555555556
normalized distance of container 7 : 0.5555555555555556
normalized distance of container 8 : 0.2222222222222222
normalized distance of container 9 : 0.6666666666666666
