Number of initial container : 0
Number of new container : 23
Total number of containers : 23
Level_num : 9
Container_level : [8, 8, 3, 3, 8, 8, 1, 8, 1, 1, 6, 3, 8, 1, 6, 3, 8, 9, 1, 6, 3, 3, 1]
ideal_configuration : 
 [[3. 8. 8. 0. 0. 0.]
 [3. 3. 8. 8. 0. 0.]
 [1. 3. 6. 8. 9. 0.]
 [1. 1. 3. 6. 8. 0.]
 [1. 1. 1. 3. 6. 8.]]
Centroid : {8: (2.857142857142857, 2.4285714285714284), 3: (1.1666666666666667, 2.1666666666666665), 1: (0.6666666666666666, 0.6666666666666666), 6: (3.0, 1.0), 9: (4.0, 2.0)}
Repeat number : 3
Original weight : [5.47, 8.58, 22.86, 14.16, 11.79, 13.66, 15.64, 5.56, 7.37, 23.52, 17.99, 21.81, 7.4, 7.31, 5.48, 23.15, 15.12, 20.54, 5.37, 15.19, 7.51, 13.74, 14.79]
Group : [3, 3, 1, 1, 3, 3, 0, 3, 0, 0, 2, 1, 3, 0, 2, 1, 3, 3, 0, 2, 1, 1, 0]
Sequence : [1, 2, 3, 4, 5, 6, 7, 8, 9, 10, 11, 12, 13, 14, 15, 16, 17, 18, 19, 20, 21, 22, 23]
Scroe : [305.47, 308.58, 122.86, 114.16, 311.79, 313.66, 15.64, 305.56, 7.37, 23.52, 217.99, 121.81, 307.4, 7.31, 205.48, 123.15, 315.12, 320.54, 5.37, 215.19, 107.51, 113.74, 14.79]
Time taken to solve the MIP model : 19.8297 seconds
min_d : 0, max_d : 9
---------------------------------
solution for: IP model
objective: 4
x_0_5_0=1
x_1_5_1=1
x_2_0_0=1
x_3_2_0=1
x_4_5_2=1
x_5_5_3=1
x_6_2_1=1
x_7_0_1=1
x_8_3_0=1
x_9_3_1=1
x_10_2_2=1
x_11_3_2=1
x_12_0_2=1
x_13_1_0=1
x_14_2_3=1
x_15_3_3=1
x_16_0_3=1
x_17_5_4=1
x_18_4_0=1
x_19_3_4=1
x_20_4_1=1
x_21_4_2=1
x_22_1_1=1
r_2_0=1
r_2_1=1
r_2_2=1
r_2_3=1
d_0=6.000
d_1=5.000
d_2=5.000
d_3=4.000
d_4=4.000
d_5=4.000
d_6=3.000
d_7=5.000
d_8=4.000
d_9=4.000
d_10=2.000
d_11=3.000
d_12=4.000
d_13=2.000
d_14=3.000
d_15=3.000
d_16=4.000
d_17=3.000
d_18=5.000
d_19=3.000
d_20=5.000
d_21=4.000
d_22=2.000
d_x_0=3.000
d_x_1=3.000
d_x_2=2.000
d_x_3=1.000
d_x_4=3.000
d_x_5=3.000
d_x_6=2.000
d_x_7=3.000
d_x_8=3.000
d_x_9=3.000
d_x_10=1.000
d_x_11=2.000
d_x_12=3.000
d_x_13=1.000
d_x_14=1.000
d_x_15=2.000
d_x_16=3.000
d_x_17=1.000
d_x_18=4.000
d_x_20=3.000
d_x_21=3.000
d_x_22=1.000
d_y_0=3.000
d_y_1=2.000
d_y_2=3.000
d_y_3=3.000
d_y_4=1.000
d_y_5=1.000
d_y_6=1.000
d_y_7=2.000
d_y_8=1.000
d_y_9=1.000
d_y_10=1.000
d_y_11=1.000
d_y_12=1.000
d_y_13=1.000
d_y_14=2.000
d_y_15=1.000
d_y_16=1.000
d_y_17=2.000
d_y_18=1.000
d_y_19=3.000
d_y_20=2.000
d_y_21=1.000
d_y_22=1.000
normalized distance of container 0 : 0.6666666666666666
normalized distance of container 1 : 0.5555555555555556
normalized distance of container 2 : 0.5555555555555556
normalized distance of container 3 : 0.4444444444444444
normalized distance of container 4 : 0.4444444444444444
normalized distance of container 5 : 0.4444444444444444
normalized distance of container 6 : 0.3333333333333333
normalized distance of container 7 : 0.5555555555555556
normalized distance of container 8 : 0.4444444444444444
normalized distance of container 9 : 0.4444444444444444
normalized distance of container 10 : 0.2222222222222222
normalized distance of container 11 : 0.3333333333333333
normalized distance of container 12 : 0.4444444444444444
normalized distance of container 13 : 0.2222222222222222
normalized distance of container 14 : 0.3333333333333333
normalized distance of container 15 : 0.3333333333333333
normalized distance of container 16 : 0.4444444444444444
normalized distance of container 17 : 0.3333333333333333
normalized distance of container 18 : 0.5555555555555556
normalized distance of container 19 : 0.3333333333333333
normalized distance of container 20 : 0.5555555555555556
normalized distance of container 21 : 0.4444444444444444
normalized distance of container 22 : 0.2222222222222222
