Number of initial container : 0
Number of new container : 23
Total number of containers : 23
Level_num : 9
Container_level : [6, 3, 1, 8, 1, 9, 8, 6, 1, 3, 6, 8, 8, 8, 1, 1, 1, 8, 8, 1, 3, 3, 3]
ideal_configuration : 
 [[3. 8. 8. 0. 0. 0.]
 [1. 3. 8. 8. 0. 0.]
 [1. 3. 6. 8. 9. 0.]
 [1. 1. 3. 6. 8. 0.]
 [1. 1. 1. 3. 6. 8.]]
Centroid : {6: (3.0, 1.0), 3: (1.4, 2.0), 1: (0.5714285714285714, 1.0), 8: (2.857142857142857, 2.4285714285714284), 9: (4.0, 2.0)}
Repeat number : 29
Original weight : [21.6, 15.4, 6.24, 13.45, 22.65, 19.25, 6.02, 7.38, 8.21, 10.58, 21.8, 15.52, 5.12, 14.36, 20.22, 22.6, 5.96, 15.44, 9.1, 15.14, 12.77, 17.47, 14.6]
Group : [2, 1, 0, 3, 0, 3, 3, 2, 0, 1, 2, 3, 3, 3, 0, 0, 0, 3, 3, 0, 1, 1, 1]
Sequence : [1, 2, 3, 4, 5, 6, 7, 8, 9, 10, 11, 12, 13, 14, 15, 16, 17, 18, 19, 20, 21, 22, 23]
Scroe : [221.6, 115.4, 6.24, 313.45, 22.65, 319.25, 306.02, 207.38, 8.21, 110.58, 221.8, 315.52, 305.12, 314.36, 20.22, 22.6, 5.96, 315.44, 309.1, 15.14, 112.77, 117.47, 114.6]
Time taken to solve the MIP model : 0.2696 seconds
min_d : 0, max_d : 9
---------------------------------
solution for: IP model
objective: 0
x_0_1_0=1
x_1_3_0=1
x_2_2_0=1
x_3_1_1=1
x_4_5_0=1
x_5_1_2=1
x_6_0_0=1
x_7_3_1=1
x_8_2_1=1
x_9_5_1=1
x_10_5_2=1
x_11_0_1=1
x_12_5_3=1
x_13_3_2=1
x_14_2_2=1
x_15_2_3=1
x_16_4_0=1
x_17_3_3=1
x_18_5_4=1
x_19_4_1=1
x_20_4_2=1
x_21_4_3=1
x_22_2_4=1
d_0=3.000
d_1=4.000
d_2=3.000
d_3=4.000
d_4=6.000
d_5=3.000
d_6=6.000
d_8=2.000
d_9=5.000
d_10=3.000
d_11=5.000
d_12=4.000
d_13=2.000
d_14=3.000
d_15=4.000
d_16=5.000
d_17=2.000
d_18=5.000
d_19=4.000
d_20=3.000
d_21=4.000
d_22=3.000
d_x_0=2.000
d_x_1=2.000
d_x_2=2.000
d_x_3=2.000
d_x_4=5.000
d_x_5=3.000
d_x_6=3.000
d_x_8=2.000
d_x_9=4.000
d_x_10=2.000
d_x_11=3.000
d_x_12=3.000
d_x_13=1.000
d_x_14=2.000
d_x_15=2.000
d_x_16=4.000
d_x_17=1.000
d_x_18=3.000
d_x_19=4.000
d_x_20=3.000
d_x_21=3.000
d_x_22=1.000
d_y_0=1.000
d_y_1=2.000
d_y_2=1.000
d_y_3=2.000
d_y_4=1.000
d_y_6=3.000
d_y_9=1.000
d_y_10=1.000
d_y_11=2.000
d_y_12=1.000
d_y_13=1.000
d_y_14=1.000
d_y_15=2.000
d_y_16=1.000
d_y_17=1.000
d_y_18=2.000
d_y_21=1.000
d_y_22=2.000
normalized distance of container 0 : 0.3333333333333333
normalized distance of container 1 : 0.4444444444444444
normalized distance of container 2 : 0.3333333333333333
normalized distance of container 3 : 0.4444444444444444
normalized distance of container 4 : 0.6666666666666666
normalized distance of container 5 : 0.3333333333333333
normalized distance of container 6 : 0.6666666666666666
normalized distance of container 7 : 0.0
normalized distance of container 8 : 0.2222222222222222
normalized distance of container 9 : 0.5555555555555556
normalized distance of container 10 : 0.3333333333333333
normalized distance of container 11 : 0.5555555555555556
normalized distance of container 12 : 0.4444444444444444
normalized distance of container 13 : 0.2222222222222222
normalized distance of container 14 : 0.3333333333333333
normalized distance of container 15 : 0.4444444444444444
normalized distance of container 16 : 0.5555555555555556
normalized distance of container 17 : 0.2222222222222222
normalized distance of container 18 : 0.5555555555555556
normalized distance of container 19 : 0.4444444444444444
normalized distance of container 20 : 0.3333333333333333
normalized distance of container 21 : 0.4444444444444444
normalized distance of container 22 : 0.3333333333333333
