Number of initial container : 0
Number of new container : 23
Total number of containers : 23
Level_num : 9
Container_level : [3, 9, 6, 6, 6, 3, 1, 8, 1, 8, 3, 3, 1, 1, 3, 3, 6, 3, 6, 8, 1, 3, 3]
ideal_configuration : 
 [[3. 6. 8. 0. 0. 0.]
 [3. 3. 6. 8. 0. 0.]
 [1. 3. 3. 6. 9. 0.]
 [1. 1. 3. 3. 6. 0.]
 [1. 1. 3. 3. 6. 8.]]
Centroid : {3: (1.5555555555555556, 1.7777777777777777), 9: (4.0, 2.0), 6: (2.8, 2.0), 1: (0.4, 0.8), 8: (3.3333333333333335, 2.3333333333333335)}
Repeat number : 16
Original weight : [18.71, 22.18, 23.69, 18.32, 14.96, 22.36, 5.35, 21.1, 14.53, 20.86, 17.99, 16.01, 20.71, 18.03, 22.58, 14.22, 20.92, 22.38, 16.51, 11.28, 7.59, 21.65, 14.64]
Group : [1, 3, 2, 2, 2, 1, 0, 3, 0, 3, 1, 1, 0, 0, 1, 1, 2, 1, 2, 3, 0, 1, 1]
Sequence : [1, 2, 3, 4, 5, 6, 7, 8, 9, 10, 11, 12, 13, 14, 15, 16, 17, 18, 19, 20, 21, 22, 23]
Scroe : [118.71000000000001, 322.18, 223.69, 218.32, 214.96, 122.36, 5.35, 321.1, 14.53, 320.86, 117.99, 116.01, 20.71, 18.03, 122.58, 114.22, 220.92000000000002, 122.38, 216.51, 311.28, 7.59, 121.65, 114.64]
Time taken to solve the MIP model : 1863.1324 seconds
min_d : 0, max_d : 9
---------------------------------
solution for: IP model
objective: 8
x_0_3_0=1
x_1_4_0=1
x_2_4_1=1
x_3_3_1=1
x_4_2_0=1
x_5_2_1=1
x_6_1_0=1
x_7_4_2=1
x_8_0_0=1
x_9_3_2=1
x_10_2_2=1
x_11_2_3=1
x_12_0_1=1
x_13_5_0=1
x_14_5_1=1
x_15_0_2=1
x_16_5_2=1
x_17_0_3=1
x_18_0_4=1
x_19_5_3=1
x_20_1_1=1
x_21_2_4=1
x_22_1_2=1
r_2_0=1
r_2_1=1
r_2_2=1
r_2_3=1
r_2_4=1
r_4_0=1
r_4_1=1
r_4_2=1
d_0=4.000
d_1=2.000
d_2=3.000
d_3=2.000
d_4=3.000
d_5=2.000
d_6=2.000
d_7=2.000
d_8=2.000
d_9=2.000
d_10=2.000
d_11=3.000
d_12=2.000
d_13=6.000
d_14=5.000
d_15=3.000
d_16=3.000
d_17=4.000
d_18=5.000
d_19=3.000
d_20=2.000
d_21=4.000
d_22=2.000
d_x_0=2.000
d_x_2=2.000
d_x_3=1.000
d_x_4=1.000
d_x_5=1.000
d_x_6=1.000
d_x_7=1.000
d_x_8=1.000
d_x_9=1.000
d_x_10=1.000
d_x_11=1.000
d_x_12=1.000
d_x_13=5.000
d_x_14=4.000
d_x_15=2.000
d_x_16=3.000
d_x_17=2.000
d_x_18=3.000
d_x_19=2.000
d_x_20=1.000
d_x_21=1.000
d_x_22=1.000
d_y_0=2.000
d_y_1=2.000
d_y_2=1.000
d_y_3=1.000
d_y_4=2.000
d_y_5=1.000
d_y_6=1.000
d_y_7=1.000
d_y_8=1.000
d_y_9=1.000
d_y_10=1.000
d_y_11=2.000
d_y_12=1.000
d_y_13=1.000
d_y_14=1.000
d_y_15=1.000
d_y_17=2.000
d_y_18=2.000
d_y_19=1.000
d_y_20=1.000
d_y_21=3.000
d_y_22=1.000
normalized distance of container 0 : 0.4444444444444444
normalized distance of container 1 : 0.2222222222222222
normalized distance of container 2 : 0.3333333333333333
normalized distance of container 3 : 0.2222222222222222
normalized distance of container 4 : 0.3333333333333333
normalized distance of container 5 : 0.2222222222222222
normalized distance of container 6 : 0.2222222222222222
normalized distance of container 7 : 0.2222222222222222
normalized distance of container 8 : 0.2222222222222222
normalized distance of container 9 : 0.2222222222222222
normalized distance of container 10 : 0.2222222222222222
normalized distance of container 11 : 0.3333333333333333
normalized distance of container 12 : 0.2222222222222222
normalized distance of container 13 : 0.6666666666666666
normalized distance of container 14 : 0.5555555555555556
normalized distance of container 15 : 0.3333333333333333
normalized distance of container 16 : 0.3333333333333333
normalized distance of container 17 : 0.4444444444444444
normalized distance of container 18 : 0.5555555555555556
normalized distance of container 19 : 0.3333333333333333
normalized distance of container 20 : 0.2222222222222222
normalized distance of container 21 : 0.4444444444444444
normalized distance of container 22 : 0.2222222222222222
