Number of initial container : 0
Number of new container : 23
Total number of containers : 23
Level_num : 9
Container_level : [6, 8, 1, 3, 6, 6, 1, 8, 8, 1, 6, 1, 6, 3, 6, 9, 8, 6, 8, 3, 3, 8, 3]
ideal_configuration : 
 [[6. 6. 8. 0. 0. 0.]
 [3. 6. 8. 8. 0. 0.]
 [1. 3. 6. 8. 9. 0.]
 [1. 3. 3. 6. 8. 0.]
 [1. 1. 3. 6. 6. 8.]]
Centroid : {6: (2.0, 2.0), 8: (3.1666666666666665, 2.1666666666666665), 1: (0.25, 0.75), 3: (1.2, 1.4), 9: (4.0, 2.0)}
Repeat number : 12
Original weight : [6.29, 7.73, 14.1, 13.99, 21.95, 12.89, 11.4, 9.09, 20.81, 9.19, 22.81, 12.04, 9.21, 9.73, 6.89, 22.02, 11.0, 7.05, 5.15, 18.23, 5.94, 12.43, 18.95]
Group : [2, 3, 0, 1, 2, 2, 0, 3, 3, 0, 2, 0, 2, 1, 2, 3, 3, 2, 3, 1, 1, 3, 1]
Sequence : [1, 2, 3, 4, 5, 6, 7, 8, 9, 10, 11, 12, 13, 14, 15, 16, 17, 18, 19, 20, 21, 22, 23]
Scroe : [206.29, 307.73, 14.1, 113.99, 221.95, 212.89, 11.4, 309.09, 320.81, 9.19, 222.81, 12.04, 209.21, 109.73, 206.89, 322.02, 311.0, 207.05, 305.15, 118.23, 105.94, 312.43, 118.95]
Time taken to solve the MIP model : 184.2167 seconds
min_d : 0, max_d : 9
---------------------------------
solution for: IP model
objective: 2
x_0_1_0=1
x_1_2_0=1
x_2_0_0=1
x_3_0_1=1
x_4_1_1=1
x_5_0_2=1
x_6_4_0=1
x_7_2_1=1
x_8_2_2=1
x_9_3_0=1
x_10_0_3=1
x_11_5_0=1
x_12_3_1=1
x_13_5_1=1
x_14_5_2=1
x_15_0_4=1
x_16_1_2=1
x_17_5_3=1
x_18_5_4=1
x_19_3_2=1
x_20_4_1=1
x_21_1_3=1
x_22_4_2=1
r_3_1=1
r_3_2=1
d_0=3.000
d_1=5.000
d_2=2.000
d_3=3.000
d_4=2.000
d_5=2.000
d_6=5.000
d_7=4.000
d_8=3.000
d_9=4.000
d_10=3.000
d_11=6.000
d_12=2.000
d_13=5.000
d_14=3.000
d_15=6.000
d_16=4.000
d_17=4.000
d_18=4.000
d_19=3.000
d_20=4.000
d_21=4.000
d_22=4.000
d_x_0=1.000
d_x_1=2.000
d_x_2=1.000
d_x_3=2.000
d_x_4=1.000
d_x_5=2.000
d_x_6=4.000
d_x_7=2.000
d_x_8=2.000
d_x_9=3.000
d_x_10=2.000
d_x_11=5.000
d_x_12=1.000
d_x_13=4.000
d_x_14=3.000
d_x_15=4.000
d_x_16=3.000
d_x_17=3.000
d_x_18=2.000
d_x_19=2.000
d_x_20=3.000
d_x_21=3.000
d_x_22=3.000
d_y_0=2.000
d_y_1=3.000
d_y_2=1.000
d_y_3=1.000
d_y_4=1.000
d_y_6=1.000
d_y_7=2.000
d_y_8=1.000
d_y_9=1.000
d_y_10=1.000
d_y_11=1.000
d_y_12=1.000
d_y_13=1.000
d_y_15=2.000
d_y_16=1.000
d_y_17=1.000
d_y_18=2.000
d_y_19=1.000
d_y_20=1.000
d_y_21=1.000
d_y_22=1.000
normalized distance of container 0 : 0.3333333333333333
normalized distance of container 1 : 0.5555555555555556
normalized distance of container 2 : 0.2222222222222222
normalized distance of container 3 : 0.3333333333333333
normalized distance of container 4 : 0.2222222222222222
normalized distance of container 5 : 0.2222222222222222
normalized distance of container 6 : 0.5555555555555556
normalized distance of container 7 : 0.4444444444444444
normalized distance of container 8 : 0.3333333333333333
normalized distance of container 9 : 0.4444444444444444
normalized distance of container 10 : 0.3333333333333333
normalized distance of container 11 : 0.6666666666666666
normalized distance of container 12 : 0.2222222222222222
normalized distance of container 13 : 0.5555555555555556
normalized distance of container 14 : 0.3333333333333333
normalized distance of container 15 : 0.6666666666666666
normalized distance of container 16 : 0.4444444444444444
normalized distance of container 17 : 0.4444444444444444
normalized distance of container 18 : 0.4444444444444444
normalized distance of container 19 : 0.3333333333333333
normalized distance of container 20 : 0.4444444444444444
normalized distance of container 21 : 0.4444444444444444
normalized distance of container 22 : 0.4444444444444444
