Number of initial container : 0
Number of new container : 23
Total number of containers : 23
Level_num : 9
Container_level : [1, 3, 1, 8, 8, 1, 6, 1, 6, 3, 3, 6, 9, 8, 1, 1, 6, 1, 3, 3, 3, 1, 1]
ideal_configuration : 
 [[3. 6. 8. 0. 0. 0.]
 [1. 3. 6. 8. 0. 0.]
 [1. 1. 3. 6. 9. 0.]
 [1. 1. 1. 3. 6. 0.]
 [1. 1. 1. 3. 3. 8.]]
Centroid : {1: (0.7777777777777778, 1.1111111111111112), 3: (2.1666666666666665, 1.6666666666666667), 8: (3.3333333333333335, 2.3333333333333335), 6: (2.5, 2.5), 9: (4.0, 2.0)}
Repeat number : 24
Original weight : [15.76, 5.79, 6.81, 17.18, 6.01, 21.18, 18.59, 15.03, 17.49, 23.58, 11.26, 12.39, 23.06, 14.97, 17.53, 17.24, 9.12, 8.96, 7.39, 21.45, 13.56, 8.19, 6.79]
Group : [0, 1, 0, 3, 3, 0, 2, 0, 2, 1, 1, 2, 3, 3, 0, 0, 2, 0, 1, 1, 1, 0, 0]
Sequence : [1, 2, 3, 4, 5, 6, 7, 8, 9, 10, 11, 12, 13, 14, 15, 16, 17, 18, 19, 20, 21, 22, 23]
Scroe : [15.76, 105.79, 6.81, 317.18, 306.01, 21.18, 218.59, 15.03, 217.49, 123.58, 111.26, 212.39, 323.06, 314.97, 17.53, 17.24, 209.12, 8.96, 107.39, 121.45, 113.56, 8.19, 6.79]
Time taken to solve the MIP model : 61229.2308 seconds
min_d : 0, max_d : 9
---------------------------------
solution for: IP model
objective: 8
x_0_3_0=1
x_1_3_1=1
x_2_1_0=1
x_3_4_0=1
x_4_4_1=1
x_5_1_1=1
x_6_4_2=1
x_7_2_0=1
x_8_4_3=1
x_9_1_2=1
x_10_3_2=1
x_11_3_3=1
x_12_4_4=1
x_13_3_4=1
x_14_2_1=1
x_15_0_0=1
x_16_1_3=1
x_17_5_0=1
x_18_0_1=1
x_19_0_2=1
x_20_2_2=1
x_21_5_1=1
x_22_5_2=1
r_4_0=1
r_4_1=1
r_4_2=1
r_4_3=1
r_4_4=1
r_5_0=1
r_5_1=1
r_5_2=1
d_0=5.000
d_1=2.000
d_2=3.000
d_3=4.000
d_4=3.000
d_5=2.000
d_6=3.000
d_7=4.000
d_8=3.000
d_9=3.000
d_10=2.000
d_11=2.000
d_12=2.000
d_13=3.000
d_14=3.000
d_15=3.000
d_16=3.000
d_17=7.000
d_18=4.000
d_19=4.000
d_20=2.000
d_21=6.000
d_22=6.000
d_x_0=3.000
d_x_1=1.000
d_x_2=1.000
d_x_3=1.000
d_x_4=1.000
d_x_5=1.000
d_x_6=2.000
d_x_7=2.000
d_x_8=2.000
d_x_9=2.000
d_x_10=1.000
d_x_11=1.000
d_x_13=1.000
d_x_14=2.000
d_x_15=1.000
d_x_16=2.000
d_x_17=5.000
d_x_18=3.000
d_x_19=3.000
d_x_20=1.000
d_x_21=5.000
d_x_22=5.000
d_y_0=2.000
d_y_1=1.000
d_y_2=2.000
d_y_3=3.000
d_y_4=2.000
d_y_5=1.000
d_y_6=1.000
d_y_7=2.000
d_y_8=1.000
d_y_9=1.000
d_y_10=1.000
d_y_11=1.000
d_y_12=2.000
d_y_13=2.000
d_y_14=1.000
d_y_15=2.000
d_y_16=1.000
d_y_17=2.000
d_y_18=1.000
d_y_19=1.000
d_y_20=1.000
d_y_21=1.000
d_y_22=1.000
normalized distance of container 0 : 0.5555555555555556
normalized distance of container 1 : 0.2222222222222222
normalized distance of container 2 : 0.3333333333333333
normalized distance of container 3 : 0.4444444444444444
normalized distance of container 4 : 0.3333333333333333
normalized distance of container 5 : 0.2222222222222222
normalized distance of container 6 : 0.3333333333333333
normalized distance of container 7 : 0.4444444444444444
normalized distance of container 8 : 0.3333333333333333
normalized distance of container 9 : 0.3333333333333333
normalized distance of container 10 : 0.2222222222222222
normalized distance of container 11 : 0.2222222222222222
normalized distance of container 12 : 0.2222222222222222
normalized distance of container 13 : 0.3333333333333333
normalized distance of container 14 : 0.3333333333333333
normalized distance of container 15 : 0.3333333333333333
normalized distance of container 16 : 0.3333333333333333
normalized distance of container 17 : 0.7777777777777778
normalized distance of container 18 : 0.4444444444444444
normalized distance of container 19 : 0.4444444444444444
normalized distance of container 20 : 0.2222222222222222
normalized distance of container 21 : 0.6666666666666666
normalized distance of container 22 : 0.6666666666666666
