Number of initial container : 0
Number of new container : 23
Total number of containers : 23
Level_num : 9
Container_level : [6, 3, 9, 6, 1, 3, 8, 1, 8, 8, 3, 3, 1, 6, 1, 6, 3, 1, 6, 3, 1, 1, 8]
ideal_configuration : 
 [[3. 6. 8. 0. 0. 0.]
 [1. 3. 6. 8. 0. 0.]
 [1. 3. 3. 6. 9. 0.]
 [1. 1. 3. 6. 8. 0.]
 [1. 1. 1. 3. 6. 8.]]
Centroid : {6: (2.6, 2.0), 3: (1.5, 2.0), 9: (4.0, 2.0), 1: (0.5714285714285714, 1.0), 8: (3.5, 2.0)}
Repeat number : 10
Original weight : [13.8, 23.44, 17.43, 8.83, 19.88, 17.57, 9.85, 23.72, 6.6, 9.17, 6.05, 22.34, 14.3, 12.99, 15.71, 12.32, 13.6, 9.98, 23.05, 9.77, 12.94, 19.22, 6.43]
Group : [2, 1, 3, 2, 0, 1, 3, 0, 3, 3, 1, 1, 0, 2, 0, 2, 1, 0, 2, 1, 0, 0, 3]
Sequence : [1, 2, 3, 4, 5, 6, 7, 8, 9, 10, 11, 12, 13, 14, 15, 16, 17, 18, 19, 20, 21, 22, 23]
Scroe : [213.8, 123.44, 317.43, 208.83, 19.88, 117.57, 309.85, 23.72, 306.6, 309.17, 106.05, 122.34, 14.3, 212.99, 15.71, 212.32, 113.6, 9.98, 223.05, 109.77, 12.94, 19.22, 306.43]
Time taken to solve the MIP model : 655.9725 seconds
min_d : 0, max_d : 9
---------------------------------
solution for: IP model
objective: 4
x_0_5_0=1
x_1_0_0=1
x_2_5_1=1
x_3_0_1=1
x_4_4_0=1
x_5_4_1=1
x_6_5_2=1
x_7_1_0=1
x_8_0_2=1
x_9_0_3=1
x_10_1_1=1
x_11_4_2=1
x_12_2_0=1
x_13_4_3=1
x_14_2_1=1
x_15_4_4=1
x_16_2_2=1
x_17_3_0=1
x_18_2_3=1
x_19_1_2=1
x_20_3_1=1
x_21_3_2=1
x_22_2_4=1
r_4_3=1
r_4_4=1
r_5_1=1
r_5_2=1
d_0=5.000
d_1=4.000
d_2=2.000
d_3=4.000
d_4=5.000
d_5=4.000
d_6=2.000
d_7=2.000
d_8=4.000
d_9=5.000
d_10=2.000
d_11=3.000
d_12=3.000
d_13=3.000
d_14=2.000
d_15=4.000
d_16=1.000
d_17=4.000
d_18=2.000
d_19=1.000
d_20=3.000
d_21=4.000
d_22=4.000
d_x_0=3.000
d_x_1=2.000
d_x_2=1.000
d_x_3=3.000
d_x_4=4.000
d_x_5=3.000
d_x_6=2.000
d_x_7=1.000
d_x_8=4.000
d_x_9=4.000
d_x_10=1.000
d_x_11=3.000
d_x_12=2.000
d_x_13=2.000
d_x_14=2.000
d_x_15=2.000
d_x_16=1.000
d_x_17=3.000
d_x_18=1.000
d_x_19=1.000
d_x_20=3.000
d_x_21=3.000
d_x_22=2.000
d_y_0=2.000
d_y_1=2.000
d_y_2=1.000
d_y_3=1.000
d_y_4=1.000
d_y_5=1.000
d_y_7=1.000
d_y_9=1.000
d_y_10=1.000
d_y_12=1.000
d_y_13=1.000
d_y_15=2.000
d_y_17=1.000
d_y_18=1.000
d_y_21=1.000
d_y_22=2.000
normalized distance of container 0 : 0.5555555555555556
normalized distance of container 1 : 0.4444444444444444
normalized distance of container 2 : 0.2222222222222222
normalized distance of container 3 : 0.4444444444444444
normalized distance of container 4 : 0.5555555555555556
normalized distance of container 5 : 0.4444444444444444
normalized distance of container 6 : 0.2222222222222222
normalized distance of container 7 : 0.2222222222222222
normalized distance of container 8 : 0.4444444444444444
normalized distance of container 9 : 0.5555555555555556
normalized distance of container 10 : 0.2222222222222222
normalized distance of container 11 : 0.3333333333333333
normalized distance of container 12 : 0.3333333333333333
normalized distance of container 13 : 0.3333333333333333
normalized distance of container 14 : 0.2222222222222222
normalized distance of container 15 : 0.4444444444444444
normalized distance of container 16 : 0.1111111111111111
normalized distance of container 17 : 0.4444444444444444
normalized distance of container 18 : 0.2222222222222222
normalized distance of container 19 : 0.1111111111111111
normalized distance of container 20 : 0.3333333333333333
normalized distance of container 21 : 0.4444444444444444
normalized distance of container 22 : 0.4444444444444444
