Number of initial container : 0
Number of new container : 23
Total number of containers : 23
Level_num : 9
Container_level : [6, 3, 3, 6, 6, 8, 6, 8, 8, 8, 8, 6, 1, 8, 1, 3, 8, 3, 9, 8, 1, 8, 8]
ideal_configuration : 
 [[6. 8. 8. 0. 0. 0.]
 [3. 6. 8. 8. 0. 0.]
 [3. 6. 8. 8. 9. 0.]
 [1. 3. 6. 8. 8. 0.]
 [1. 1. 3. 6. 8. 8.]]
Centroid : {6: (1.4, 2.0), 3: (0.75, 1.5), 8: (2.9, 2.0), 1: (0.3333333333333333, 0.3333333333333333), 9: (4.0, 2.0)}
Repeat number : 8
Original weight : [12.31, 11.36, 8.42, 20.62, 18.14, 19.29, 20.3, 19.38, 10.62, 7.89, 17.39, 21.49, 16.47, 13.7, 5.77, 20.57, 18.31, 14.35, 22.54, 21.44, 14.61, 11.71, 14.64]
Group : [2, 1, 1, 2, 2, 3, 2, 3, 3, 3, 3, 2, 0, 3, 0, 1, 3, 1, 3, 3, 0, 3, 3]
Sequence : [1, 2, 3, 4, 5, 6, 7, 8, 9, 10, 11, 12, 13, 14, 15, 16, 17, 18, 19, 20, 21, 22, 23]
Scroe : [212.31, 111.36, 108.42, 220.62, 218.14, 319.29, 220.3, 319.38, 310.62, 307.89, 317.39, 221.49, 16.47, 313.7, 5.77, 120.57, 318.31, 114.35, 322.54, 321.44, 14.61, 311.71, 314.64]
Time taken to solve the MIP model : 28.3316 seconds
min_d : 0, max_d : 9
---------------------------------
solution for: IP model
objective: 2
x_0_0_0=1
x_1_3_0=1
x_2_4_0=1
x_3_0_1=1
x_4_2_0=1
x_5_3_1=1
x_6_4_1=1
x_7_3_2=1
x_8_0_2=1
x_9_2_1=1
x_10_0_3=1
x_11_4_2=1
x_12_1_0=1
x_13_4_3=1
x_14_5_0=1
x_15_1_1=1
x_16_0_4=1
x_17_5_1=1
x_18_3_3=1
x_19_2_2=1
x_20_5_2=1
x_21_1_2=1
x_22_4_4=1
r_5_1=1
r_5_2=1
d_0=4.000
d_1=5.000
d_2=6.000
d_3=3.000
d_4=3.000
d_5=2.000
d_6=4.000
d_7=1.000
d_8=3.000
d_9=2.000
d_10=4.000
d_11=3.000
d_12=2.000
d_13=3.000
d_14=6.000
d_15=2.000
d_16=5.000
d_17=6.000
d_18=2.000
d_19=1.000
d_20=7.000
d_21=2.000
d_22=4.000
d_x_0=2.000
d_x_1=3.000
d_x_2=4.000
d_x_3=2.000
d_x_4=1.000
d_x_5=1.000
d_x_6=3.000
d_x_7=1.000
d_x_8=3.000
d_x_9=1.000
d_x_10=3.000
d_x_11=3.000
d_x_12=1.000
d_x_13=2.000
d_x_14=5.000
d_x_15=1.000
d_x_16=3.000
d_x_17=5.000
d_x_18=1.000
d_x_19=1.000
d_x_20=5.000
d_x_21=2.000
d_x_22=2.000
d_y_0=2.000
d_y_1=2.000
d_y_2=2.000
d_y_3=1.000
d_y_4=2.000
d_y_5=1.000
d_y_6=1.000
d_y_9=1.000
d_y_10=1.000
d_y_12=1.000
d_y_13=1.000
d_y_14=1.000
d_y_15=1.000
d_y_16=2.000
d_y_17=1.000
d_y_18=1.000
d_y_20=2.000
d_y_22=2.000
normalized distance of container 0 : 0.4444444444444444
normalized distance of container 1 : 0.5555555555555556
normalized distance of container 2 : 0.6666666666666666
normalized distance of container 3 : 0.3333333333333333
normalized distance of container 4 : 0.3333333333333333
normalized distance of container 5 : 0.2222222222222222
normalized distance of container 6 : 0.4444444444444444
normalized distance of container 7 : 0.1111111111111111
normalized distance of container 8 : 0.3333333333333333
normalized distance of container 9 : 0.2222222222222222
normalized distance of container 10 : 0.4444444444444444
normalized distance of container 11 : 0.3333333333333333
normalized distance of container 12 : 0.2222222222222222
normalized distance of container 13 : 0.3333333333333333
normalized distance of container 14 : 0.6666666666666666
normalized distance of container 15 : 0.2222222222222222
normalized distance of container 16 : 0.5555555555555556
normalized distance of container 17 : 0.6666666666666666
normalized distance of container 18 : 0.2222222222222222
normalized distance of container 19 : 0.1111111111111111
normalized distance of container 20 : 0.7777777777777778
normalized distance of container 21 : 0.2222222222222222
normalized distance of container 22 : 0.4444444444444444
