Number of initial container : 0
Number of new container : 23
Total number of containers : 23
Level_num : 9
Container_level : [6, 8, 3, 6, 3, 9, 1, 3, 8, 8, 6, 1, 8, 8, 8, 6, 6, 3, 3, 1, 6, 8, 6]
ideal_configuration : 
 [[6. 8. 8. 0. 0. 0.]
 [3. 6. 8. 8. 0. 0.]
 [3. 3. 6. 8. 9. 0.]
 [1. 3. 6. 6. 8. 0.]
 [1. 1. 3. 6. 6. 8.]]
Centroid : {6: (2.142857142857143, 1.5714285714285714), 8: (2.857142857142857, 2.4285714285714284), 3: (0.8, 1.6), 9: (4.0, 2.0), 1: (0.3333333333333333, 0.3333333333333333)}
Repeat number : 23
Original weight : [7.28, 20.23, 18.75, 6.39, 12.77, 23.42, 13.88, 20.62, 17.89, 15.79, 22.65, 9.91, 7.64, 15.35, 9.84, 18.2, 18.24, 6.92, 18.56, 13.47, 20.45, 22.52, 6.33]
Group : [2, 3, 1, 2, 1, 3, 0, 1, 3, 3, 2, 0, 3, 3, 3, 2, 2, 1, 1, 0, 2, 3, 2]
Sequence : [1, 2, 3, 4, 5, 6, 7, 8, 9, 10, 11, 12, 13, 14, 15, 16, 17, 18, 19, 20, 21, 22, 23]
Scroe : [207.28, 320.23, 118.75, 206.39, 112.77, 323.42, 13.88, 120.62, 317.89, 315.79, 222.65, 9.91, 307.64, 315.35, 309.84, 218.2, 218.24, 106.92, 118.56, 13.47, 220.45, 322.52, 206.33]
Time taken to solve the MIP model : 311.7710 seconds
min_d : 0, max_d : 9
---------------------------------
solution for: IP model
objective: 3
x_0_2_0=1
x_1_2_1=1
x_2_3_0=1
x_3_1_0=1
x_4_5_0=1
x_5_2_2=1
x_6_0_0=1
x_7_3_1=1
x_8_3_2=1
x_9_3_3=1
x_10_1_1=1
x_11_4_0=1
x_12_1_2=1
x_13_1_3=1
x_14_3_4=1
x_15_5_1=1
x_16_5_2=1
x_17_0_1=1
x_18_0_2=1
x_19_4_1=1
x_20_0_3=1
x_21_5_3=1
x_22_4_2=1
r_3_2=1
r_3_3=1
r_3_4=1
d_0=3.000
d_1=3.000
d_2=5.000
d_3=4.000
d_4=7.000
d_5=2.000
d_6=2.000
d_7=4.000
d_8=2.000
d_9=2.000
d_10=3.000
d_11=5.000
d_12=3.000
d_13=3.000
d_14=3.000
d_15=4.000
d_16=4.000
d_17=2.000
d_18=2.000
d_19=5.000
d_20=5.000
d_21=4.000
d_22=3.000
d_x_0=1.000
d_x_1=1.000
d_x_2=3.000
d_x_3=2.000
d_x_4=5.000
d_x_5=2.000
d_x_6=1.000
d_x_7=3.000
d_x_8=1.000
d_x_9=1.000
d_x_10=2.000
d_x_11=4.000
d_x_12=2.000
d_x_13=2.000
d_x_14=1.000
d_x_15=3.000
d_x_16=3.000
d_x_17=1.000
d_x_18=1.000
d_x_19=4.000
d_x_20=3.000
d_x_21=3.000
d_x_22=2.000
d_y_0=2.000
d_y_1=2.000
d_y_2=2.000
d_y_3=2.000
d_y_4=2.000
d_y_6=1.000
d_y_7=1.000
d_y_8=1.000
d_y_9=1.000
d_y_10=1.000
d_y_11=1.000
d_y_12=1.000
d_y_13=1.000
d_y_14=2.000
d_y_15=1.000
d_y_16=1.000
d_y_17=1.000
d_y_18=1.000
d_y_19=1.000
d_y_20=2.000
d_y_21=1.000
d_y_22=1.000
normalized distance of container 0 : 0.3333333333333333
normalized distance of container 1 : 0.3333333333333333
normalized distance of container 2 : 0.5555555555555556
normalized distance of container 3 : 0.4444444444444444
normalized distance of container 4 : 0.7777777777777778
normalized distance of container 5 : 0.2222222222222222
normalized distance of container 6 : 0.2222222222222222
normalized distance of container 7 : 0.4444444444444444
normalized distance of container 8 : 0.2222222222222222
normalized distance of container 9 : 0.2222222222222222
normalized distance of container 10 : 0.3333333333333333
normalized distance of container 11 : 0.5555555555555556
normalized distance of container 12 : 0.3333333333333333
normalized distance of container 13 : 0.3333333333333333
normalized distance of container 14 : 0.3333333333333333
normalized distance of container 15 : 0.4444444444444444
normalized distance of container 16 : 0.4444444444444444
normalized distance of container 17 : 0.2222222222222222
normalized distance of container 18 : 0.2222222222222222
normalized distance of container 19 : 0.5555555555555556
normalized distance of container 20 : 0.5555555555555556
normalized distance of container 21 : 0.4444444444444444
normalized distance of container 22 : 0.3333333333333333
