Number of initial container : 0
Number of new container : 23
Total number of containers : 23
Level_num : 9
Container_level : [1, 9, 8, 6, 6, 1, 3, 8, 1, 4, 6, 1, 8, 1, 6, 1, 1, 1, 3, 1, 1, 6, 1]
ideal_configuration : 
 [[1. 6. 8. 0. 0. 0.]
 [1. 3. 6. 8. 0. 0.]
 [1. 1. 3. 6. 9. 0.]
 [1. 1. 1. 4. 6. 0.]
 [1. 1. 1. 1. 6. 8.]]
Centroid : {1: (0.9090909090909091, 1.2727272727272727), 9: (4.0, 2.0), 8: (3.3333333333333335, 2.3333333333333335), 6: (2.8, 2.0), 3: (1.5, 2.5), 4: (3.0, 1.0)}
Repeat number : 30
Original weight : [5.89, 13.63, 6.85, 16.05, 15.24, 9.52, 17.42, 12.78, 13.72, 23.11, 7.64, 8.9, 8.98, 5.1, 12.78, 23.32, 13.13, 16.5, 11.06, 19.14, 8.82, 8.65, 10.19]
Group : [0, 3, 3, 2, 2, 0, 1, 3, 0, 1, 2, 0, 3, 0, 2, 0, 0, 0, 1, 0, 0, 2, 0]
Sequence : [1, 2, 3, 4, 5, 6, 7, 8, 9, 10, 11, 12, 13, 14, 15, 16, 17, 18, 19, 20, 21, 22, 23]
Scroe : [5.89, 313.63, 306.85, 216.05, 215.24, 9.52, 117.42, 312.78, 13.72, 123.11, 207.64, 8.9, 308.98, 5.1, 212.78, 23.32, 13.13, 16.5, 111.06, 19.14, 8.82, 208.65, 10.19]
Time taken to solve the MIP model : 198.7516 seconds
min_d : 0, max_d : 9
---------------------------------
solution for: IP model
objective: 4
x_0_2_0=1
x_1_4_0=1
x_2_4_1=1
x_3_4_2=1
x_4_2_1=1
x_5_1_0=1
x_6_1_1=1
x_7_4_3=1
x_8_5_0=1
x_9_1_2=1
x_10_1_3=1
x_11_0_0=1
x_12_2_2=1
x_13_3_0=1
x_14_1_4=1
x_15_5_1=1
x_16_0_1=1
x_17_0_2=1
x_18_5_2=1
x_19_0_3=1
x_20_3_1=1
x_21_0_4=1
x_22_3_2=1
r_4_0=1
r_4_1=1
r_4_2=1
r_4_3=1
d_0=4.000
d_1=2.000
d_2=3.000
d_3=2.000
d_4=2.000
d_5=3.000
d_6=3.000
d_7=2.000
d_8=7.000
d_9=3.000
d_10=3.000
d_11=3.000
d_12=3.000
d_13=5.000
d_14=4.000
d_15=6.000
d_16=2.000
d_17=2.000
d_18=5.000
d_19=3.000
d_20=4.000
d_21=5.000
d_22=4.000
d_x_0=2.000
d_x_2=1.000
d_x_3=2.000
d_x_4=1.000
d_x_5=1.000
d_x_6=1.000
d_x_7=1.000
d_x_8=5.000
d_x_9=2.000
d_x_10=2.000
d_x_11=1.000
d_x_12=2.000
d_x_13=3.000
d_x_14=2.000
d_x_15=5.000
d_x_16=1.000
d_x_17=1.000
d_x_18=4.000
d_x_19=1.000
d_x_20=3.000
d_x_21=3.000
d_x_22=3.000
d_y_0=2.000
d_y_1=2.000
d_y_2=2.000
d_y_4=1.000
d_y_5=2.000
d_y_6=2.000
d_y_7=1.000
d_y_8=2.000
d_y_9=1.000
d_y_10=1.000
d_y_11=2.000
d_y_12=1.000
d_y_13=2.000
d_y_14=2.000
d_y_15=1.000
d_y_16=1.000
d_y_17=1.000
d_y_18=1.000
d_y_19=2.000
d_y_20=1.000
d_y_21=2.000
d_y_22=1.000
normalized distance of container 0 : 0.4444444444444444
normalized distance of container 1 : 0.2222222222222222
normalized distance of container 2 : 0.3333333333333333
normalized distance of container 3 : 0.2222222222222222
normalized distance of container 4 : 0.2222222222222222
normalized distance of container 5 : 0.3333333333333333
normalized distance of container 6 : 0.3333333333333333
normalized distance of container 7 : 0.2222222222222222
normalized distance of container 8 : 0.7777777777777778
normalized distance of container 9 : 0.3333333333333333
normalized distance of container 10 : 0.3333333333333333
normalized distance of container 11 : 0.3333333333333333
normalized distance of container 12 : 0.3333333333333333
normalized distance of container 13 : 0.5555555555555556
normalized distance of container 14 : 0.4444444444444444
normalized distance of container 15 : 0.6666666666666666
normalized distance of container 16 : 0.2222222222222222
normalized distance of container 17 : 0.2222222222222222
normalized distance of container 18 : 0.5555555555555556
normalized distance of container 19 : 0.3333333333333333
normalized distance of container 20 : 0.4444444444444444
normalized distance of container 21 : 0.5555555555555556
normalized distance of container 22 : 0.4444444444444444
