Number of initial container : 0
Number of new container : 23
Total number of containers : 23
Level_num : 9
Container_level : [3, 1, 1, 6, 6, 9, 3, 3, 8, 6, 1, 6, 8, 3, 1, 1, 1, 3, 6, 1, 6, 1, 1]
ideal_configuration : 
 [[3. 6. 8. 0. 0. 0.]
 [1. 3. 6. 8. 0. 0.]
 [1. 1. 3. 6. 9. 0.]
 [1. 1. 1. 3. 6. 0.]
 [1. 1. 1. 3. 6. 6.]]
Centroid : {3: (1.8, 2.0), 1: (0.7777777777777778, 1.1111111111111112), 6: (3.1666666666666665, 1.6666666666666667), 9: (4.0, 2.0), 8: (2.5, 3.5)}
Repeat number : 1
Original weight : [9.31, 5.2, 7.55, 9.4, 13.68, 16.07, 15.26, 8.97, 9.18, 16.1, 21.89, 18.32, 6.94, 13.12, 9.9, 5.19, 19.04, 6.28, 16.22, 16.48, 13.82, 11.52, 14.48]
Group : [1, 0, 0, 2, 2, 3, 1, 1, 3, 2, 0, 2, 3, 1, 0, 0, 0, 1, 2, 0, 2, 0, 0]
Sequence : [1, 2, 3, 4, 5, 6, 7, 8, 9, 10, 11, 12, 13, 14, 15, 16, 17, 18, 19, 20, 21, 22, 23]
Scroe : [109.31, 5.2, 7.55, 209.4, 213.68, 316.07, 115.26, 108.97, 309.18, 216.1, 21.89, 218.32, 306.94, 113.12, 9.9, 5.19, 19.04, 106.28, 216.22, 16.48, 213.82, 11.52, 14.48]
Time taken to solve the MIP model : 860.5631 seconds
min_d : 0, max_d : 9
---------------------------------
solution for: IP model
objective: 3
x_0_2_0=1
x_1_5_0=1
x_2_5_1=1
x_3_5_2=1
x_4_5_3=1
x_5_5_4=1
x_6_2_1=1
x_7_0_0=1
x_8_2_2=1
x_9_0_1=1
x_10_1_0=1
x_11_0_2=1
x_12_0_3=1
x_13_1_1=1
x_14_3_0=1
x_15_4_0=1
x_16_3_1=1
x_17_3_2=1
x_18_1_2=1
x_19_4_1=1
x_20_3_3=1
x_21_4_2=1
x_22_4_3=1
r_4_1=1
r_4_2=1
r_4_3=1
d_0=3.000
d_1=7.000
d_2=6.000
d_3=3.000
d_4=4.000
d_5=3.000
d_6=2.000
d_7=4.000
d_8=3.000
d_9=5.000
d_10=3.000
d_11=5.000
d_12=4.000
d_13=2.000
d_14=5.000
d_15=6.000
d_16=4.000
d_17=2.000
d_18=4.000
d_19=5.000
d_20=3.000
d_21=5.000
d_22=6.000
d_x_0=1.000
d_x_1=5.000
d_x_2=5.000
d_x_3=2.000
d_x_4=2.000
d_x_5=1.000
d_x_6=1.000
d_x_7=2.000
d_x_8=1.000
d_x_9=4.000
d_x_10=1.000
d_x_11=4.000
d_x_12=3.000
d_x_13=1.000
d_x_14=3.000
d_x_15=4.000
d_x_16=3.000
d_x_17=2.000
d_x_18=3.000
d_x_19=4.000
d_x_20=1.000
d_x_21=4.000
d_x_22=4.000
d_y_0=2.000
d_y_1=2.000
d_y_2=1.000
d_y_3=1.000
d_y_4=2.000
d_y_5=2.000
d_y_6=1.000
d_y_7=2.000
d_y_8=2.000
d_y_9=1.000
d_y_10=2.000
d_y_11=1.000
d_y_12=1.000
d_y_13=1.000
d_y_14=2.000
d_y_15=2.000
d_y_16=1.000
d_y_18=1.000
d_y_19=1.000
d_y_20=2.000
d_y_21=1.000
d_y_22=2.000
normalized distance of container 0 : 0.3333333333333333
normalized distance of container 1 : 0.7777777777777778
normalized distance of container 2 : 0.6666666666666666
normalized distance of container 3 : 0.3333333333333333
normalized distance of container 4 : 0.4444444444444444
normalized distance of container 5 : 0.3333333333333333
normalized distance of container 6 : 0.2222222222222222
normalized distance of container 7 : 0.4444444444444444
normalized distance of container 8 : 0.3333333333333333
normalized distance of container 9 : 0.5555555555555556
normalized distance of container 10 : 0.3333333333333333
normalized distance of container 11 : 0.5555555555555556
normalized distance of container 12 : 0.4444444444444444
normalized distance of container 13 : 0.2222222222222222
normalized distance of container 14 : 0.5555555555555556
normalized distance of container 15 : 0.6666666666666666
normalized distance of container 16 : 0.4444444444444444
normalized distance of container 17 : 0.2222222222222222
normalized distance of container 18 : 0.4444444444444444
normalized distance of container 19 : 0.5555555555555556
normalized distance of container 20 : 0.3333333333333333
normalized distance of container 21 : 0.5555555555555556
normalized distance of container 22 : 0.6666666666666666
