Number of initial container : 5
Number of new container : 15
Total number of containers : 20
Level_num : 9
Container_level : [1, 6, 8, 6, 3, 1, 1, 1, 6, 3, 6, 9, 6, 8, 1, 6, 8, 1, 8, 1]
ideal_configuration : 
 [[6. 8. 0. 0. 0. 0.]
 [1. 6. 8. 0. 0. 0.]
 [1. 3. 6. 8. 0. 0.]
 [1. 1. 3. 6. 8. 0.]
 [1. 1. 1. 6. 6. 9.]]
Centroid : {1: (0.5714285714285714, 1.0), 6: (2.1666666666666665, 1.6666666666666667), 8: (2.5, 2.5), 3: (1.5, 1.5), 9: (5.0, 0.0)}
Repeat number : 14
Original weight : [17.49, 8.39, 9.4, 22.58, 11.35, 14.15, 23.26, 17.31, 12.47, 10.41, 6.79, 18.49, 9.5, 15.1, 22.08, 7.4, 5.38, 10.85, 12.88, 15.68]
Group : [0, 2, 3, 2, 1, 0, 0, 0, 2, 1, 2, 3, 2, 3, 0, 2, 3, 0, 3, 0]
Sequence : [0, 0, 0, 0, 0, 1, 2, 3, 4, 5, 6, 7, 8, 9, 10, 11, 12, 13, 14, 15]
Scroe : [17.49, 208.39, 309.4, 222.57999999999998, 111.35, 14.15, 23.26, 17.31, 212.47, 110.41, 206.79, 318.49, 209.5, 315.1, 22.08, 207.4, 305.38, 10.85, 312.88, 15.68]
Time taken to solve the MIP model : 0.2103 seconds
min_d : 0, max_d : 9
---------------------------------
solution for: IP model
objective: 0
x_0_2_0=1
x_1_1_0=1
x_2_1_1=1
x_3_3_0=1
x_4_0_0=1
x_5_4_0=1
x_6_2_1=1
x_7_4_1=1
x_8_0_1=1
x_9_2_2=1
x_10_2_3=1
x_11_0_2=1
x_12_2_4=1
x_13_1_2=1
x_14_4_2=1
x_15_4_3=1
x_16_3_1=1
x_17_5_0=1
x_18_3_2=1
x_19_5_1=1
d_0=3.000
d_1=4.000
d_2=4.000
d_3=3.000
d_4=4.000
d_5=5.000
d_6=2.000
d_7=4.000
d_8=4.000
d_9=2.000
d_10=3.000
d_11=7.000
d_12=4.000
d_13=3.000
d_14=5.000
d_15=4.000
d_16=3.000
d_17=6.000
d_18=2.000
d_19=5.000
d_x_0=2.000
d_x_1=2.000
d_x_2=2.000
d_x_3=1.000
d_x_4=2.000
d_x_5=4.000
d_x_6=2.000
d_x_7=4.000
d_x_8=3.000
d_x_9=1.000
d_x_10=1.000
d_x_11=5.000
d_x_12=1.000
d_x_13=2.000
d_x_14=4.000
d_x_15=2.000
d_x_16=1.000
d_x_17=5.000
d_x_18=1.000
d_x_19=5.000
d_y_0=1.000
d_y_1=2.000
d_y_2=2.000
d_y_3=2.000
d_y_4=2.000
d_y_5=1.000
d_y_8=1.000
d_y_9=1.000
d_y_10=2.000
d_y_11=2.000
d_y_12=3.000
d_y_13=1.000
d_y_14=1.000
d_y_15=2.000
d_y_16=2.000
d_y_17=1.000
d_y_18=1.000
normalized distance of container 0 : 0.3333333333333333
normalized distance of container 1 : 0.4444444444444444
normalized distance of container 2 : 0.4444444444444444
normalized distance of container 3 : 0.3333333333333333
normalized distance of container 4 : 0.4444444444444444
normalized distance of container 5 : 0.5555555555555556
normalized distance of container 6 : 0.2222222222222222
normalized distance of container 7 : 0.4444444444444444
normalized distance of container 8 : 0.4444444444444444
normalized distance of container 9 : 0.2222222222222222
normalized distance of container 10 : 0.3333333333333333
normalized distance of container 11 : 0.7777777777777778
normalized distance of container 12 : 0.4444444444444444
normalized distance of container 13 : 0.3333333333333333
normalized distance of container 14 : 0.5555555555555556
normalized distance of container 15 : 0.4444444444444444
normalized distance of container 16 : 0.3333333333333333
normalized distance of container 17 : 0.6666666666666666
normalized distance of container 18 : 0.2222222222222222
normalized distance of container 19 : 0.5555555555555556
