Number of initial container : 5
Number of new container : 15
Total number of containers : 20
Level_num : 9
Container_level : [1, 3, 6, 1, 3, 6, 8, 8, 1, 3, 9, 6, 1, 1, 3, 1, 8, 1, 8, 1]
ideal_configuration : 
 [[3. 8. 0. 0. 0. 0.]
 [1. 3. 8. 0. 0. 0.]
 [1. 1. 6. 8. 0. 0.]
 [1. 1. 3. 6. 8. 0.]
 [1. 1. 1. 3. 6. 9.]]
Centroid : {1: (0.625, 1.125), 3: (1.5, 2.0), 6: (3.0, 1.0), 8: (2.5, 2.5), 9: (5.0, 0.0)}
Repeat number : 23
Original weight : [10.23, 19.25, 17.65, 6.78, 21.81, 21.51, 8.04, 18.43, 9.99, 6.2, 20.11, 14.23, 10.17, 23.01, 11.03, 6.61, 13.76, 14.77, 14.58, 12.23]
Group : [0, 1, 2, 0, 1, 2, 3, 3, 0, 1, 3, 2, 0, 0, 1, 0, 3, 0, 3, 0]
Sequence : [0, 0, 0, 0, 0, 1, 2, 3, 4, 5, 6, 7, 8, 9, 10, 11, 12, 13, 14, 15]
Scroe : [10.23, 119.25, 217.65, 6.78, 121.81, 221.51, 308.04, 318.43, 9.99, 106.2, 320.11, 214.23, 10.17, 23.01, 111.03, 6.61, 313.76, 14.77, 314.58, 12.23]
Time taken to solve the MIP model : 0.1022 seconds
min_d : 0, max_d : 9
---------------------------------
solution for: IP model
objective: 2
x_0_4_0=1
x_1_1_0=1
x_2_2_0=1
x_3_0_0=1
x_4_5_0=1
x_5_2_1=1
x_6_2_2=1
x_7_5_1=1
x_8_0_1=1
x_9_4_1=1
x_10_5_2=1
x_11_1_1=1
x_12_0_2=1
x_13_0_3=1
x_14_0_4=1
x_15_3_0=1
x_16_2_3=1
x_17_4_2=1
x_18_1_2=1
x_19_3_1=1
r_4_1=1
r_4_2=1
d_0=6.000
d_1=3.000
d_2=2.000
d_3=3.000
d_4=6.000
d_5=1.000
d_6=2.000
d_7=5.000
d_8=2.000
d_9=4.000
d_10=2.000
d_11=2.000
d_12=2.000
d_13=3.000
d_14=4.000
d_15=5.000
d_16=2.000
d_17=5.000
d_18=3.000
d_19=4.000
d_x_0=4.000
d_x_1=1.000
d_x_2=1.000
d_x_3=1.000
d_x_4=4.000
d_x_5=1.000
d_x_6=1.000
d_x_7=3.000
d_x_8=1.000
d_x_9=3.000
d_x_11=2.000
d_x_12=1.000
d_x_13=1.000
d_x_14=2.000
d_x_15=3.000
d_x_16=1.000
d_x_17=4.000
d_x_18=2.000
d_x_19=3.000
d_y_0=2.000
d_y_1=2.000
d_y_2=1.000
d_y_3=2.000
d_y_4=2.000
d_y_6=1.000
d_y_7=2.000
d_y_8=1.000
d_y_9=1.000
d_y_10=2.000
d_y_12=1.000
d_y_13=2.000
d_y_14=2.000
d_y_15=2.000
d_y_16=1.000
d_y_17=1.000
d_y_18=1.000
d_y_19=1.000
normalized distance of container 0 : 0.6666666666666666
normalized distance of container 1 : 0.3333333333333333
normalized distance of container 2 : 0.2222222222222222
normalized distance of container 3 : 0.3333333333333333
normalized distance of container 4 : 0.6666666666666666
normalized distance of container 5 : 0.1111111111111111
normalized distance of container 6 : 0.2222222222222222
normalized distance of container 7 : 0.5555555555555556
normalized distance of container 8 : 0.2222222222222222
normalized distance of container 9 : 0.4444444444444444
normalized distance of container 10 : 0.2222222222222222
normalized distance of container 11 : 0.2222222222222222
normalized distance of container 12 : 0.2222222222222222
normalized distance of container 13 : 0.3333333333333333
normalized distance of container 14 : 0.4444444444444444
normalized distance of container 15 : 0.5555555555555556
normalized distance of container 16 : 0.2222222222222222
normalized distance of container 17 : 0.5555555555555556
normalized distance of container 18 : 0.3333333333333333
normalized distance of container 19 : 0.4444444444444444
