Number of initial container : 5
Number of new container : 15
Total number of containers : 20
Level_num : 9
Container_level : [1, 8, 3, 8, 1, 6, 3, 6, 8, 8, 1, 6, 6, 9, 3, 3, 3, 8, 8, 8]
ideal_configuration : 
 [[6. 8. 0. 0. 0. 0.]
 [3. 6. 8. 0. 0. 0.]
 [3. 3. 8. 8. 0. 0.]
 [1. 3. 6. 8. 8. 0.]
 [1. 1. 3. 6. 8. 9.]]
Centroid : {1: (0.3333333333333333, 0.3333333333333333), 8: (2.7142857142857144, 1.8571428571428572), 3: (0.8, 1.6), 6: (1.5, 2.0), 9: (5.0, 0.0)}
Repeat number : 13
Original weight : [13.7, 16.39, 19.92, 19.33, 6.29, 22.88, 12.91, 20.92, 13.53, 8.93, 12.24, 21.68, 10.13, 23.61, 23.48, 19.74, 8.55, 14.6, 5.34, 14.1]
Group : [0, 3, 1, 3, 0, 2, 1, 2, 3, 3, 0, 2, 2, 3, 1, 1, 1, 3, 3, 3]
Sequence : [0, 0, 0, 0, 0, 1, 2, 3, 4, 5, 6, 7, 8, 9, 10, 11, 12, 13, 14, 15]
Scroe : [13.7, 316.39, 119.92, 319.33, 6.29, 222.88, 112.91, 220.92000000000002, 313.53, 308.93, 12.24, 221.68, 210.13, 323.61, 123.48, 119.74, 108.55, 314.6, 305.34, 314.1]
Time taken to solve the MIP model : 0.4385 seconds
min_d : 0, max_d : 9
---------------------------------
solution for: IP model
objective: 5
x_0_5_0=1
x_1_3_0=1
x_2_2_0=1
x_3_3_1=1
x_4_5_1=1
x_5_4_0=1
x_6_0_0=1
x_7_0_1=1
x_8_4_1=1
x_9_2_1=1
x_10_1_0=1
x_11_0_2=1
x_12_1_1=1
x_13_3_2=1
x_14_5_2=1
x_15_5_3=1
x_16_5_4=1
x_17_4_2=1
x_18_1_2=1
x_19_0_3=1
r_5_0=1
r_5_1=1
r_5_2=1
r_5_3=1
r_5_4=1
d_0=6.000
d_1=3.000
d_2=4.000
d_3=2.000
d_4=6.000
d_5=5.000
d_6=3.000
d_7=3.000
d_8=3.000
d_9=2.000
d_10=2.000
d_11=2.000
d_12=2.000
d_13=4.000
d_14=6.000
d_15=7.000
d_16=8.000
d_17=3.000
d_18=3.000
d_19=5.000
d_x_0=5.000
d_x_1=1.000
d_x_2=2.000
d_x_3=1.000
d_x_4=5.000
d_x_5=3.000
d_x_6=1.000
d_x_7=2.000
d_x_8=2.000
d_x_9=1.000
d_x_10=1.000
d_x_11=2.000
d_x_12=1.000
d_x_13=2.000
d_x_14=5.000
d_x_15=5.000
d_x_16=5.000
d_x_17=2.000
d_x_18=2.000
d_x_19=3.000
d_y_0=1.000
d_y_1=2.000
d_y_2=2.000
d_y_3=1.000
d_y_4=1.000
d_y_5=2.000
d_y_6=2.000
d_y_7=1.000
d_y_8=1.000
d_y_9=1.000
d_y_10=1.000
d_y_12=1.000
d_y_13=2.000
d_y_14=1.000
d_y_15=2.000
d_y_16=3.000
d_y_17=1.000
d_y_18=1.000
d_y_19=2.000
normalized distance of container 0 : 0.6666666666666666
normalized distance of container 1 : 0.3333333333333333
normalized distance of container 2 : 0.4444444444444444
normalized distance of container 3 : 0.2222222222222222
normalized distance of container 4 : 0.6666666666666666
normalized distance of container 5 : 0.5555555555555556
normalized distance of container 6 : 0.3333333333333333
normalized distance of container 7 : 0.3333333333333333
normalized distance of container 8 : 0.3333333333333333
normalized distance of container 9 : 0.2222222222222222
normalized distance of container 10 : 0.2222222222222222
normalized distance of container 11 : 0.2222222222222222
normalized distance of container 12 : 0.2222222222222222
normalized distance of container 13 : 0.4444444444444444
normalized distance of container 14 : 0.6666666666666666
normalized distance of container 15 : 0.7777777777777778
normalized distance of container 16 : 0.8888888888888888
normalized distance of container 17 : 0.3333333333333333
normalized distance of container 18 : 0.3333333333333333
normalized distance of container 19 : 0.5555555555555556
