Number of initial container : 5
Number of new container : 15
Total number of containers : 20
Level_num : 9
Container_level : [1, 1, 9, 3, 8, 3, 1, 1, 3, 6, 6, 6, 1, 1, 6, 1, 6, 6, 1, 3]
ideal_configuration : 
 [[3. 6. 0. 0. 0. 0.]
 [1. 3. 6. 0. 0. 0.]
 [1. 1. 6. 6. 0. 0.]
 [1. 1. 3. 6. 8. 0.]
 [1. 1. 1. 3. 6. 9.]]
Centroid : {1: (0.625, 1.125), 9: (5.0, 0.0), 3: (1.5, 2.0), 8: (4.0, 1.0), 6: (2.5, 2.0)}
Repeat number : 9
Original weight : [17.03, 19.44, 15.87, 5.98, 10.62, 15.16, 12.99, 10.23, 8.52, 21.3, 23.9, 11.14, 6.16, 8.62, 19.47, 14.38, 21.99, 16.26, 14.04, 11.25]
Group : [0, 0, 3, 1, 3, 1, 0, 0, 1, 2, 2, 2, 0, 0, 2, 0, 2, 2, 0, 1]
Sequence : [0, 0, 0, 0, 0, 1, 2, 3, 4, 5, 6, 7, 8, 9, 10, 11, 12, 13, 14, 15]
Scroe : [17.03, 19.44, 315.87, 105.98, 310.62, 115.16, 12.99, 10.23, 108.52, 221.3, 223.9, 211.14, 6.16, 8.62, 219.47, 14.38, 221.99, 216.26, 14.04, 111.25]
Time taken to solve the MIP model : 0.2778 seconds
min_d : 0, max_d : 9
---------------------------------
solution for: IP model
objective: 7
x_0_0_0=1
x_1_5_0=1
x_2_3_0=1
x_3_0_1=1
x_4_1_0=1
x_5_5_1=1
x_6_4_0=1
x_7_4_1=1
x_8_0_2=1
x_9_3_1=1
x_10_1_1=1
x_11_5_2=1
x_12_2_0=1
x_13_2_1=1
x_14_5_3=1
x_15_4_2=1
x_16_5_4=1
x_17_0_3=1
x_18_2_2=1
x_19_2_3=1
r_1_0=1
r_1_1=1
r_3_0=1
r_3_1=1
r_4_0=1
r_4_1=1
r_4_2=1
d_0=3.000
d_1=7.000
d_2=2.000
d_3=3.000
d_4=4.000
d_5=5.000
d_6=6.000
d_7=5.000
d_8=2.000
d_9=2.000
d_10=3.000
d_11=3.000
d_12=4.000
d_13=3.000
d_14=4.000
d_15=5.000
d_16=5.000
d_17=4.000
d_18=3.000
d_19=2.000
d_x_0=1.000
d_x_1=5.000
d_x_2=2.000
d_x_3=2.000
d_x_4=3.000
d_x_5=4.000
d_x_6=4.000
d_x_7=4.000
d_x_8=2.000
d_x_9=1.000
d_x_10=2.000
d_x_11=3.000
d_x_12=2.000
d_x_13=2.000
d_x_14=3.000
d_x_15=4.000
d_x_16=3.000
d_x_17=3.000
d_x_18=2.000
d_x_19=1.000
d_y_0=2.000
d_y_1=2.000
d_y_3=1.000
d_y_4=1.000
d_y_5=1.000
d_y_6=2.000
d_y_7=1.000
d_y_9=1.000
d_y_10=1.000
d_y_12=2.000
d_y_13=1.000
d_y_14=1.000
d_y_15=1.000
d_y_16=2.000
d_y_17=1.000
d_y_18=1.000
d_y_19=1.000
normalized distance of container 0 : 0.3333333333333333
normalized distance of container 1 : 0.7777777777777778
normalized distance of container 2 : 0.2222222222222222
normalized distance of container 3 : 0.3333333333333333
normalized distance of container 4 : 0.4444444444444444
normalized distance of container 5 : 0.5555555555555556
normalized distance of container 6 : 0.6666666666666666
normalized distance of container 7 : 0.5555555555555556
normalized distance of container 8 : 0.2222222222222222
normalized distance of container 9 : 0.2222222222222222
normalized distance of container 10 : 0.3333333333333333
normalized distance of container 11 : 0.3333333333333333
normalized distance of container 12 : 0.4444444444444444
normalized distance of container 13 : 0.3333333333333333
normalized distance of container 14 : 0.4444444444444444
normalized distance of container 15 : 0.5555555555555556
normalized distance of container 16 : 0.5555555555555556
normalized distance of container 17 : 0.4444444444444444
normalized distance of container 18 : 0.3333333333333333
normalized distance of container 19 : 0.2222222222222222
