Number of initial container : 3
Number of new container : 12
Total number of containers : 15
Level_num : 9
Container_level : [6, 1, 9, 1, 6, 3, 1, 6, 3, 3, 3, 8, 3, 1, 1]
ideal_configuration : 
 [[6. 0. 0. 0. 0. 0.]
 [3. 6. 0. 0. 0. 0.]
 [1. 3. 6. 0. 0. 0.]
 [1. 1. 3. 8. 0. 0.]
 [1. 1. 3. 3. 9. 0.]]
Centroid : {6: (1.0, 3.0), 1: (0.4, 0.8), 9: (4.0, 0.0), 3: (1.6, 1.2), 8: (3.0, 1.0)}
Repeat number : 4
Original weight : [22.72, 22.03, 23.72, 12.53, 5.3, 17.58, 8.44, 14.2, 10.7, 17.91, 7.26, 20.49, 18.75, 18.25, 7.4]
Group : [2, 0, 3, 0, 2, 1, 0, 2, 1, 1, 1, 3, 1, 0, 0]
Sequence : [0, 0, 0, 1, 2, 3, 4, 5, 6, 7, 8, 9, 10, 11, 12]
Scroe : [222.72, 22.03, 323.72, 12.53, 205.3, 117.58, 8.44, 214.2, 110.7, 117.91, 107.26, 320.49, 118.75, 18.25, 7.4]
Time taken to solve the MIP model : 0.0448 seconds
min_d : 0, max_d : 9
---------------------------------
solution for: IP model
objective: 3.13333
x_0_2_0=1
x_1_4_0=1
x_2_4_1=1
x_3_1_0=1
x_4_1_1=1
x_5_1_2=1
x_6_0_0=1
x_7_1_3=1
x_8_3_0=1
x_9_3_1=1
x_10_3_2=1
x_11_2_1=1
x_12_3_3=1
x_13_0_1=1
x_14_0_2=1
r_0_0=1
r_0_1=1
r_0_2=1
r_1_1=1
r_1_2=1
r_1_3=1
r_2_0=1
r_2_1=1
r_3_0=1
r_3_1=1
r_3_2=1
r_3_3=1
r_4_1=1
d_0=4.000
d_1=4.400
d_2=1.000
d_3=1.400
d_4=2.000
d_5=1.400
d_6=1.200
d_8=2.600
d_9=1.600
d_10=2.200
d_11=1.000
d_12=3.200
d_13=0.600
d_14=1.600
d_x_0=1.000
d_x_1=3.600
d_x_3=0.600
d_x_5=0.600
d_x_6=0.400
d_x_8=1.400
d_x_9=1.400
d_x_10=1.400
d_x_11=1.000
d_x_12=1.400
d_x_13=0.400
d_x_14=0.400
d_y_0=3.000
d_y_1=0.800
d_y_2=1.000
d_y_3=0.800
d_y_4=2.000
d_y_5=0.800
d_y_6=0.800
d_y_8=1.200
d_y_9=0.200
d_y_10=0.800
d_y_12=1.800
d_y_13=0.200
d_y_14=1.200
normalized distance of container 0 : 0.4444444444444444
normalized distance of container 1 : 0.48888888888888893
normalized distance of container 2 : 0.1111111111111111
normalized distance of container 3 : 0.15555555555555534
normalized distance of container 4 : 0.2222222222222222
normalized distance of container 5 : 0.1555555555555554
normalized distance of container 6 : 0.13333333333333336
normalized distance of container 7 : 0.0
normalized distance of container 8 : 0.28888888888888836
normalized distance of container 9 : 0.17777777777777684
normalized distance of container 10 : 0.2444444444444432
normalized distance of container 11 : 0.1111111111111111
normalized distance of container 12 : 0.3555555555555546
normalized distance of container 13 : 0.0666666666666658
normalized distance of container 14 : 0.177777777777776
