Number of initial container : 7
Number of new container : 8
Total number of containers : 15
Level_num : 9
Container_level : [1, 1, 1, 6, 6, 8, 9, 8, 1, 3, 6, 6, 8, 3, 6]
ideal_configuration : 
 [[6. 0. 0. 0. 0. 0.]
 [6. 8. 0. 0. 0. 0.]
 [1. 6. 8. 0. 0. 0.]
 [1. 3. 6. 8. 0. 0.]
 [1. 1. 3. 6. 9. 0.]]
Centroid : {1: (0.25, 0.75), 6: (1.2, 2.0), 8: (2.0, 2.0), 9: (4.0, 0.0), 3: (1.5, 0.5)}
Repeat number : 23
Original weight : [11.13, 21.82, 7.28, 10.32, 19.58, 6.54, 23.83, 14.97, 14.16, 13.86, 14.82, 14.9, 20.68, 7.67, 17.78]
Group : [0, 0, 0, 2, 2, 3, 3, 3, 0, 1, 2, 2, 3, 1, 2]
Sequence : [0, 0, 0, 0, 0, 0, 0, 1, 2, 3, 4, 5, 6, 7, 8]
Scroe : [11.13, 21.82, 7.28, 210.32, 219.57999999999998, 306.54, 323.83, 314.97, 14.16, 113.86, 214.82, 214.9, 320.68, 107.67, 217.78]
Time taken to solve the MIP model : 0.0173 seconds
min_d : 0, max_d : 9
---------------------------------
solution for: IP model
objective: 1.87222
x_0_0_0=1
x_1_0_1=1
x_2_5_0=1
x_3_5_1=1
x_4_2_0=1
x_5_3_0=1
x_6_0_2=1
x_7_2_1=1
x_8_1_0=1
x_9_1_1=1
x_10_1_2=1
x_11_1_3=1
x_12_2_2=1
x_13_4_0=1
x_14_1_4=1
d_0=1.000
d_1=0.500
d_2=5.500
d_3=4.800
d_4=2.800
d_5=3.000
d_6=6.000
d_7=1.000
d_8=1.500
d_9=1.000
d_10=0.200
d_11=1.200
d_13=3.000
d_14=2.200
d_x_0=0.250
d_x_1=0.250
d_x_2=4.750
d_x_3=3.800
d_x_4=0.800
d_x_5=1.000
d_x_6=4.000
d_x_8=0.750
d_x_9=0.500
d_x_10=0.200
d_x_11=0.200
d_x_13=2.500
d_x_14=0.200
d_y_0=0.750
d_y_1=0.250
d_y_2=0.750
d_y_3=1.000
d_y_4=2.000
d_y_5=2.000
d_y_6=2.000
d_y_7=1.000
d_y_8=0.750
d_y_9=0.500
d_y_11=1.000
d_y_13=0.500
d_y_14=2.000
normalized distance of container 0 : 0.1111111111111111
normalized distance of container 1 : 0.05555555555555555
normalized distance of container 2 : 0.6111111111111112
normalized distance of container 3 : 0.5333333333333333
normalized distance of container 4 : 0.3111111111111111
normalized distance of container 5 : 0.3333333333333333
normalized distance of container 6 : 0.6666666666666666
normalized distance of container 7 : 0.1111111111111111
normalized distance of container 8 : 0.16666666666666666
normalized distance of container 9 : 0.11111111111111087
normalized distance of container 10 : 0.022222222222221748
normalized distance of container 11 : 0.13333333333333247
normalized distance of container 12 : 0.0
normalized distance of container 13 : 0.33333333333333326
normalized distance of container 14 : 0.24444444444444396
