Number of initial container : 7
Number of new container : 8
Total number of containers : 15
Level_num : 9
Container_level : [3, 8, 6, 8, 1, 6, 1, 8, 1, 9, 3, 3, 3, 8, 3]
ideal_configuration : 
 [[8. 0. 0. 0. 0. 0.]
 [3. 8. 0. 0. 0. 0.]
 [3. 3. 8. 0. 0. 0.]
 [1. 3. 6. 8. 0. 0.]
 [1. 1. 3. 6. 9. 0.]]
Centroid : {3: (0.8, 1.6), 8: (1.5, 2.5), 6: (2.5, 0.5), 1: (0.3333333333333333, 0.3333333333333333), 9: (4.0, 0.0)}
Repeat number : 26
Original weight : [10.86, 14.98, 7.91, 16.56, 7.13, 18.33, 16.15, 5.5, 15.68, 23.32, 12.61, 14.53, 7.45, 11.76, 5.99]
Group : [1, 3, 2, 3, 0, 2, 0, 3, 0, 3, 1, 1, 1, 3, 1]
Sequence : [0, 0, 0, 0, 0, 0, 0, 1, 2, 3, 4, 5, 6, 7, 8]
Scroe : [110.86, 314.98, 207.91, 316.56, 7.13, 218.32999999999998, 16.15, 305.5, 15.68, 323.32, 112.61, 114.53, 107.45, 311.76, 105.99]
Time taken to solve the MIP model : 0.0678 seconds
min_d : 0, max_d : 9
---------------------------------
solution for: IP model
objective: 3.9963
x_0_3_0=1
x_1_5_0=1
x_2_1_0=1
x_3_5_1=1
x_4_4_0=1
x_5_0_0=1
x_6_3_1=1
x_7_1_1=1
x_8_2_0=1
x_9_5_2=1
x_10_2_1=1
x_11_2_2=1
x_12_4_1=1
x_13_1_2=1
x_14_3_2=1
r_3_0=1
r_3_1=1
r_3_2=1
d_0=3.800
d_1=6.000
d_2=2.000
d_3=5.000
d_4=4.000
d_5=3.000
d_6=3.333
d_7=2.000
d_8=2.000
d_9=3.000
d_10=1.800
d_11=1.600
d_12=3.800
d_13=1.000
d_14=2.600
d_x_0=2.200
d_x_1=3.500
d_x_2=1.500
d_x_3=3.500
d_x_4=3.667
d_x_5=2.500
d_x_6=2.667
d_x_7=0.500
d_x_8=1.667
d_x_9=1.000
d_x_10=1.200
d_x_11=1.200
d_x_12=3.200
d_x_13=0.500
d_x_14=2.200
d_y_0=1.600
d_y_1=2.500
d_y_2=0.500
d_y_3=1.500
d_y_4=0.333
d_y_5=0.500
d_y_6=0.667
d_y_7=1.500
d_y_8=0.333
d_y_9=2.000
d_y_10=0.600
d_y_11=0.400
d_y_12=0.600
d_y_13=0.500
d_y_14=0.400
normalized distance of container 0 : 0.4222222222222223
normalized distance of container 1 : 0.6666666666666666
normalized distance of container 2 : 0.2222222222222222
normalized distance of container 3 : 0.5555555555555556
normalized distance of container 4 : 0.4444444444444444
normalized distance of container 5 : 0.3333333333333333
normalized distance of container 6 : 0.37037037037037035
normalized distance of container 7 : 0.22222222222222202
normalized distance of container 8 : 0.2222222222222222
normalized distance of container 9 : 0.3333333333333333
normalized distance of container 10 : 0.2
normalized distance of container 11 : 0.1777777777777775
normalized distance of container 12 : 0.4222222222222223
normalized distance of container 13 : 0.11111111111111012
normalized distance of container 14 : 0.28888888888888853
