Number of initial container : 0
Number of new container : 25
Total number of containers : 25
Level_num : 9
Container_level : [3, 5, 5, 7, 3, 8, 4, 4, 3, 8, 6, 5, 4, 4, 2, 9, 4, 6, 3, 3, 4, 2, 8, 1, 1]
ideal_configuration : 
 [[4. 5. 7. 9. 0. 0.]
 [3. 4. 5. 8. 0. 0.]
 [2. 3. 4. 5. 8. 0.]
 [1. 3. 3. 4. 6. 8.]
 [1. 2. 3. 4. 4. 6.]]
Centroid : {3: (2.2, 1.4), 5: (3.0, 3.0), 7: (3.0, 4.0), 8: (5.0, 2.0), 4: (3.1666666666666665, 1.6666666666666667), 6: (5.5, 0.5), 2: (1.5, 1.0), 9: (4.0, 4.0), 1: (1.0, 0.5)}
Repeat number : 12
Original weight : [12.28, 15.49, 16.85, 21.3, 11.1, 23.77, 13.59, 13.88, 10.87, 23.5, 17.13, 15.99, 12.82, 12.94, 9.61, 23.86, 14.06, 18.33, 10.33, 10.3, 12.37, 8.2, 22.65, 5.39, 5.87]
Sequence : [1, 2, 3, 4, 5, 6, 7, 8, 9, 10, 11, 12, 13, 14, 15, 16, 17, 18, 19, 20, 21, 22, 23, 24, 25]
Emergency : [0, 0, 0, 0, 0, 0, 0, 0, 0, 0, 0, 0, 0, 0, 0, 0, 0, 0, 0, 0, 0, 0, 0, 0, 0]
Time taken to solve the MIP model : 2.9983 seconds
min_d : 0, max_d : 9
---------------------------------
solution for: IP model
objective: 4.07407
x_1_3_0=1
x_2_3_1=1
x_3_3_2=1
x_4_3_3=1
x_5_2_0=1
x_6_5_0=1
x_7_4_0=1
x_8_4_1=1
x_9_2_1=1
x_10_5_1=1
x_11_6_0=1
x_12_3_4=1
x_13_4_2=1
x_14_4_3=1
x_15_1_0=1
x_16_4_4=1
x_17_5_2=1
x_18_6_1=1
x_19_2_2=1
x_20_2_3=1
x_21_5_3=1
x_22_1_1=1
x_23_6_2=1
x_24_1_2=1
x_25_1_3=1
r_1_0=1
r_1_1=1
r_1_2=1
r_1_3=1
r_2_0=1
r_2_1=1
r_2_2=1
r_2_3=1
r_3_2=1
r_3_3=1
r_3_4=1
r_4_0=1
r_4_1=1
r_4_2=1
r_4_3=1
r_4_4=1
r_5_0=1
r_5_1=1
r_5_2=1
r_5_3=1
d_1=2.200
d_2=2.000
d_3=1.000
d_4=1.000
d_5=1.600
d_6=2.000
d_7=2.500
d_8=1.500
d_9=0.600
d_10=1.000
d_11=1.000
d_12=1.000
d_13=1.167
d_14=2.167
d_15=1.500
d_17=2.167
d_18=1.000
d_19=0.800
d_20=1.800
d_21=3.167
d_22=0.500
d_23=1.000
d_24=1.500
d_25=2.500
d_x_1=0.800
d_x_5=0.200
d_x_7=0.833
d_x_8=0.833
d_x_9=0.200
d_x_11=0.500
d_x_13=0.833
d_x_14=0.833
d_x_15=0.500
d_x_17=1.833
d_x_18=0.500
d_x_19=0.200
d_x_20=0.200
d_x_21=1.833
d_x_22=0.500
d_x_23=1.000
d_y_1=1.400
d_y_2=2.000
d_y_3=1.000
d_y_4=1.000
d_y_5=1.400
d_y_6=2.000
d_y_7=1.667
d_y_8=0.667
d_y_9=0.400
d_y_10=1.000
d_y_11=0.500
d_y_12=1.000
d_y_13=0.333
d_y_14=1.333
d_y_15=1.000
d_y_17=0.333
d_y_18=0.500
d_y_19=0.600
d_y_20=1.600
d_y_21=1.333
d_y_24=1.500
d_y_25=2.500
normalized distance of container 1 : 0.2444444444444444
normalized distance of container 2 : 0.2222222222222222
normalized distance of container 3 : 0.1111111111111111
normalized distance of container 4 : 0.1111111111111111
normalized distance of container 5 : 0.17777777777777728
normalized distance of container 6 : 0.2222222222222222
normalized distance of container 7 : 0.2777777777777778
normalized distance of container 8 : 0.16666666666666666
normalized distance of container 9 : 0.06666666666666618
normalized distance of container 10 : 0.1111111111111111
normalized distance of container 11 : 0.11111111111110944
normalized distance of container 12 : 0.1111111111111111
normalized distance of container 13 : 0.12962962962962912
normalized distance of container 14 : 0.24074074074074028
normalized distance of container 15 : 0.16666666666666508
normalized distance of container 16 : 0.0
normalized distance of container 17 : 0.24074074074074023
normalized distance of container 18 : 0.11111111111111022
normalized distance of container 19 : 0.08888888888888843
normalized distance of container 20 : 0.20000000000000004
normalized distance of container 21 : 0.3518518518518518
normalized distance of container 22 : 0.05555555555555398
normalized distance of container 23 : 0.1111111111111111
normalized distance of container 24 : 0.16666666666666588
normalized distance of container 25 : 0.277777777777777
