Number of initial container : 0
Number of new container : 25
Total number of containers : 25
Level_num : 9
Container_level : [8, 6, 1, 3, 1, 4, 7, 3, 1, 1, 4, 9, 3, 8, 1, 6, 2, 8, 3, 8, 4, 6, 5, 8, 1]
ideal_configuration : 
 [[3. 6. 8. 9. 0. 0.]
 [2. 4. 6. 8. 0. 0.]
 [1. 3. 4. 6. 8. 0.]
 [1. 1. 3. 4. 7. 8.]
 [1. 1. 1. 3. 5. 8.]]
Centroid : {8: (4.8, 2.0), 6: (3.0, 3.0), 1: (1.6666666666666667, 0.6666666666666666), 3: (2.5, 1.75), 4: (3.0, 2.0), 7: (5.0, 1.0), 9: (4.0, 4.0), 2: (1.0, 3.0), 5: (5.0, 0.0)}
Repeat number : 6
Original weight : [22.72, 18.55, 5.62, 11.68, 5.94, 14.29, 19.92, 11.99, 6.07, 5.14, 12.32, 23.67, 9.92, 22.95, 5.85, 18.05, 8.05, 21.72, 10.74, 22.64, 14.0, 17.14, 16.68, 22.54, 6.71]
Sequence : [1, 2, 3, 4, 5, 6, 7, 8, 9, 10, 11, 12, 13, 14, 15, 16, 17, 18, 19, 20, 21, 22, 23, 24, 25]
Emergency : [0, 0, 0, 0, 0, 0, 0, 0, 0, 0, 0, 0, 0, 0, 0, 0, 0, 0, 0, 0, 0, 0, 0, 0, 0]
Time taken to solve the MIP model : 0.9861 seconds
min_d : 0, max_d : 9
---------------------------------
solution for: IP model
objective: 3.64074
status: OPTIMAL_SOLUTION(2)
x_1_4_0=1
x_2_4_1=1
x_3_3_0=1
x_4_3_1=1
x_5_1_0=1
x_6_4_2=1
x_7_5_0=1
x_8_4_3=1
x_9_2_0=1
x_10_1_1=1
x_11_3_2=1
x_12_4_4=1
x_13_1_2=1
x_14_5_1=1
x_15_2_1=1
x_16_3_3=1
x_17_1_3=1
x_18_5_2=1
x_19_2_2=1
x_20_5_3=1
x_21_3_4=1
x_22_2_3=1
x_23_6_0=1
x_24_6_1=1
x_25_2_4=1
r_1_0=1
r_1_1=1
r_1_2=1
r_1_3=1
r_2_0=1
r_2_1=1
r_2_2=1
r_2_3=1
r_2_4=1
r_3_0=1
r_3_1=1
r_3_2=1
r_3_3=1
r_3_4=1
r_4_0=1
r_4_1=1
r_4_2=1
r_4_3=1
r_4_4=1
r_5_0=1
r_5_1=1
r_5_2=1
r_5_3=1
d_1=2.800
d_2=3.000
d_3=2.000
d_4=1.250
d_5=1.333
d_6=1.000
d_7=1.000
d_8=2.750
d_9=1.000
d_10=1.000
d_13=1.750
d_14=1.200
d_15=0.667
d_18=0.200
d_19=0.750
d_20=1.200
d_21=2.000
d_22=1.000
d_23=1.000
d_24=2.200
d_25=3.667
d_x_1=0.800
d_x_2=1.000
d_x_3=1.333
d_x_4=0.500
d_x_5=0.667
d_x_6=1.000
d_x_8=1.500
d_x_9=0.333
d_x_10=0.667
d_x_13=1.500
d_x_14=0.200
d_x_15=0.333
d_x_18=0.200
d_x_19=0.500
d_x_20=0.200
d_x_22=1.000
d_x_23=1.000
d_x_24=1.200
d_x_25=0.333
d_y_1=2.000
d_y_2=2.000
d_y_3=0.667
d_y_4=0.750
d_y_5=0.667
d_y_7=1.000
d_y_8=1.250
d_y_9=0.667
d_y_10=0.333
d_y_13=0.250
d_y_14=1.000
d_y_15=0.333
d_y_19=0.250
d_y_20=1.000
d_y_21=2.000
d_y_24=1.000
d_y_25=3.333
normalized distance of container 1 : 0.3111111111111111
normalized distance of container 2 : 0.3333333333333333
normalized distance of container 3 : 0.2222222222222222
normalized distance of container 4 : 0.13888888888889256
normalized distance of container 5 : 0.148148148148149
normalized distance of container 6 : 0.1111111111111111
normalized distance of container 7 : 0.1111111111111111
normalized distance of container 8 : 0.3055555555555531
normalized distance of container 9 : 0.11111111111110979
normalized distance of container 10 : 0.11111111111111054
normalized distance of container 11 : 0.0
normalized distance of container 12 : 0.0
normalized distance of container 13 : 0.19444444444444406
normalized distance of container 14 : 0.13333333333333322
normalized distance of container 15 : 0.07407407407407314
normalized distance of container 16 : 0.0
normalized distance of container 17 : 0.0
normalized distance of container 18 : 0.022222222222222216
normalized distance of container 19 : 0.08333333333333333
normalized distance of container 20 : 0.13333333333333328
normalized distance of container 21 : 0.2222222222222222
normalized distance of container 22 : 0.1111111111111111
normalized distance of container 23 : 0.11111111111111116
normalized distance of container 24 : 0.24444444444444446
normalized distance of container 25 : 0.40740740740740644
