Number of initial container : 5
Number of new container : 18
Total number of containers : 23
Level_num : 9
Container_level : [8, 5, 3, 4, 6, 6, 9, 1, 8, 1, 7, 5, 3, 3, 3, 4, 6, 7, 8, 1, 1, 5, 1]
ideal_configuration : 
 [[4. 6. 8. 0. 0. 0.]
 [3. 5. 6. 8. 0. 0.]
 [1. 3. 5. 7. 9. 0.]
 [1. 1. 3. 5. 7. 0.]
 [1. 1. 3. 4. 6. 8.]]
Centroid : {8: (3.3333333333333335, 2.3333333333333335), 5: (2.0, 2.0), 3: (1.25, 1.5), 4: (1.5, 2.0), 6: (2.3333333333333335, 2.3333333333333335), 9: (4.0, 2.0), 1: (0.4, 0.8), 7: (3.5, 1.5)}
Repeat number : 28
Original weight : [22.56, 15.85, 11.41, 13.44, 17.14, 18.6, 23.07, 7.07, 22.49, 7.97, 19.79, 16.85, 12.55, 12.88, 13.06, 14.51, 18.47, 21.05, 21.63, 8.61, 7.4, 15.65, 8.66]
Group : [0, 0, 0, 0, 0, 0, 0, 0, 0, 0, 0, 0, 0, 0, 0, 0, 0, 0, 0, 0, 0, 0, 0]
Sequence : [0, 0, 0, 0, 0, 1, 2, 3, 4, 5, 6, 7, 8, 9, 10, 11, 12, 13, 14, 15, 16, 17, 18]
Scroe : [22.56, 15.85, 11.41, 13.44, 17.14, 18.6, 23.07, 7.07, 22.49, 7.97, 19.79, 16.85, 12.55, 12.88, 13.06, 14.51, 18.47, 21.05, 21.63, 8.61, 7.4, 15.65, 8.66]
Time taken to solve the MIP model : 1.2381 seconds
min_d : 0, max_d : 9
---------------------------------
solution for: IP model
objective: 5.83889
x_0_3_0=1
x_1_1_0=1
x_2_1_1=1
x_3_4_0=1
x_4_1_2=1
x_5_4_1=1
x_6_3_1=1
x_7_2_0=1
x_8_1_3=1
x_9_0_0=1
x_10_4_2=1
x_11_2_1=1
x_12_5_0=1
x_13_5_1=1
x_14_5_2=1
x_15_5_3=1
x_16_2_2=1
x_17_4_3=1
x_18_2_3=1
x_19_0_1=1
x_20_1_4=1
x_21_5_4=1
x_22_0_2=1
r_1_0=1
r_1_1=1
r_1_2=1
r_1_3=1
r_1_4=1
d_0=2.667
d_1=3.000
d_2=0.750
d_3=4.500
d_4=1.667
d_5=3.000
d_6=2.000
d_7=2.400
d_8=3.000
d_9=1.200
d_10=1.000
d_11=1.000
d_12=5.250
d_13=4.250
d_14=4.250
d_15=4.500
d_16=0.667
d_17=2.000
d_18=2.000
d_19=0.600
d_20=3.800
d_21=5.000
d_22=1.600
d_x_0=0.333
d_x_1=1.000
d_x_2=0.250
d_x_3=2.500
d_x_4=1.333
d_x_5=1.667
d_x_6=1.000
d_x_7=1.600
d_x_8=2.333
d_x_9=0.400
d_x_10=0.500
d_x_12=3.750
d_x_13=3.750
d_x_14=3.750
d_x_15=3.500
d_x_16=0.333
d_x_17=0.500
d_x_18=1.333
d_x_19=0.400
d_x_20=0.600
d_x_21=3.000
d_x_22=0.400
d_y_0=2.333
d_y_1=2.000
d_y_2=0.500
d_y_3=2.000
d_y_4=0.333
d_y_5=1.333
d_y_6=1.000
d_y_7=0.800
d_y_8=0.667
d_y_9=0.800
d_y_10=0.500
d_y_11=1.000
d_y_12=1.500
d_y_13=0.500
d_y_14=0.500
d_y_15=1.000
d_y_16=0.333
d_y_17=1.500
d_y_18=0.667
d_y_19=0.200
d_y_20=3.200
d_y_21=2.000
d_y_22=1.200
normalized distance of container 0 : 0.29629629629629634
normalized distance of container 1 : 0.3333333333333333
normalized distance of container 2 : 0.08333333333333333
normalized distance of container 3 : 0.5
normalized distance of container 4 : 0.18518518518518523
normalized distance of container 5 : 0.33333333333333326
normalized distance of container 6 : 0.2222222222222222
normalized distance of container 7 : 0.266666666666666
normalized distance of container 8 : 0.3333333333333331
normalized distance of container 9 : 0.13333333333333336
normalized distance of container 10 : 0.11111111111111012
normalized distance of container 11 : 0.1111111111111111
normalized distance of container 12 : 0.5833333333333326
normalized distance of container 13 : 0.47222222222222143
normalized distance of container 14 : 0.47222222222222066
normalized distance of container 15 : 0.4999999999999992
normalized distance of container 16 : 0.07407407407407411
normalized distance of container 17 : 0.22222222222222202
normalized distance of container 18 : 0.22222222222222177
normalized distance of container 19 : 0.0666666666666662
normalized distance of container 20 : 0.42222222222222033
normalized distance of container 21 : 0.5555555555555556
normalized distance of container 22 : 0.17777777777777778
