Number of initial container : 5
Number of new container : 18
Total number of containers : 23
Level_num : 9
Container_level : [6, 4, 2, 9, 1, 2, 3, 7, 3, 3, 2, 4, 1, 8, 1, 1, 5, 4, 1, 1, 7, 7, 1]
ideal_configuration : 
 [[3. 4. 7. 0. 0. 0.]
 [1. 3. 5. 8. 0. 0.]
 [1. 2. 3. 6. 9. 0.]
 [1. 1. 2. 4. 7. 0.]
 [1. 1. 1. 2. 4. 7.]]
Centroid : {6: (3.0, 2.0), 4: (2.6666666666666665, 1.6666666666666667), 2: (2.0, 1.0), 9: (4.0, 2.0), 1: (0.5714285714285714, 1.0), 3: (1.0, 3.0), 7: (3.6666666666666665, 1.6666666666666667), 8: (3.0, 3.0), 5: (2.0, 3.0)}
Repeat number : 6
Original weight : [17.63, 12.28, 9.26, 22.06, 5.62, 8.01, 9.53, 19.7, 9.85, 10.74, 8.34, 13.52, 5.7, 20.75, 5.03, 5.73, 14.98, 13.54, 6.44, 5.13, 19.71, 19.63, 6.3]
Group : [0, 0, 0, 0, 0, 0, 0, 0, 0, 0, 0, 0, 0, 0, 0, 0, 0, 0, 0, 0, 0, 0, 0]
Sequence : [0, 0, 0, 0, 0, 1, 2, 3, 4, 5, 6, 7, 8, 9, 10, 11, 12, 13, 14, 15, 16, 17, 18]
Scroe : [17.63, 12.28, 9.26, 22.06, 5.62, 8.01, 9.53, 19.7, 9.85, 10.74, 8.34, 13.52, 5.7, 20.75, 5.03, 5.73, 14.98, 13.54, 6.44, 5.13, 19.71, 19.63, 6.3]
Time taken to solve the MIP model : 1.3774 seconds
min_d : 0, max_d : 9
---------------------------------
solution for: IP model
objective: 5.54233
x_0_4_0=1
x_1_5_0=1
x_2_3_0=1
x_3_3_1=1
x_4_4_1=1
x_5_2_0=1
x_6_2_1=1
x_7_3_2=1
x_8_2_2=1
x_9_2_3=1
x_10_4_2=1
x_11_5_1=1
x_12_1_0=1
x_13_3_3=1
x_14_0_0=1
x_15_1_1=1
x_16_2_4=1
x_17_5_2=1
x_18_1_2=1
x_19_0_1=1
x_20_1_3=1
x_21_5_3=1
x_22_0_2=1
r_3_1=1
r_3_2=1
r_3_3=1
r_4_0=1
r_4_1=1
r_4_2=1
r_4_4=-0
d_0=3.000
d_1=4.000
d_2=2.000
d_3=2.000
d_4=3.429
d_5=1.000
d_6=3.000
d_7=1.000
d_8=2.000
d_9=1.000
d_10=3.000
d_11=3.000
d_12=1.429
d_14=1.571
d_15=0.429
d_16=1.000
d_17=2.667
d_18=1.429
d_19=0.571
d_20=4.000
d_21=2.667
d_22=1.571
d_x_0=1.000
d_x_1=2.333
d_x_2=1.000
d_x_3=1.000
d_x_4=3.429
d_x_6=1.000
d_x_7=0.667
d_x_8=1.000
d_x_9=1.000
d_x_10=2.000
d_x_11=2.333
d_x_12=0.429
d_x_14=0.571
d_x_15=0.429
d_x_17=2.333
d_x_18=0.429
d_x_19=0.571
d_x_20=2.667
d_x_21=1.333
d_x_22=0.571
d_y_0=2.000
d_y_1=1.667
d_y_2=1.000
d_y_3=1.000
d_y_5=1.000
d_y_6=2.000
d_y_7=0.333
d_y_8=1.000
d_y_10=1.000
d_y_11=0.667
d_y_12=1.000
d_y_14=1.000
d_y_16=1.000
d_y_17=0.333
d_y_18=1.000
d_y_20=1.333
d_y_21=1.333
d_y_22=1.000
normalized distance of container 0 : 0.3333333333333333
normalized distance of container 1 : 0.4444444444444444
normalized distance of container 2 : 0.2222222222222222
normalized distance of container 3 : 0.2222222222222222
normalized distance of container 4 : 0.380952380952381
normalized distance of container 5 : 0.1111111111111111
normalized distance of container 6 : 0.3333333333333333
normalized distance of container 7 : 0.11111111111111077
normalized distance of container 8 : 0.2222222222222222
normalized distance of container 9 : 0.1111111111111111
normalized distance of container 10 : 0.3333333333333333
normalized distance of container 11 : 0.3333333333333329
normalized distance of container 12 : 0.15873015873015817
normalized distance of container 13 : 0.0
normalized distance of container 14 : 0.1746031746031746
normalized distance of container 15 : 0.047619047619047054
normalized distance of container 16 : 0.1111111111111111
normalized distance of container 17 : 0.29629629629629595
normalized distance of container 18 : 0.15873015873015817
normalized distance of container 19 : 0.06349206349206349
normalized distance of container 20 : 0.4444444444444444
normalized distance of container 21 : 0.2962962962962961
normalized distance of container 22 : 0.1746031746031746
