Number of initial container : 5
Number of new container : 18
Total number of containers : 23
Level_num : 9
Container_level : [2, 3, 1, 6, 3, 7, 6, 4, 4, 3, 5, 4, 9, 7, 3, 1, 6, 7, 4, 6, 1, 5, 2]
ideal_configuration : 
 [[4. 6. 7. 0. 0. 0.]
 [3. 4. 6. 7. 0. 0.]
 [2. 3. 4. 6. 9. 0.]
 [1. 2. 3. 5. 6. 0.]
 [1. 1. 3. 4. 5. 7.]]
Centroid : {2: (0.5, 1.5), 3: (1.25, 1.5), 1: (0.3333333333333333, 0.3333333333333333), 6: (2.5, 2.5), 7: (3.3333333333333335, 2.3333333333333335), 4: (1.5, 2.25), 5: (3.5, 0.5), 9: (4.0, 2.0)}
Repeat number : 10
Original weight : [10.93, 12.35, 7.69, 18.68, 13.21, 20.86, 19.04, 15.21, 14.4, 11.53, 17.45, 13.65, 23.64, 20.95, 12.73, 8.47, 19.38, 21.48, 13.9, 17.71, 7.25, 16.19, 9.84]
Group : [0, 0, 0, 0, 0, 0, 0, 0, 0, 0, 0, 0, 0, 0, 0, 0, 0, 0, 0, 0, 0, 0, 0]
Sequence : [0, 0, 0, 0, 0, 1, 2, 3, 4, 5, 6, 7, 8, 9, 10, 11, 12, 13, 14, 15, 16, 17, 18]
Scroe : [10.93, 12.35, 7.69, 18.68, 13.21, 20.86, 19.04, 15.21, 14.4, 11.53, 17.45, 13.65, 23.64, 20.95, 12.73, 8.47, 19.38, 21.48, 13.9, 17.71, 7.25, 16.19, 9.84]
Time taken to solve the MIP model : 3.4337 seconds
min_d : 0, max_d : 9
---------------------------------
solution for: IP model
objective: 4.97222
x_0_4_0=1
x_1_3_0=1
x_2_0_0=1
x_3_5_0=1
x_4_1_0=1
x_5_5_1=1
x_6_2_0=1
x_7_3_1=1
x_8_2_1=1
x_9_4_1=1
x_10_3_2=1
x_11_1_1=1
x_12_5_2=1
x_13_3_3=1
x_14_4_2=1
x_15_0_1=1
x_16_2_2=1
x_17_3_4=1
x_18_1_2=1
x_19_1_3=1
x_20_2_3=1
x_21_4_3=1
x_22_0_2=1
r_2_0=1
r_2_1=1
r_2_2=1
r_2_3=1
d_0=5.000
d_1=3.250
d_2=0.667
d_3=5.000
d_4=1.750
d_5=3.000
d_6=3.000
d_7=2.750
d_8=1.750
d_9=3.250
d_10=2.000
d_11=1.750
d_12=1.000
d_13=1.000
d_14=3.250
d_15=1.000
d_16=1.000
d_17=2.000
d_18=0.750
d_19=2.000
d_20=4.333
d_21=3.000
d_22=1.000
d_x_0=3.500
d_x_1=1.750
d_x_2=0.333
d_x_3=2.500
d_x_4=0.250
d_x_5=1.667
d_x_6=0.500
d_x_7=1.500
d_x_8=0.500
d_x_9=2.750
d_x_10=0.500
d_x_11=0.500
d_x_12=1.000
d_x_13=0.333
d_x_14=2.750
d_x_15=0.333
d_x_16=0.500
d_x_17=0.333
d_x_18=0.500
d_x_19=1.500
d_x_20=1.667
d_x_21=0.500
d_x_22=0.500
d_y_0=1.500
d_y_1=1.500
d_y_2=0.333
d_y_3=2.500
d_y_4=1.500
d_y_5=1.333
d_y_6=2.500
d_y_7=1.250
d_y_8=1.250
d_y_9=0.500
d_y_10=1.500
d_y_11=1.250
d_y_13=0.667
d_y_14=0.500
d_y_15=0.667
d_y_16=0.500
d_y_17=1.667
d_y_18=0.250
d_y_19=0.500
d_y_20=2.667
d_y_21=2.500
d_y_22=0.500
normalized distance of container 0 : 0.5555555555555556
normalized distance of container 1 : 0.3611111111111111
normalized distance of container 2 : 0.07407407407407407
normalized distance of container 3 : 0.5555555555555556
normalized distance of container 4 : 0.19444444444444445
normalized distance of container 5 : 0.33333333333333326
normalized distance of container 6 : 0.3333333333333333
normalized distance of container 7 : 0.3055555555555556
normalized distance of container 8 : 0.19444444444444364
normalized distance of container 9 : 0.36111111111111033
normalized distance of container 10 : 0.22222222222222066
normalized distance of container 11 : 0.19444444444444445
normalized distance of container 12 : 0.1111111111111111
normalized distance of container 13 : 0.11111111111111066
normalized distance of container 14 : 0.36111111111111033
normalized distance of container 15 : 0.11111111111110926
normalized distance of container 16 : 0.1111111111111111
normalized distance of container 17 : 0.22222222222222177
normalized distance of container 18 : 0.08333333333333333
normalized distance of container 19 : 0.22222222222222182
normalized distance of container 20 : 0.48148148148147957
normalized distance of container 21 : 0.33333333333333154
normalized distance of container 22 : 0.1111111111111111
