Number of initial container : 7
Number of new container : 8
Total number of containers : 15
Level_num : 9
Container_level : [8, 3, 3, 8, 6, 6, 6, 3, 9, 1, 6, 1, 8, 3, 3]
ideal_configuration : 
 [[6. 0. 0. 0. 0. 0.]
 [3. 8. 0. 0. 0. 0.]
 [3. 6. 8. 0. 0. 0.]
 [1. 3. 6. 8. 0. 0.]
 [1. 3. 3. 6. 9. 0.]]
Centroid : {8: (2.0, 2.0), 3: (0.8, 1.2), 6: (1.5, 1.75), 9: (4.0, 0.0), 1: (0.0, 0.5)}
Repeat number : 12
Original weight : [11.57, 11.55, 8.62, 19.05, 11.17, 20.21, 8.76, 8.45, 23.22, 20.09, 15.83, 16.27, 12.64, 5.57, 5.48]
Group : [3, 1, 1, 3, 2, 2, 2, 1, 3, 0, 2, 0, 3, 1, 1]
Sequence : [0, 0, 0, 0, 0, 0, 0, 1, 2, 3, 4, 5, 6, 7, 8]
Scroe : [311.57, 111.55, 108.62, 319.05, 211.17, 220.21, 208.76, 108.45, 323.22, 20.09, 215.83, 16.27, 312.64, 105.57, 105.48]
Time taken to solve the MIP model : 0.0060 seconds
min_d : 0, max_d : 9
---------------------------------
solution for: IP model
objective: 5.97778
x_0_1_0=1
x_1_3_0=1
x_2_0_0=1
x_3_2_0=1
x_4_0_1=1
x_5_4_0=1
x_6_3_1=1
x_7_5_0=1
x_8_4_1=1
x_9_5_1=1
x_10_1_1=1
x_11_5_2=1
x_12_4_2=1
x_13_5_3=1
x_14_5_4=1
r_1_0=1
r_1_1=1
r_4_1=1
r_4_2=1
r_5_0=1
r_5_1=1
r_5_2=1
r_5_3=1
r_5_4=1
d_0=3.000
d_1=3.400
d_2=2.000
d_3=2.000
d_4=2.250
d_5=4.250
d_6=2.250
d_7=5.400
d_8=1.000
d_9=5.500
d_10=1.250
d_11=6.500
d_12=2.000
d_13=6.000
d_14=7.000
d_x_0=1.000
d_x_1=2.200
d_x_2=0.800
d_x_4=1.500
d_x_5=2.500
d_x_6=1.500
d_x_7=4.200
d_x_9=5.000
d_x_10=0.500
d_x_11=5.000
d_x_12=2.000
d_x_13=4.200
d_x_14=4.200
d_y_0=2.000
d_y_1=1.200
d_y_2=1.200
d_y_3=2.000
d_y_4=0.750
d_y_5=1.750
d_y_6=0.750
d_y_7=1.200
d_y_8=1.000
d_y_9=0.500
d_y_10=0.750
d_y_11=1.500
d_y_13=1.800
d_y_14=2.800
normalized distance of container 0 : 0.3333333333333333
normalized distance of container 1 : 0.3777777777777778
normalized distance of container 2 : 0.2222222222222222
normalized distance of container 3 : 0.2222222222222222
normalized distance of container 4 : 0.25
normalized distance of container 5 : 0.4722222222222222
normalized distance of container 6 : 0.25
normalized distance of container 7 : 0.6000000000000001
normalized distance of container 8 : 0.1111111111111111
normalized distance of container 9 : 0.6111111111111112
normalized distance of container 10 : 0.13888888888888878
normalized distance of container 11 : 0.7222222222222222
normalized distance of container 12 : 0.2222222222222222
normalized distance of container 13 : 0.6666666666666666
normalized distance of container 14 : 0.7777777777777778
