Number of initial container : 0
Number of new container : 27
Total number of containers : 27
Level_num : 9
Container_level : [6, 8, 6, 7, 7, 6, 7, 6, 8, 3, 3, 3, 6, 4, 4, 6, 7, 9, 2, 3, 1, 4, 6, 8, 6, 8, 7]
ideal_configuration : 
 [[6. 6. 7. 8. 0. 0.]
 [4. 6. 6. 7. 8. 0.]
 [3. 4. 6. 7. 8. 9.]
 [2. 3. 4. 6. 7. 8.]
 [1. 3. 3. 6. 6. 7.]]
Centroid : {6: (2.0, 2.125), 8: (4.0, 2.5), 7: (3.4, 2.0), 3: (1.0, 0.75), 4: (1.0, 2.0), 9: (5.0, 2.0), 2: (0.0, 1.0), 1: (0.0, 0.0)}
Repeat number : 12
Original weight : [19.23, 23.33, 17.2, 19.83, 19.46, 18.67, 20.41, 18.05, 22.87, 12.13, 10.58, 11.08, 19.24, 13.91, 12.55, 17.93, 20.3, 23.97, 9.85, 12.08, 5.33, 12.62, 19.03, 21.81, 18.6, 22.7, 20.72]
Group : [0, 0, 0, 0, 0, 0, 0, 0, 0, 0, 0, 0, 0, 0, 0, 0, 0, 0, 0, 0, 0, 0, 0, 0, 0, 0, 0]
Sequence : [1, 2, 3, 4, 5, 6, 7, 8, 9, 10, 11, 12, 13, 14, 15, 16, 17, 18, 19, 20, 21, 22, 23, 24, 25, 26, 27]
Scroe : [19.23, 23.33, 17.2, 19.83, 19.46, 18.67, 20.41, 18.05, 22.87, 12.13, 10.58, 11.08, 19.24, 13.91, 12.55, 17.93, 20.3, 23.97, 9.85, 12.08, 5.33, 12.62, 19.03, 21.81, 18.6, 22.7, 20.72]
Time taken to solve the MIP model : 0.1660 seconds
min_d : 0, max_d : 9
---------------------------------
solution for: IP model
objective: 4.28333
x_0_2_0=1
x_1_4_0=1
x_2_2_1=1
x_3_4_1=1
x_4_4_2=1
x_5_2_2=1
x_6_5_0=1
x_7_2_3=1
x_8_4_3=1
x_9_0_0=1
x_10_1_0=1
x_11_1_1=1
x_12_2_4=1
x_13_1_2=1
x_14_1_3=1
x_15_1_4=1
x_16_5_1=1
x_17_5_2=1
x_18_0_1=1
x_19_3_0=1
x_20_0_2=1
x_21_0_3=1
x_22_3_1=1
x_23_4_4=1
x_24_3_2=1
x_25_5_3=1
x_26_3_3=1
r_0_0=1
r_0_1=1
r_0_2=1
r_0_3=1
r_1_0=1
r_1_1=1
r_1_2=1
r_1_3=1
r_1_4=1
r_2_0=1
r_2_1=1
r_2_2=1
r_2_3=1
r_2_4=1
r_3_1=1
r_3_2=1
r_3_3=1
r_4_0=1
r_4_1=1
r_4_2=1
r_4_3=1
r_4_4=1
r_5_0=1
r_5_1=1
r_5_2=1
r_5_3=1
d_0=2.125
d_1=2.500
d_2=1.125
d_3=1.600
d_4=0.600
d_5=0.125
d_6=3.600
d_7=0.875
d_8=0.500
d_9=1.750
d_10=0.750
d_11=0.250
d_12=1.875
d_14=1.000
d_15=2.875
d_16=2.600
d_19=2.750
d_20=2.000
d_21=2.000
d_22=2.125
d_23=1.500
d_24=1.125
d_25=1.500
d_26=1.400
d_x_3=0.600
d_x_4=0.600
d_x_6=1.600
d_x_9=1.000
d_x_15=1.000
d_x_16=1.600
d_x_19=2.000
d_x_21=1.000
d_x_22=1.000
d_x_24=1.000
d_x_25=1.000
d_x_26=0.400
d_y_0=2.125
d_y_1=2.500
d_y_2=1.125
d_y_3=1.000
d_y_5=0.125
d_y_6=2.000
d_y_7=0.875
d_y_8=0.500
d_y_9=0.750
d_y_10=0.750
d_y_11=0.250
d_y_12=1.875
d_y_14=1.000
d_y_15=1.875
d_y_16=1.000
d_y_19=0.750
d_y_20=2.000
d_y_21=1.000
d_y_22=1.125
d_y_23=1.500
d_y_24=0.125
d_y_25=0.500
d_y_26=1.000
normalized distance of container 0 : 0.2361111111111111
normalized distance of container 1 : 0.2777777777777778
normalized distance of container 2 : 0.125
normalized distance of container 3 : 0.17777777777777753
normalized distance of container 4 : 0.06666666666666643
normalized distance of container 5 : 0.013888888888888888
normalized distance of container 6 : 0.3999999999999998
normalized distance of container 7 : 0.09722222222222182
normalized distance of container 8 : 0.055555555555555164
normalized distance of container 9 : 0.19444444444444445
normalized distance of container 10 : 0.08333333333333333
normalized distance of container 11 : 0.02777777777777699
normalized distance of container 12 : 0.20833333333333293
normalized distance of container 13 : 0.0
normalized distance of container 14 : 0.1111111111111111
normalized distance of container 15 : 0.31944444444444403
normalized distance of container 16 : 0.2888888888888887
normalized distance of container 17 : 0.0
normalized distance of container 18 : 0.0
normalized distance of container 19 : 0.3055555555555556
normalized distance of container 20 : 0.2222222222222222
normalized distance of container 21 : 0.2222222222222222
normalized distance of container 22 : 0.2361111111111111
normalized distance of container 23 : 0.16666666666666669
normalized distance of container 24 : 0.125
normalized distance of container 25 : 0.16666666666666666
normalized distance of container 26 : 0.15555555555555614
