Number of initial container : 0
Number of new container : 27
Total number of containers : 27
Level_num : 9
Container_level : [2, 8, 7, 1, 3, 3, 4, 2, 6, 7, 6, 2, 1, 4, 6, 7, 1, 6, 1, 3, 6, 6, 2, 9, 6, 4, 8]
ideal_configuration : 
 [[3. 6. 6. 8. 0. 0.]
 [2. 4. 6. 7. 8. 0.]
 [1. 2. 4. 6. 7. 9.]
 [1. 2. 3. 4. 6. 7.]
 [1. 1. 2. 3. 6. 6.]]
Centroid : {2: (1.0, 1.5), 8: (3.5, 3.5), 7: (4.0, 2.0), 1: (0.25, 0.75), 3: (1.6666666666666667, 1.6666666666666667), 4: (2.0, 2.0), 6: (3.0, 2.0), 9: (5.0, 2.0)}
Repeat number : 28
Original weight : [7.74, 21.4, 19.44, 6.68, 11.27, 11.62, 13.45, 8.0, 17.72, 20.49, 17.1, 8.79, 5.14, 12.41, 18.81, 19.92, 5.87, 16.61, 6.89, 10.85, 18.62, 17.84, 8.61, 23.44, 17.4, 12.2, 22.37]
Group : [0, 0, 0, 0, 0, 0, 0, 0, 0, 0, 0, 0, 0, 0, 0, 0, 0, 0, 0, 0, 0, 0, 0, 0, 0, 0, 0]
Sequence : [1, 2, 3, 4, 5, 6, 7, 8, 9, 10, 11, 12, 13, 14, 15, 16, 17, 18, 19, 20, 21, 22, 23, 24, 25, 26, 27]
Scroe : [7.74, 21.4, 19.44, 6.68, 11.27, 11.62, 13.45, 8.0, 17.72, 20.49, 17.1, 8.79, 5.14, 12.41, 18.81, 19.92, 5.87, 16.61, 6.89, 10.85, 18.62, 17.84, 8.61, 23.44, 17.4, 12.2, 22.37]
Time taken to solve the MIP model : 0.2145 seconds
min_d : 0, max_d : 9
---------------------------------
solution for: IP model
objective: 4.27778
x_0_1_0=1
x_1_4_0=1
x_2_4_1=1
x_3_0_0=1
x_4_2_0=1
x_5_2_1=1
x_6_2_2=1
x_7_1_1=1
x_8_3_0=1
x_9_4_2=1
x_10_3_1=1
x_11_1_2=1
x_12_0_1=1
x_13_2_3=1
x_14_3_2=1
x_15_4_3=1
x_16_0_2=1
x_17_3_3=1
x_18_0_3=1
x_19_1_3=1
x_20_3_4=1
x_21_5_0=1
x_22_1_4=1
x_23_5_1=1
x_24_5_2=1
x_25_2_4=1
x_26_4_4=1
r_0_0=1
r_0_1=1
r_0_2=1
r_0_3=1
r_1_0=1
r_1_1=1
r_1_2=1
r_1_3=1
r_1_4=1
r_2_0=1
r_2_1=1
r_2_2=1
r_2_3=1
r_2_4=1
r_3_0=1
r_3_1=1
r_3_2=1
r_3_3=1
r_3_4=1
r_4_0=1
r_4_1=1
r_4_2=1
r_4_3=1
r_4_4=1
r_5_0=1
r_5_1=1
r_5_2=1
d_0=1.500
d_1=4.000
d_2=1.000
d_3=1.000
d_4=2.000
d_5=1.000
d_7=0.500
d_8=2.000
d_10=1.000
d_11=0.500
d_12=0.500
d_13=1.000
d_15=1.000
d_16=1.500
d_17=1.000
d_18=2.500
d_19=2.000
d_20=2.000
d_21=4.000
d_22=2.500
d_23=1.000
d_24=2.000
d_25=2.000
d_26=1.000
d_x_1=0.500
d_x_3=0.250
d_x_4=0.333
d_x_5=0.333
d_x_12=0.250
d_x_16=0.250
d_x_18=0.250
d_x_19=0.667
d_x_21=2.000
d_x_24=2.000
d_x_26=0.500
d_y_0=1.500
d_y_1=3.500
d_y_2=1.000
d_y_3=0.750
d_y_4=1.667
d_y_5=0.667
d_y_7=0.500
d_y_8=2.000
d_y_10=1.000
d_y_11=0.500
d_y_12=0.250
d_y_13=1.000
d_y_15=1.000
d_y_16=1.250
d_y_17=1.000
d_y_18=2.250
d_y_19=1.333
d_y_20=2.000
d_y_21=2.000
d_y_22=2.500
d_y_23=1.000
d_y_25=2.000
d_y_26=0.500
normalized distance of container 0 : 0.16666666666666666
normalized distance of container 1 : 0.4444444444444444
normalized distance of container 2 : 0.1111111111111111
normalized distance of container 3 : 0.1111111111111111
normalized distance of container 4 : 0.2222222222222217
normalized distance of container 5 : 0.11111111111111059
normalized distance of container 6 : 0.0
normalized distance of container 7 : 0.05555555555555555
normalized distance of container 8 : 0.2222222222222222
normalized distance of container 9 : 0.0
normalized distance of container 10 : 0.1111111111111111
normalized distance of container 11 : 0.05555555555555477
normalized distance of container 12 : 0.055555555555553186
normalized distance of container 13 : 0.1111111111111111
normalized distance of container 14 : 0.0
normalized distance of container 15 : 0.1111111111111111
normalized distance of container 16 : 0.1666666666666643
normalized distance of container 17 : 0.1111111111111111
normalized distance of container 18 : 0.2777777777777754
normalized distance of container 19 : 0.22222222222222174
normalized distance of container 20 : 0.2222222222222222
normalized distance of container 21 : 0.4444444444444444
normalized distance of container 22 : 0.2777777777777778
normalized distance of container 23 : 0.1111111111111111
normalized distance of container 24 : 0.2222222222222222
normalized distance of container 25 : 0.2222222222222222
normalized distance of container 26 : 0.11111111111111106
