Number of initial container : 0
Number of new container : 25
Total number of containers : 25
Level_num : 9
Container_level : [3, 5, 5, 7, 3, 8, 4, 4, 3, 8, 6, 5, 4, 4, 2, 9, 4, 6, 3, 3, 4, 2, 8, 1, 1]
ideal_configuration : 
 [[4. 5. 7. 9. 0. 0.]
 [3. 4. 5. 8. 0. 0.]
 [2. 3. 4. 5. 8. 0.]
 [1. 3. 3. 4. 6. 8.]
 [1. 2. 3. 4. 4. 6.]]
Centroid : {3: (2.2, 1.4), 5: (3.0, 3.0), 7: (3.0, 4.0), 8: (5.0, 2.0), 4: (3.1666666666666665, 1.6666666666666667), 6: (5.5, 0.5), 2: (1.5, 1.0), 9: (4.0, 4.0), 1: (1.0, 0.5)}
Repeat number : 12
Original weight : [12.28, 15.49, 16.85, 21.3, 11.1, 23.77, 13.59, 13.88, 10.87, 23.5, 17.13, 15.99, 12.82, 12.94, 9.61, 23.86, 14.06, 18.33, 10.33, 10.3, 12.37, 8.2, 22.65, 5.39, 5.87]
Sequence : [1, 2, 3, 4, 5, 6, 7, 8, 9, 10, 11, 12, 13, 14, 15, 16, 17, 18, 19, 20, 21, 22, 23, 24, 25]
Emergency : [0, 0, 0, 0, 0, 0, 0, 0, 0, 0, 0, 0, 0, 0, 0, 0, 0, 0, 0, 0, 0, 0, 0, 0, 0]
Time taken to solve the MIP model : 0.1409 seconds
min_d : 0, max_d : 9
---------------------------------
solution for: IP model
objective: 0
status: OPTIMAL_SOLUTION(2)
x_1_3_2=1
x_2_1_3=1
x_3_5_2=1
x_4_1_4=1
x_5_4_2=1
x_6_5_3=1
x_7_4_4=1
x_8_6_0=1
x_9_4_1=1
x_10_6_2=1
x_11_2_1=1
x_12_3_3=1
x_13_4_3=1
x_14_1_1=1
x_15_5_0=1
x_16_6_3=1
x_17_1_2=1
x_18_2_2=1
x_19_2_0=1
x_20_1_0=1
x_21_5_1=1
x_22_3_1=1
x_23_6_1=1
x_24_3_0=1
x_25_4_0=1
d_1=2.000
d_2=2.000
d_3=3.000
d_4=2.000
d_5=3.000
d_6=1.000
d_7=4.000
d_8=5.000
d_9=3.000
d_10=1.000
d_11=5.000
d_13=3.000
d_14=4.000
d_15=5.000
d_16=3.000
d_17=4.000
d_18=6.000
d_19=3.000
d_20=4.000
d_21=3.000
d_22=2.000
d_23=2.000
d_24=3.000
d_25=4.000
d_x_1=1.000
d_x_2=2.000
d_x_3=2.000
d_x_4=2.000
d_x_5=2.000
d_x_7=1.000
d_x_8=3.000
d_x_9=2.000
d_x_10=1.000
d_x_11=4.000
d_x_13=1.000
d_x_14=3.000
d_x_15=4.000
d_x_16=2.000
d_x_17=3.000
d_x_18=4.000
d_x_19=1.000
d_x_20=2.000
d_x_21=2.000
d_x_22=2.000
d_x_23=1.000
d_x_24=2.000
d_x_25=3.000
d_y_1=1.000
d_y_3=1.000
d_y_5=1.000
d_y_6=1.000
d_y_7=3.000
d_y_8=2.000
d_y_9=1.000
d_y_11=1.000
d_y_13=2.000
d_y_14=1.000
d_y_15=1.000
d_y_16=1.000
d_y_17=1.000
d_y_18=2.000
d_y_19=2.000
d_y_20=2.000
d_y_21=1.000
d_y_23=1.000
d_y_24=1.000
d_y_25=1.000
normalized distance of container 1 : 0.2222222222222222
normalized distance of container 2 : 0.2222222222222222
normalized distance of container 3 : 0.3333333333333333
normalized distance of container 4 : 0.2222222222222222
normalized distance of container 5 : 0.3333333333333333
normalized distance of container 6 : 0.1111111111111111
normalized distance of container 7 : 0.4444444444444444
normalized distance of container 8 : 0.5555555555555556
normalized distance of container 9 : 0.3333333333333333
normalized distance of container 10 : 0.1111111111111111
normalized distance of container 11 : 0.5555555555555556
normalized distance of container 12 : 0.0
normalized distance of container 13 : 0.3333333333333333
normalized distance of container 14 : 0.4444444444444444
normalized distance of container 15 : 0.5555555555555556
normalized distance of container 16 : 0.3333333333333333
normalized distance of container 17 : 0.4444444444444444
normalized distance of container 18 : 0.6666666666666666
normalized distance of container 19 : 0.3333333333333333
normalized distance of container 20 : 0.4444444444444444
normalized distance of container 21 : 0.3333333333333333
normalized distance of container 22 : 0.2222222222222222
normalized distance of container 23 : 0.2222222222222222
normalized distance of container 24 : 0.3333333333333333
normalized distance of container 25 : 0.4444444444444444
