Number of initial container : 0
Number of new container : 25
Total number of containers : 25
Level_num : 9
Container_level : [8, 2, 1, 7, 2, 7, 6, 5, 7, 7, 6, 2, 4, 3, 3, 4, 9, 1, 7, 6, 6, 8, 5, 6, 1]
ideal_configuration : 
 [[5. 6. 7. 9. 0. 0.]
 [3. 5. 6. 7. 0. 0.]
 [2. 3. 6. 7. 8. 0.]
 [1. 2. 4. 6. 7. 8.]
 [1. 1. 2. 4. 6. 7.]]
Centroid : {8: (5.5, 1.5), 2: (2.0, 1.0), 1: (1.3333333333333333, 0.3333333333333333), 7: (4.4, 2.0), 6: (3.4, 2.0), 5: (1.5, 3.5), 4: (3.5, 0.5), 3: (1.5, 2.5), 9: (4.0, 4.0)}
Repeat number : 20
Original weight : [21.61, 8.45, 6.92, 20.58, 9.48, 20.05, 17.69, 16.17, 19.9, 21.36, 17.13, 8.96, 13.66, 10.76, 10.93, 13.42, 23.71, 5.35, 19.25, 16.9, 17.88, 23.33, 14.54, 17.72, 5.13]
Sequence : [1, 2, 3, 4, 5, 6, 7, 8, 9, 10, 11, 12, 13, 14, 15, 16, 17, 18, 19, 20, 21, 22, 23, 24, 25]
Emergency : [0, 0, 0, 0, 0, 0, 0, 0, 0, 0, 0, 0, 0, 0, 0, 0, 0, 0, 0, 0, 0, 0, 0, 0, 0]
Time taken to solve the MIP model : 0.1570 seconds
min_d : 0, max_d : 9
---------------------------------
solution for: IP model
objective: 0
status: OPTIMAL_SOLUTION(2)
x_1_4_2=1
x_2_3_1=1
x_3_1_0=1
x_4_5_2=1
x_5_3_3=1
x_6_2_2=1
x_7_2_1=1
x_8_5_0=1
x_9_1_3=1
x_10_1_4=1
x_11_4_0=1
x_12_3_2=1
x_13_6_1=1
x_14_6_0=1
x_15_1_1=1
x_16_1_2=1
x_17_5_4=1
x_18_3_0=1
x_19_4_1=1
x_20_6_3=1
x_21_6_4=1
x_22_5_3=1
x_23_6_2=1
x_24_5_1=1
x_25_2_0=1
d_1=3.000
d_2=1.000
d_3=2.000
d_4=1.000
d_5=3.000
d_6=3.000
d_7=3.000
d_8=8.000
d_9=5.000
d_10=6.000
d_11=3.000
d_12=2.000
d_13=4.000
d_14=8.000
d_15=3.000
d_16=5.000
d_17=1.000
d_18=3.000
d_19=2.000
d_20=4.000
d_21=5.000
d_22=3.000
d_23=7.000
d_24=3.000
d_25=2.000
d_x_1=2.000
d_x_2=1.000
d_x_3=1.000
d_x_4=1.000
d_x_5=1.000
d_x_6=3.000
d_x_7=2.000
d_x_8=4.000
d_x_9=4.000
d_x_10=4.000
d_x_11=1.000
d_x_12=1.000
d_x_13=3.000
d_x_14=5.000
d_x_15=1.000
d_x_16=3.000
d_x_17=1.000
d_x_18=2.000
d_x_19=1.000
d_x_20=3.000
d_x_21=3.000
d_x_22=1.000
d_x_23=5.000
d_x_24=2.000
d_x_25=1.000
d_y_1=1.000
d_y_3=1.000
d_y_5=2.000
d_y_7=1.000
d_y_8=4.000
d_y_9=1.000
d_y_10=2.000
d_y_11=2.000
d_y_12=1.000
d_y_13=1.000
d_y_14=3.000
d_y_15=2.000
d_y_16=2.000
d_y_18=1.000
d_y_19=1.000
d_y_20=1.000
d_y_21=2.000
d_y_22=2.000
d_y_23=2.000
d_y_24=1.000
d_y_25=1.000
normalized distance of container 1 : 0.3333333333333333
normalized distance of container 2 : 0.1111111111111111
normalized distance of container 3 : 0.2222222222222222
normalized distance of container 4 : 0.1111111111111111
normalized distance of container 5 : 0.3333333333333333
normalized distance of container 6 : 0.3333333333333333
normalized distance of container 7 : 0.3333333333333333
normalized distance of container 8 : 0.8888888888888888
normalized distance of container 9 : 0.5555555555555556
normalized distance of container 10 : 0.6666666666666666
normalized distance of container 11 : 0.3333333333333333
normalized distance of container 12 : 0.2222222222222222
normalized distance of container 13 : 0.4444444444444444
normalized distance of container 14 : 0.8888888888888888
normalized distance of container 15 : 0.3333333333333333
normalized distance of container 16 : 0.5555555555555556
normalized distance of container 17 : 0.1111111111111111
normalized distance of container 18 : 0.3333333333333333
normalized distance of container 19 : 0.2222222222222222
normalized distance of container 20 : 0.4444444444444444
normalized distance of container 21 : 0.5555555555555556
normalized distance of container 22 : 0.3333333333333333
normalized distance of container 23 : 0.7777777777777778
normalized distance of container 24 : 0.3333333333333333
normalized distance of container 25 : 0.2222222222222222
