Number of initial container : 0
Number of new container : 25
Total number of containers : 25
Level_num : 9
Container_level : [8, 6, 1, 3, 1, 4, 7, 3, 1, 1, 4, 9, 3, 8, 1, 6, 2, 8, 3, 8, 4, 6, 5, 8, 1]
ideal_configuration : 
 [[3. 6. 8. 9. 0. 0.]
 [2. 4. 6. 8. 0. 0.]
 [1. 3. 4. 6. 8. 0.]
 [1. 1. 3. 4. 7. 8.]
 [1. 1. 1. 3. 5. 8.]]
Centroid : {8: (4.8, 2.0), 6: (3.0, 3.0), 1: (1.6666666666666667, 0.6666666666666666), 3: (2.5, 1.75), 4: (3.0, 2.0), 7: (5.0, 1.0), 9: (4.0, 4.0), 2: (1.0, 3.0), 5: (5.0, 0.0)}
Repeat number : 6
Original weight : [22.72, 18.55, 5.62, 11.68, 5.94, 14.29, 19.92, 11.99, 6.07, 5.14, 12.32, 23.67, 9.92, 22.95, 5.85, 18.05, 8.05, 21.72, 10.74, 22.64, 14.0, 17.14, 16.68, 22.54, 6.71]
Sequence : [1, 2, 3, 4, 5, 6, 7, 8, 9, 10, 11, 12, 13, 14, 15, 16, 17, 18, 19, 20, 21, 22, 23, 24, 25]
Emergency : [0, 0, 0, 0, 0, 0, 0, 0, 0, 0, 0, 0, 0, 0, 0, 0, 0, 0, 0, 0, 0, 0, 0, 0, 0]
Time taken to solve the MIP model : 0.1362 seconds
min_d : 0, max_d : 9
---------------------------------
solution for: IP model
objective: 0
status: OPTIMAL_SOLUTION(2)
x_1_4_3=1
x_2_5_1=1
x_3_1_0=1
x_4_3_2=1
x_5_3_1=1
x_6_6_4=1
x_7_4_2=1
x_8_2_1=1
x_9_6_0=1
x_10_3_0=1
x_11_1_3=1
x_12_2_3=1
x_13_6_2=1
x_14_5_3=1
x_15_2_0=1
x_16_4_1=1
x_17_1_1=1
x_18_2_2=1
x_19_1_2=1
x_20_1_4=1
x_21_6_3=1
x_22_5_0=1
x_23_4_0=1
x_24_5_2=1
x_25_6_1=1
d_1=2.000
d_2=4.000
d_3=2.000
d_4=2.000
d_5=3.000
d_6=5.000
d_7=2.000
d_8=2.000
d_9=6.000
d_10=3.000
d_11=3.000
d_12=3.000
d_13=5.000
d_14=2.000
d_15=2.000
d_16=3.000
d_17=2.000
d_18=3.000
d_19=3.000
d_20=6.000
d_21=4.000
d_22=5.000
d_23=1.000
d_24=1.000
d_25=6.000
d_x_1=1.000
d_x_2=2.000
d_x_3=1.000
d_x_4=1.000
d_x_5=2.000
d_x_6=3.000
d_x_7=1.000
d_x_8=1.000
d_x_9=5.000
d_x_10=2.000
d_x_11=2.000
d_x_12=2.000
d_x_13=4.000
d_x_14=1.000
d_x_15=1.000
d_x_16=1.000
d_x_18=3.000
d_x_19=2.000
d_x_20=4.000
d_x_21=3.000
d_x_22=2.000
d_x_23=1.000
d_x_24=1.000
d_x_25=5.000
d_y_1=1.000
d_y_2=2.000
d_y_3=1.000
d_y_4=1.000
d_y_5=1.000
d_y_6=2.000
d_y_7=1.000
d_y_8=1.000
d_y_9=1.000
d_y_10=1.000
d_y_11=1.000
d_y_12=1.000
d_y_13=1.000
d_y_14=1.000
d_y_15=1.000
d_y_16=2.000
d_y_17=2.000
d_y_19=1.000
d_y_20=2.000
d_y_21=1.000
d_y_22=3.000
d_y_25=1.000
normalized distance of container 1 : 0.2222222222222222
normalized distance of container 2 : 0.4444444444444444
normalized distance of container 3 : 0.2222222222222222
normalized distance of container 4 : 0.2222222222222222
normalized distance of container 5 : 0.3333333333333333
normalized distance of container 6 : 0.5555555555555556
normalized distance of container 7 : 0.2222222222222222
normalized distance of container 8 : 0.2222222222222222
normalized distance of container 9 : 0.6666666666666666
normalized distance of container 10 : 0.3333333333333333
normalized distance of container 11 : 0.3333333333333333
normalized distance of container 12 : 0.3333333333333333
normalized distance of container 13 : 0.5555555555555556
normalized distance of container 14 : 0.2222222222222222
normalized distance of container 15 : 0.2222222222222222
normalized distance of container 16 : 0.3333333333333333
normalized distance of container 17 : 0.2222222222222222
normalized distance of container 18 : 0.3333333333333333
normalized distance of container 19 : 0.3333333333333333
normalized distance of container 20 : 0.6666666666666666
normalized distance of container 21 : 0.4444444444444444
normalized distance of container 22 : 0.5555555555555556
normalized distance of container 23 : 0.1111111111111111
normalized distance of container 24 : 0.1111111111111111
normalized distance of container 25 : 0.6666666666666666
