Number of initial container : 0
Number of new container : 25
Total number of containers : 25
Level_num : 9
Container_level : [3, 3, 4, 5, 7, 1, 9, 6, 6, 3, 8, 1, 3, 8, 8, 2, 8, 4, 2, 1, 3, 2, 4, 2, 6]
ideal_configuration : 
 [[3. 5. 8. 9. 0. 0.]
 [2. 3. 6. 8. 0. 0.]
 [2. 3. 4. 6. 8. 0.]
 [1. 2. 3. 4. 6. 8.]
 [1. 1. 2. 3. 4. 7.]]
Centroid : {3: (2.4, 2.0), 4: (4.0, 1.0), 5: (2.0, 4.0), 7: (6.0, 0.0), 1: (1.3333333333333333, 0.3333333333333333), 9: (4.0, 4.0), 6: (4.0, 2.0), 8: (4.5, 2.5), 2: (1.75, 1.5)}
Repeat number : 29
Original weight : [12.42, 13.16, 13.46, 15.52, 20.73, 8.82, 23.41, 18.74, 18.76, 11.78, 22.87, 7.15, 12.69, 23.1, 21.66, 10.25, 21.66, 14.16, 10.99, 9.04, 12.52, 10.56, 13.48, 9.2, 18.2]
Sequence : [1, 2, 3, 4, 5, 6, 7, 8, 9, 10, 11, 12, 13, 14, 15, 16, 17, 18, 19, 20, 21, 22, 23, 24, 25]
Emergency : [0, 0, 0, 0, 0, 0, 0, 0, 0, 0, 0, 0, 0, 0, 0, 0, 0, 0, 0, 0, 0, 0, 0, 0, 0]
Time taken to solve the MIP model : 0.1583 seconds
min_d : 0, max_d : 9
---------------------------------
solution for: IP model
objective: 0
status: OPTIMAL_SOLUTION(2)
x_1_6_1=1
x_2_2_1=1
x_3_5_2=1
x_4_5_3=1
x_5_6_2=1
x_6_6_0=1
x_7_2_3=1
x_8_5_4=1
x_9_4_2=1
x_10_5_1=1
x_11_6_4=1
x_12_3_0=1
x_13_4_1=1
x_14_4_3=1
x_15_1_2=1
x_16_3_2=1
x_17_6_3=1
x_18_1_0=1
x_19_4_0=1
x_20_5_0=1
x_21_2_0=1
x_22_3_3=1
x_23_2_2=1
x_24_3_1=1
x_25_1_1=1
d_1=5.000
d_2=2.000
d_3=2.000
d_4=4.000
d_5=2.000
d_6=6.000
d_7=3.000
d_8=3.000
d_10=4.000
d_11=4.000
d_12=3.000
d_13=3.000
d_14=2.000
d_15=5.000
d_16=3.000
d_17=3.000
d_18=4.000
d_19=5.000
d_20=5.000
d_21=3.000
d_22=4.000
d_23=3.000
d_24=3.000
d_25=4.000
d_x_1=4.000
d_x_2=1.000
d_x_3=1.000
d_x_4=3.000
d_x_6=5.000
d_x_7=2.000
d_x_8=1.000
d_x_10=3.000
d_x_11=2.000
d_x_12=2.000
d_x_13=2.000
d_x_14=1.000
d_x_15=4.000
d_x_16=2.000
d_x_17=2.000
d_x_18=3.000
d_x_19=3.000
d_x_20=4.000
d_x_21=1.000
d_x_22=2.000
d_x_23=2.000
d_x_24=2.000
d_x_25=3.000
d_y_1=1.000
d_y_2=1.000
d_y_3=1.000
d_y_4=1.000
d_y_5=2.000
d_y_6=1.000
d_y_7=1.000
d_y_8=2.000
d_y_10=1.000
d_y_11=2.000
d_y_12=1.000
d_y_13=1.000
d_y_14=1.000
d_y_15=1.000
d_y_16=1.000
d_y_17=1.000
d_y_18=1.000
d_y_19=2.000
d_y_20=1.000
d_y_21=2.000
d_y_22=2.000
d_y_23=1.000
d_y_24=1.000
d_y_25=1.000
normalized distance of container 1 : 0.5555555555555556
normalized distance of container 2 : 0.2222222222222222
normalized distance of container 3 : 0.2222222222222222
normalized distance of container 4 : 0.4444444444444444
normalized distance of container 5 : 0.2222222222222222
normalized distance of container 6 : 0.6666666666666666
normalized distance of container 7 : 0.3333333333333333
normalized distance of container 8 : 0.3333333333333333
normalized distance of container 9 : 0.0
normalized distance of container 10 : 0.4444444444444444
normalized distance of container 11 : 0.4444444444444444
normalized distance of container 12 : 0.3333333333333333
normalized distance of container 13 : 0.3333333333333333
normalized distance of container 14 : 0.2222222222222222
normalized distance of container 15 : 0.5555555555555556
normalized distance of container 16 : 0.3333333333333333
normalized distance of container 17 : 0.3333333333333333
normalized distance of container 18 : 0.4444444444444444
normalized distance of container 19 : 0.5555555555555556
normalized distance of container 20 : 0.5555555555555556
normalized distance of container 21 : 0.3333333333333333
normalized distance of container 22 : 0.4444444444444444
normalized distance of container 23 : 0.3333333333333333
normalized distance of container 24 : 0.3333333333333333
normalized distance of container 25 : 0.4444444444444444
