Number of initial container : 0
Number of new container : 25
Total number of containers : 25
Level_num : 9
Container_level : [7, 8, 7, 4, 6, 3, 9, 7, 1, 8, 6, 7, 8, 5, 1, 5, 1, 2, 4, 5, 4, 1, 1, 8, 1]
ideal_configuration : 
 [[4. 6. 8. 9. 0. 0.]
 [2. 5. 7. 8. 0. 0.]
 [1. 3. 5. 7. 8. 0.]
 [1. 1. 4. 5. 7. 8.]
 [1. 1. 1. 4. 6. 7.]]
Centroid : {7: (4.5, 1.5), 8: (4.5, 2.5), 4: (2.6666666666666665, 1.6666666666666667), 6: (3.5, 2.0), 3: (2.0, 2.0), 9: (4.0, 4.0), 1: (1.6666666666666667, 0.6666666666666666), 5: (3.0, 2.0), 2: (1.0, 3.0)}
Repeat number : 13
Original weight : [20.08, 21.97, 18.51, 12.59, 17.97, 9.98, 22.4, 20.2, 7.53, 22.37, 16.23, 18.69, 21.71, 14.11, 7.37, 15.5, 7.3, 9.34, 12.13, 14.98, 12.59, 5.54, 6.06, 22.3, 5.77]
Sequence : [1, 2, 3, 4, 5, 6, 7, 8, 9, 10, 11, 12, 13, 14, 15, 16, 17, 18, 19, 20, 21, 22, 23, 24, 25]
Emergency : [0, 0, 0, 0, 0, 0, 0, 0, 0, 0, 0, 0, 0, 0, 0, 0, 0, 0, 0, 0, 0, 0, 0, 0, 0]
Time taken to solve the MIP model : 0.0778 seconds
min_d : 0, max_d : 9
---------------------------------
solution for: IP model
objective: 0
status: OPTIMAL_SOLUTION(2)
x_1_4_3=1
x_2_3_2=1
x_3_5_3=1
x_4_3_0=1
x_5_2_2=1
x_6_4_1=1
x_7_6_2=1
x_8_5_4=1
x_9_1_2=1
x_10_6_1=1
x_11_5_2=1
x_12_2_3=1
x_13_4_4=1
x_14_2_1=1
x_15_5_0=1
x_16_3_1=1
x_17_4_0=1
x_18_1_3=1
x_19_4_2=1
x_20_5_1=1
x_21_6_0=1
x_22_1_0=1
x_23_1_1=1
x_24_3_3=1
x_25_2_0=1
d_1=3.000
d_2=3.000
d_3=3.000
d_4=3.000
d_5=2.000
d_6=3.000
d_7=4.000
d_8=4.000
d_9=3.000
d_10=4.000
d_11=2.000
d_12=5.000
d_13=3.000
d_14=2.000
d_15=5.000
d_16=1.000
d_17=4.000
d_19=3.000
d_20=3.000
d_21=6.000
d_22=2.000
d_23=2.000
d_24=3.000
d_25=2.000
d_x_1=1.000
d_x_2=2.000
d_x_3=1.000
d_x_4=1.000
d_x_5=2.000
d_x_6=2.000
d_x_7=2.000
d_x_8=1.000
d_x_9=1.000
d_x_10=2.000
d_x_11=2.000
d_x_12=3.000
d_x_13=1.000
d_x_14=1.000
d_x_15=4.000
d_x_17=3.000
d_x_19=2.000
d_x_20=2.000
d_x_21=4.000
d_x_22=1.000
d_x_23=1.000
d_x_24=2.000
d_x_25=1.000
d_y_1=2.000
d_y_2=1.000
d_y_3=2.000
d_y_4=2.000
d_y_6=1.000
d_y_7=2.000
d_y_8=3.000
d_y_9=2.000
d_y_10=2.000
d_y_12=2.000
d_y_13=2.000
d_y_14=1.000
d_y_15=1.000
d_y_16=1.000
d_y_17=1.000
d_y_19=1.000
d_y_20=1.000
d_y_21=2.000
d_y_22=1.000
d_y_23=1.000
d_y_24=1.000
d_y_25=1.000
normalized distance of container 1 : 0.3333333333333333
normalized distance of container 2 : 0.3333333333333333
normalized distance of container 3 : 0.3333333333333333
normalized distance of container 4 : 0.3333333333333333
normalized distance of container 5 : 0.2222222222222222
normalized distance of container 6 : 0.3333333333333333
normalized distance of container 7 : 0.4444444444444444
normalized distance of container 8 : 0.4444444444444444
normalized distance of container 9 : 0.3333333333333333
normalized distance of container 10 : 0.4444444444444444
normalized distance of container 11 : 0.2222222222222222
normalized distance of container 12 : 0.5555555555555556
normalized distance of container 13 : 0.3333333333333333
normalized distance of container 14 : 0.2222222222222222
normalized distance of container 15 : 0.5555555555555556
normalized distance of container 16 : 0.1111111111111111
normalized distance of container 17 : 0.4444444444444444
normalized distance of container 18 : 0.0
normalized distance of container 19 : 0.3333333333333333
normalized distance of container 20 : 0.3333333333333333
normalized distance of container 21 : 0.6666666666666666
normalized distance of container 22 : 0.2222222222222222
normalized distance of container 23 : 0.2222222222222222
normalized distance of container 24 : 0.3333333333333333
normalized distance of container 25 : 0.2222222222222222
