Number of initial container : 0
Number of new container : 25
Total number of containers : 25
Level_num : 9
Container_level : [6, 2, 5, 5, 1, 9, 8, 5, 7, 6, 3, 7, 4, 5, 5, 2, 7, 1, 8, 6, 3, 5, 8, 1, 5]
ideal_configuration : 
 [[5. 6. 7. 9. 0. 0.]
 [3. 5. 6. 8. 0. 0.]
 [2. 4. 5. 6. 8. 0.]
 [1. 2. 5. 5. 7. 8.]
 [1. 1. 3. 5. 5. 7.]]
Centroid : {6: (3.0, 3.0), 2: (1.5, 1.5), 5: (3.142857142857143, 1.5714285714285714), 1: (1.3333333333333333, 0.3333333333333333), 9: (4.0, 4.0), 8: (5.0, 2.0), 7: (4.666666666666667, 1.6666666666666667), 3: (2.0, 1.5), 4: (2.0, 2.0)}
Repeat number : 18
Original weight : [18.54, 9.95, 16.17, 15.6, 8.0, 22.97, 21.61, 15.54, 19.71, 17.52, 12.1, 19.59, 12.49, 14.71, 15.93, 10.0, 19.57, 6.9, 21.75, 18.7, 11.99, 15.95, 22.7, 6.04, 15.34]
Sequence : [1, 2, 3, 4, 5, 6, 7, 8, 9, 10, 11, 12, 13, 14, 15, 16, 17, 18, 19, 20, 21, 22, 23, 24, 25]
Emergency : [0, 0, 0, 0, 0, 0, 0, 0, 0, 0, 0, 0, 0, 0, 0, 0, 0, 0, 0, 0, 0, 0, 0, 0, 0]
Time taken to solve the MIP model : 0.1505 seconds
min_d : 0, max_d : 9
---------------------------------
solution for: IP model
objective: 0
status: OPTIMAL_SOLUTION(2)
x_1_3_3=1
x_2_3_1=1
x_3_4_2=1
x_4_6_0=1
x_5_3_0=1
x_6_1_3=1
x_7_6_4=1
x_8_1_2=1
x_9_2_3=1
x_10_6_2=1
x_11_1_1=1
x_12_4_4=1
x_13_2_1=1
x_14_4_1=1
x_15_6_1=1
x_16_3_2=1
x_17_6_3=1
x_18_4_0=1
x_19_5_1=1
x_20_4_3=1
x_21_2_0=1
x_22_2_2=1
x_23_5_2=1
x_24_1_0=1
x_25_5_0=1
d_2=3.000
d_3=2.000
d_4=5.000
d_5=3.000
d_6=4.000
d_7=3.000
d_8=4.000
d_9=5.000
d_10=4.000
d_11=2.000
d_12=4.000
d_13=1.000
d_14=2.000
d_15=4.000
d_16=3.000
d_17=4.000
d_18=4.000
d_19=1.000
d_20=1.000
d_21=2.000
d_22=3.000
d_24=2.000
d_25=4.000
d_x_2=2.000
d_x_3=1.000
d_x_4=3.000
d_x_5=2.000
d_x_6=3.000
d_x_7=1.000
d_x_8=3.000
d_x_9=3.000
d_x_10=3.000
d_x_11=1.000
d_x_12=1.000
d_x_14=1.000
d_x_15=3.000
d_x_16=2.000
d_x_17=2.000
d_x_18=3.000
d_x_20=1.000
d_x_22=2.000
d_x_24=1.000
d_x_25=2.000
d_y_2=1.000
d_y_3=1.000
d_y_4=2.000
d_y_5=1.000
d_y_6=1.000
d_y_7=2.000
d_y_8=1.000
d_y_9=2.000
d_y_10=1.000
d_y_11=1.000
d_y_12=3.000
d_y_13=1.000
d_y_14=1.000
d_y_15=1.000
d_y_16=1.000
d_y_17=2.000
d_y_18=1.000
d_y_19=1.000
d_y_21=2.000
d_y_22=1.000
d_y_24=1.000
d_y_25=2.000
normalized distance of container 1 : 0.0
normalized distance of container 2 : 0.3333333333333333
normalized distance of container 3 : 0.2222222222222222
normalized distance of container 4 : 0.5555555555555556
normalized distance of container 5 : 0.3333333333333333
normalized distance of container 6 : 0.4444444444444444
normalized distance of container 7 : 0.3333333333333333
normalized distance of container 8 : 0.4444444444444444
normalized distance of container 9 : 0.5555555555555556
normalized distance of container 10 : 0.4444444444444444
normalized distance of container 11 : 0.2222222222222222
normalized distance of container 12 : 0.4444444444444444
normalized distance of container 13 : 0.1111111111111111
normalized distance of container 14 : 0.2222222222222222
normalized distance of container 15 : 0.4444444444444444
normalized distance of container 16 : 0.3333333333333333
normalized distance of container 17 : 0.4444444444444444
normalized distance of container 18 : 0.4444444444444444
normalized distance of container 19 : 0.1111111111111111
normalized distance of container 20 : 0.1111111111111111
normalized distance of container 21 : 0.2222222222222222
normalized distance of container 22 : 0.3333333333333333
normalized distance of container 23 : 0.0
normalized distance of container 24 : 0.2222222222222222
normalized distance of container 25 : 0.4444444444444444
