Number of initial container : 0
Number of new container : 25
Total number of containers : 25
Level_num : 9
Container_level : [4, 3, 4, 8, 3, 1, 8, 3, 3, 1, 5, 3, 5, 5, 3, 9, 2, 3, 8, 6, 8, 2, 2, 8, 7]
ideal_configuration : 
 [[3. 5. 8. 9. 0. 0.]
 [3. 3. 5. 8. 0. 0.]
 [2. 3. 4. 6. 8. 0.]
 [1. 2. 3. 4. 7. 8.]
 [1. 2. 3. 3. 5. 8.]]
Centroid : {4: (3.5, 1.5), 3: (2.2857142857142856, 1.8571428571428572), 8: (4.8, 2.0), 1: (1.0, 0.5), 5: (3.3333333333333335, 2.3333333333333335), 9: (4.0, 4.0), 2: (1.6666666666666667, 1.0), 6: (4.0, 2.0), 7: (5.0, 1.0)}
Repeat number : 15
Original weight : [13.04, 11.62, 12.41, 21.4, 10.48, 7.96, 19.83, 11.5, 11.15, 6.45, 14.95, 11.42, 14.16, 15.25, 10.5, 21.43, 8.36, 11.81, 20.43, 16.92, 20.18, 9.99, 8.58, 20.36, 18.47]
Sequence : [1, 2, 3, 4, 5, 6, 7, 8, 9, 10, 11, 12, 13, 14, 15, 16, 17, 18, 19, 20, 21, 22, 23, 24, 25]
Emergency : [0, 0, 0, 0, 0, 0, 0, 0, 0, 0, 0, 0, 0, 0, 0, 0, 0, 0, 0, 0, 0, 0, 0, 0, 0]
Time taken to solve the MIP model : 0.0355 seconds
min_d : 0, max_d : 9
---------------------------------
solution for: IP model
objective: 0
status: OPTIMAL_SOLUTION(2)
x_1_1_2=1
x_2_1_0=1
x_3_1_1=1
x_4_5_4=1
x_5_5_1=1
x_6_6_0=1
x_7_4_2=1
x_8_2_2=1
x_9_6_1=1
x_10_4_0=1
x_11_6_2=1
x_12_3_1=1
x_13_4_1=1
x_14_6_3=1
x_15_3_0=1
x_16_2_3=1
x_17_2_0=1
x_18_5_2=1
x_19_1_4=1
x_20_6_4=1
x_21_5_3=1
x_22_5_0=1
x_23_2_1=1
x_24_1_3=1
x_25_3_2=1
d_1=4.000
d_2=4.000
d_3=4.000
d_4=3.000
d_5=4.000
d_6=6.000
d_7=1.000
d_8=2.000
d_9=5.000
d_10=4.000
d_11=4.000
d_12=2.000
d_13=3.000
d_14=4.000
d_15=3.000
d_16=3.000
d_17=2.000
d_18=4.000
d_19=6.000
d_20=4.000
d_21=2.000
d_22=5.000
d_23=1.000
d_24=5.000
d_25=3.000
d_x_1=3.000
d_x_2=2.000
d_x_3=3.000
d_x_4=1.000
d_x_5=3.000
d_x_6=5.000
d_x_7=1.000
d_x_8=1.000
d_x_9=4.000
d_x_10=3.000
d_x_11=3.000
d_x_12=1.000
d_x_13=1.000
d_x_14=3.000
d_x_15=1.000
d_x_16=2.000
d_x_17=1.000
d_x_18=3.000
d_x_19=4.000
d_x_20=2.000
d_x_21=1.000
d_x_22=4.000
d_x_23=1.000
d_x_24=4.000
d_x_25=2.000
d_y_1=1.000
d_y_2=2.000
d_y_3=1.000
d_y_4=2.000
d_y_5=1.000
d_y_6=1.000
d_y_8=1.000
d_y_9=1.000
d_y_10=1.000
d_y_11=1.000
d_y_12=1.000
d_y_13=2.000
d_y_14=1.000
d_y_15=2.000
d_y_16=1.000
d_y_17=1.000
d_y_18=1.000
d_y_19=2.000
d_y_20=2.000
d_y_21=1.000
d_y_22=1.000
d_y_24=1.000
d_y_25=1.000
normalized distance of container 1 : 0.4444444444444444
normalized distance of container 2 : 0.4444444444444444
normalized distance of container 3 : 0.4444444444444444
normalized distance of container 4 : 0.3333333333333333
normalized distance of container 5 : 0.4444444444444444
normalized distance of container 6 : 0.6666666666666666
normalized distance of container 7 : 0.1111111111111111
normalized distance of container 8 : 0.2222222222222222
normalized distance of container 9 : 0.5555555555555556
normalized distance of container 10 : 0.4444444444444444
normalized distance of container 11 : 0.4444444444444444
normalized distance of container 12 : 0.2222222222222222
normalized distance of container 13 : 0.3333333333333333
normalized distance of container 14 : 0.4444444444444444
normalized distance of container 15 : 0.3333333333333333
normalized distance of container 16 : 0.3333333333333333
normalized distance of container 17 : 0.2222222222222222
normalized distance of container 18 : 0.4444444444444444
normalized distance of container 19 : 0.6666666666666666
normalized distance of container 20 : 0.4444444444444444
normalized distance of container 21 : 0.2222222222222222
normalized distance of container 22 : 0.5555555555555556
normalized distance of container 23 : 0.1111111111111111
normalized distance of container 24 : 0.5555555555555556
normalized distance of container 25 : 0.3333333333333333
