Number of initial container : 0
Number of new container : 25
Total number of containers : 25
Level_num : 9
Container_level : [2, 3, 5, 4, 1, 7, 7, 8, 4, 1, 3, 7, 9, 6, 6, 6, 5, 1, 5, 8, 7, 6, 7, 2, 8]
ideal_configuration : 
 [[5. 6. 7. 9. 0. 0.]
 [3. 5. 7. 8. 0. 0.]
 [2. 4. 6. 7. 8. 0.]
 [1. 2. 4. 6. 7. 8.]
 [1. 1. 3. 5. 6. 7.]]
Centroid : {2: (1.5, 1.5), 3: (2.0, 1.5), 5: (2.3333333333333335, 2.3333333333333335), 4: (2.5, 1.5), 1: (1.3333333333333333, 0.3333333333333333), 7: (4.2, 2.0), 8: (5.0, 2.0), 9: (4.0, 4.0), 6: (3.5, 1.75)}
Repeat number : 23
Original weight : [9.31, 11.44, 15.37, 13.43, 5.56, 19.19, 20.36, 23.59, 12.3, 6.72, 11.3, 19.61, 23.77, 17.01, 18.64, 17.01, 14.73, 5.18, 14.59, 23.53, 20.44, 18.72, 20.11, 9.81, 23.46]
Sequence : [1, 2, 3, 4, 5, 6, 7, 8, 9, 10, 11, 12, 13, 14, 15, 16, 17, 18, 19, 20, 21, 22, 23, 24, 25]
Emergency : [0, 0, 0, 0, 0, 0, 0, 0, 0, 0, 0, 0, 0, 0, 0, 0, 0, 0, 0, 0, 0, 0, 0, 0, 0]
Time taken to solve the MIP model : 0.0349 seconds
min_d : 0, max_d : 9
---------------------------------
solution for: IP model
objective: 0
status: OPTIMAL_SOLUTION(2)
x_1_2_0=1
x_2_4_0=1
x_3_6_2=1
x_4_4_2=1
x_5_5_0=1
x_6_1_3=1
x_7_2_1=1
x_8_3_3=1
x_9_4_1=1
x_10_6_1=1
x_11_5_1=1
x_12_3_1=1
x_13_2_3=1
x_14_4_4=1
x_15_3_0=1
x_16_4_3=1
x_17_1_1=1
x_18_6_0=1
x_19_5_2=1
x_20_5_3=1
x_21_2_2=1
x_22_1_2=1
x_23_3_2=1
x_24_1_0=1
x_25_1_4=1
d_1=3.000
d_2=4.000
d_3=5.000
d_4=3.000
d_5=5.000
d_6=5.000
d_7=4.000
d_8=3.000
d_9=3.000
d_10=6.000
d_11=4.000
d_12=3.000
d_13=3.000
d_14=4.000
d_15=3.000
d_16=3.000
d_17=4.000
d_18=6.000
d_19=4.000
d_20=1.000
d_21=3.000
d_22=4.000
d_23=2.000
d_24=3.000
d_25=6.000
d_x_1=1.000
d_x_2=2.000
d_x_3=4.000
d_x_4=2.000
d_x_5=4.000
d_x_6=4.000
d_x_7=3.000
d_x_8=2.000
d_x_9=2.000
d_x_10=5.000
d_x_11=3.000
d_x_12=2.000
d_x_13=2.000
d_x_14=1.000
d_x_15=1.000
d_x_16=1.000
d_x_17=2.000
d_x_18=5.000
d_x_19=3.000
d_x_21=3.000
d_x_22=3.000
d_x_23=2.000
d_x_24=1.000
d_x_25=4.000
d_y_1=2.000
d_y_2=2.000
d_y_3=1.000
d_y_4=1.000
d_y_5=1.000
d_y_6=1.000
d_y_7=1.000
d_y_8=1.000
d_y_9=1.000
d_y_10=1.000
d_y_11=1.000
d_y_12=1.000
d_y_13=1.000
d_y_14=3.000
d_y_15=2.000
d_y_16=2.000
d_y_17=2.000
d_y_18=1.000
d_y_19=1.000
d_y_20=1.000
d_y_22=1.000
d_y_24=2.000
d_y_25=2.000
normalized distance of container 1 : 0.3333333333333333
normalized distance of container 2 : 0.4444444444444444
normalized distance of container 3 : 0.5555555555555556
normalized distance of container 4 : 0.3333333333333333
normalized distance of container 5 : 0.5555555555555556
normalized distance of container 6 : 0.5555555555555556
normalized distance of container 7 : 0.4444444444444444
normalized distance of container 8 : 0.3333333333333333
normalized distance of container 9 : 0.3333333333333333
normalized distance of container 10 : 0.6666666666666666
normalized distance of container 11 : 0.4444444444444444
normalized distance of container 12 : 0.3333333333333333
normalized distance of container 13 : 0.3333333333333333
normalized distance of container 14 : 0.4444444444444444
normalized distance of container 15 : 0.3333333333333333
normalized distance of container 16 : 0.3333333333333333
normalized distance of container 17 : 0.4444444444444444
normalized distance of container 18 : 0.6666666666666666
normalized distance of container 19 : 0.4444444444444444
normalized distance of container 20 : 0.1111111111111111
normalized distance of container 21 : 0.3333333333333333
normalized distance of container 22 : 0.4444444444444444
normalized distance of container 23 : 0.2222222222222222
normalized distance of container 24 : 0.3333333333333333
normalized distance of container 25 : 0.6666666666666666
