Number of initial container : 0
Number of new container : 25
Total number of containers : 25
Level_num : 9
Container_level : [4, 3, 2, 5, 6, 6, 2, 8, 2, 6, 1, 4, 1, 5, 1, 8, 3, 1, 5, 1, 2, 9, 1, 3, 1]
ideal_configuration : 
 [[2. 4. 6. 9. 0. 0.]
 [1. 3. 5. 6. 0. 0.]
 [1. 2. 3. 5. 8. 0.]
 [1. 1. 2. 3. 5. 8.]
 [1. 1. 1. 2. 4. 6.]]
Centroid : {4: (3.5, 2.0), 3: (3.0, 2.0), 2: (2.5, 1.75), 5: (4.0, 2.0), 6: (4.333333333333333, 2.3333333333333335), 8: (5.5, 1.5), 1: (1.5714285714285714, 1.0), 9: (4.0, 4.0)}
Repeat number : 5
Original weight : [14.38, 11.54, 8.85, 16.94, 19.21, 18.37, 9.77, 22.22, 8.49, 17.58, 5.66, 13.17, 6.79, 15.06, 6.46, 22.61, 10.82, 5.77, 16.79, 5.81, 9.07, 23.89, 6.02, 11.62, 5.6]
Sequence : [1, 2, 3, 4, 5, 6, 7, 8, 9, 10, 11, 12, 13, 14, 15, 16, 17, 18, 19, 20, 21, 22, 23, 24, 25]
Emergency : [0, 0, 0, 0, 0, 0, 0, 0, 0, 0, 0, 0, 0, 0, 0, 0, 0, 0, 0, 0, 0, 0, 0, 0, 0]
Time taken to solve the MIP model : 0.0926 seconds
min_d : 0, max_d : 9
---------------------------------
solution for: IP model
objective: 0
status: OPTIMAL_SOLUTION(2)
x_1_3_0=1
x_2_1_2=1
x_3_1_0=1
x_4_6_1=1
x_5_3_1=1
x_6_6_3=1
x_7_1_1=1
x_8_3_2=1
x_9_5_0=1
x_10_6_2=1
x_11_2_1=1
x_12_2_4=1
x_13_4_2=1
x_14_5_1=1
x_15_4_1=1
x_16_5_2=1
x_17_4_3=1
x_18_2_2=1
x_19_1_4=1
x_20_4_0=1
x_21_6_0=1
x_22_3_3=1
x_23_2_3=1
x_24_1_3=1
x_25_2_0=1
d_1=3.000
d_2=2.000
d_3=4.000
d_4=3.000
d_5=4.000
d_6=3.000
d_7=3.000
d_8=4.000
d_9=5.000
d_10=3.000
d_11=1.000
d_12=4.000
d_13=4.000
d_14=2.000
d_15=3.000
d_16=2.000
d_17=2.000
d_18=2.000
d_19=5.000
d_20=4.000
d_21=6.000
d_22=2.000
d_23=3.000
d_24=3.000
d_25=2.000
d_x_1=1.000
d_x_2=2.000
d_x_3=2.000
d_x_4=2.000
d_x_5=2.000
d_x_6=2.000
d_x_7=2.000
d_x_8=3.000
d_x_9=3.000
d_x_10=2.000
d_x_11=1.000
d_x_12=2.000
d_x_13=3.000
d_x_14=1.000
d_x_15=3.000
d_x_16=1.000
d_x_17=1.000
d_x_18=1.000
d_x_19=3.000
d_x_20=3.000
d_x_21=4.000
d_x_22=1.000
d_x_23=1.000
d_x_24=2.000
d_x_25=1.000
d_y_1=2.000
d_y_3=2.000
d_y_4=1.000
d_y_5=2.000
d_y_6=1.000
d_y_7=1.000
d_y_8=1.000
d_y_9=2.000
d_y_10=1.000
d_y_12=2.000
d_y_13=1.000
d_y_14=1.000
d_y_16=1.000
d_y_17=1.000
d_y_18=1.000
d_y_19=2.000
d_y_20=1.000
d_y_21=2.000
d_y_22=1.000
d_y_23=2.000
d_y_24=1.000
d_y_25=1.000
normalized distance of container 1 : 0.3333333333333333
normalized distance of container 2 : 0.2222222222222222
normalized distance of container 3 : 0.4444444444444444
normalized distance of container 4 : 0.3333333333333333
normalized distance of container 5 : 0.4444444444444444
normalized distance of container 6 : 0.3333333333333333
normalized distance of container 7 : 0.3333333333333333
normalized distance of container 8 : 0.4444444444444444
normalized distance of container 9 : 0.5555555555555556
normalized distance of container 10 : 0.3333333333333333
normalized distance of container 11 : 0.1111111111111111
normalized distance of container 12 : 0.4444444444444444
normalized distance of container 13 : 0.4444444444444444
normalized distance of container 14 : 0.2222222222222222
normalized distance of container 15 : 0.3333333333333333
normalized distance of container 16 : 0.2222222222222222
normalized distance of container 17 : 0.2222222222222222
normalized distance of container 18 : 0.2222222222222222
normalized distance of container 19 : 0.5555555555555556
normalized distance of container 20 : 0.4444444444444444
normalized distance of container 21 : 0.6666666666666666
normalized distance of container 22 : 0.2222222222222222
normalized distance of container 23 : 0.3333333333333333
normalized distance of container 24 : 0.3333333333333333
normalized distance of container 25 : 0.2222222222222222
