Number of initial container : 0
Number of new container : 25
Total number of containers : 25
Level_num : 9
Container_level : [7, 8, 2, 7, 8, 7, 3, 3, 6, 4, 1, 2, 7, 6, 7, 3, 6, 8, 4, 6, 6, 8, 9, 3, 4]
ideal_configuration : 
 [[6. 7. 8. 9. 0. 0.]
 [3. 6. 7. 8. 0. 0.]
 [3. 4. 6. 7. 8. 0.]
 [2. 3. 4. 6. 7. 8.]
 [1. 2. 3. 4. 6. 7.]]
Centroid : {7: (4.0, 2.0), 8: (4.5, 2.5), 2: (1.5, 0.5), 3: (1.75, 1.5), 6: (3.0, 2.0), 4: (3.0, 1.0), 1: (1.0, 0.0), 9: (4.0, 4.0)}
Repeat number : 3
Original weight : [19.93, 20.69, 8.24, 20.24, 20.9, 19.36, 10.68, 11.39, 16.15, 13.0, 5.37, 7.74, 19.17, 17.33, 19.11, 10.18, 18.15, 20.47, 12.16, 17.47, 18.22, 21.92, 22.53, 10.09, 13.62]
Sequence : [1, 2, 3, 4, 5, 6, 7, 8, 9, 10, 11, 12, 13, 14, 15, 16, 17, 18, 19, 20, 21, 22, 23, 24, 25]
Emergency : [0, 0, 0, 0, 0, 0, 0, 0, 0, 0, 0, 0, 0, 0, 0, 0, 0, 0, 0, 0, 0, 0, 0, 0, 0]
Time taken to solve the MIP model : 0.1264 seconds
min_d : 0, max_d : 9
---------------------------------
solution for: IP model
objective: 0
status: OPTIMAL_SOLUTION(2)
x_1_1_0=1
x_2_1_1=1
x_3_6_0=1
x_4_3_2=1
x_5_1_2=1
x_6_6_3=1
x_7_2_0=1
x_8_3_1=1
x_9_4_2=1
x_10_6_2=1
x_11_4_0=1
x_12_3_0=1
x_13_5_4=1
x_14_2_2=1
x_15_5_3=1
x_16_4_1=1
x_17_5_1=1
x_18_6_4=1
x_19_5_0=1
x_20_2_3=1
x_21_5_2=1
x_22_4_3=1
x_23_4_4=1
x_24_6_1=1
x_25_2_1=1
d_1=5.000
d_2=6.000
d_3=6.000
d_4=1.000
d_5=5.000
d_6=3.000
d_7=3.000
d_8=3.000
d_9=1.000
d_10=4.000
d_11=3.000
d_12=3.000
d_13=3.000
d_14=1.000
d_15=2.000
d_16=4.000
d_17=3.000
d_18=4.000
d_19=3.000
d_20=2.000
d_21=2.000
d_22=2.000
d_24=6.000
d_25=1.000
d_x_1=3.000
d_x_2=4.000
d_x_3=5.000
d_x_4=1.000
d_x_5=4.000
d_x_6=2.000
d_x_7=1.000
d_x_8=2.000
d_x_9=1.000
d_x_10=3.000
d_x_11=3.000
d_x_12=2.000
d_x_13=1.000
d_x_14=1.000
d_x_15=1.000
d_x_16=3.000
d_x_17=2.000
d_x_18=2.000
d_x_19=2.000
d_x_20=1.000
d_x_21=2.000
d_x_22=1.000
d_x_24=5.000
d_x_25=1.000
d_y_1=2.000
d_y_2=2.000
d_y_3=1.000
d_y_5=1.000
d_y_6=1.000
d_y_7=2.000
d_y_8=1.000
d_y_10=1.000
d_y_12=1.000
d_y_13=2.000
d_y_15=1.000
d_y_16=1.000
d_y_17=1.000
d_y_18=2.000
d_y_19=1.000
d_y_20=1.000
d_y_22=1.000
d_y_24=1.000
normalized distance of container 1 : 0.5555555555555556
normalized distance of container 2 : 0.6666666666666666
normalized distance of container 3 : 0.6666666666666666
normalized distance of container 4 : 0.1111111111111111
normalized distance of container 5 : 0.5555555555555556
normalized distance of container 6 : 0.3333333333333333
normalized distance of container 7 : 0.3333333333333333
normalized distance of container 8 : 0.3333333333333333
normalized distance of container 9 : 0.1111111111111111
normalized distance of container 10 : 0.4444444444444444
normalized distance of container 11 : 0.3333333333333333
normalized distance of container 12 : 0.3333333333333333
normalized distance of container 13 : 0.3333333333333333
normalized distance of container 14 : 0.1111111111111111
normalized distance of container 15 : 0.2222222222222222
normalized distance of container 16 : 0.4444444444444444
normalized distance of container 17 : 0.3333333333333333
normalized distance of container 18 : 0.4444444444444444
normalized distance of container 19 : 0.3333333333333333
normalized distance of container 20 : 0.2222222222222222
normalized distance of container 21 : 0.2222222222222222
normalized distance of container 22 : 0.2222222222222222
normalized distance of container 23 : 0.0
normalized distance of container 24 : 0.6666666666666666
normalized distance of container 25 : 0.1111111111111111
