Number of initial container : 0
Number of new container : 25
Total number of containers : 25
Level_num : 9
Container_level : [8, 5, 3, 5, 4, 2, 3, 2, 3, 8, 6, 3, 3, 2, 2, 4, 8, 6, 3, 4, 1, 3, 9, 7, 7]
ideal_configuration : 
 [[3. 5. 7. 9. 0. 0.]
 [3. 3. 5. 8. 0. 0.]
 [2. 3. 4. 6. 8. 0.]
 [2. 2. 3. 4. 6. 8.]
 [1. 2. 3. 3. 4. 7.]]
Centroid : {8: (5.0, 2.0), 5: (2.5, 3.5), 3: (2.2857142857142856, 1.8571428571428572), 4: (4.0, 1.0), 2: (1.5, 1.0), 6: (4.5, 1.5), 1: (1.0, 0.0), 9: (4.0, 4.0), 7: (4.5, 2.0)}
Repeat number : 24
Original weight : [23.17, 16.27, 12.31, 15.01, 13.24, 8.75, 11.14, 8.31, 11.51, 23.74, 17.74, 11.93, 11.74, 9.99, 8.33, 14.54, 23.6, 19.21, 10.71, 13.78, 5.73, 11.13, 23.9, 19.55, 20.7]
Sequence : [1, 2, 3, 4, 5, 6, 7, 8, 9, 10, 11, 12, 13, 14, 15, 16, 17, 18, 19, 20, 21, 22, 23, 24, 25]
Emergency : [0, 0, 0, 0, 0, 0, 0, 0, 0, 0, 0, 0, 0, 0, 0, 0, 0, 0, 0, 0, 0, 0, 0, 0, 0]
Time taken to solve the MIP model : 0.0746 seconds
min_d : 0, max_d : 9
---------------------------------
solution for: IP model
objective: 0
status: OPTIMAL_SOLUTION(2)
x_1_2_2=1
x_2_6_2=1
x_3_6_1=1
x_4_1_2=1
x_5_3_0=1
x_6_4_1=1
x_7_1_0=1
x_8_6_0=1
x_9_1_1=1
x_10_1_4=1
x_11_5_4=1
x_12_5_1=1
x_13_4_3=1
x_14_2_0=1
x_15_5_0=1
x_16_5_3=1
x_17_3_2=1
x_18_1_3=1
x_19_2_1=1
x_20_5_2=1
x_21_4_0=1
x_22_4_2=1
x_23_4_4=1
x_24_6_3=1
x_25_3_1=1
d_1=3.000
d_2=6.000
d_3=5.000
d_4=4.000
d_5=2.000
d_6=3.000
d_7=4.000
d_8=6.000
d_9=3.000
d_10=6.000
d_11=4.000
d_12=4.000
d_13=4.000
d_14=2.000
d_15=5.000
d_16=3.000
d_17=2.000
d_18=6.000
d_19=2.000
d_20=2.000
d_21=3.000
d_22=3.000
d_24=3.000
d_25=3.000
d_x_1=3.000
d_x_2=4.000
d_x_3=4.000
d_x_4=2.000
d_x_5=1.000
d_x_6=3.000
d_x_7=2.000
d_x_8=5.000
d_x_9=2.000
d_x_10=4.000
d_x_11=1.000
d_x_12=3.000
d_x_13=2.000
d_x_14=1.000
d_x_15=4.000
d_x_16=1.000
d_x_17=2.000
d_x_18=4.000
d_x_19=1.000
d_x_20=1.000
d_x_21=3.000
d_x_22=2.000
d_x_24=2.000
d_x_25=2.000
d_y_2=2.000
d_y_3=1.000
d_y_4=2.000
d_y_5=1.000
d_y_7=2.000
d_y_8=1.000
d_y_9=1.000
d_y_10=2.000
d_y_11=3.000
d_y_12=1.000
d_y_13=2.000
d_y_14=1.000
d_y_15=1.000
d_y_16=2.000
d_y_18=2.000
d_y_19=1.000
d_y_20=1.000
d_y_22=1.000
d_y_24=1.000
d_y_25=1.000
normalized distance of container 1 : 0.3333333333333333
normalized distance of container 2 : 0.6666666666666666
normalized distance of container 3 : 0.5555555555555556
normalized distance of container 4 : 0.4444444444444444
normalized distance of container 5 : 0.2222222222222222
normalized distance of container 6 : 0.3333333333333333
normalized distance of container 7 : 0.4444444444444444
normalized distance of container 8 : 0.6666666666666666
normalized distance of container 9 : 0.3333333333333333
normalized distance of container 10 : 0.6666666666666666
normalized distance of container 11 : 0.4444444444444444
normalized distance of container 12 : 0.4444444444444444
normalized distance of container 13 : 0.4444444444444444
normalized distance of container 14 : 0.2222222222222222
normalized distance of container 15 : 0.5555555555555556
normalized distance of container 16 : 0.3333333333333333
normalized distance of container 17 : 0.2222222222222222
normalized distance of container 18 : 0.6666666666666666
normalized distance of container 19 : 0.2222222222222222
normalized distance of container 20 : 0.2222222222222222
normalized distance of container 21 : 0.3333333333333333
normalized distance of container 22 : 0.3333333333333333
normalized distance of container 23 : 0.0
normalized distance of container 24 : 0.3333333333333333
normalized distance of container 25 : 0.3333333333333333
