Number of initial container : 0
Number of new container : 7
Total number of containers : 7
Level_num : 9
Container_level : [1, 2, 1, 9, 6, 3, 6]
ideal_configuration : 
 [[0. 0. 0. 0. 0. 0.]
 [9. 0. 0. 0. 0. 0.]
 [3. 0. 0. 0. 0. 0.]
 [1. 6. 0. 0. 0. 0.]
 [1. 2. 6. 0. 0. 0.]]
Centroid : {1: (0.0, 0.5), 2: (1.0, 0.0), 9: (0.0, 3.0), 6: (1.5, 0.5), 3: (0.0, 2.0)}
Repeat number : 21
Original weight : [9.42, 12.24, 10.08, 23.41, 18.47, 13.13, 18.92]
Sequence : [1, 2, 3, 4, 5, 6, 7]
Emergency : [0, 0, 0, 0, 0, 0, 0]
Time taken to solve the MIP model : 0.0150 seconds
min_d : 0, max_d : 9
---------------------------------
solution for: IP model
objective: 0.333333
status: OPTIMAL_SOLUTION(2)
x_0_0_0=1
x_1_1_0=1
x_1_2_0=-0
x_2_0_1=1
x_3_0_2=1
x_4_2_0=1
x_5_1_1=1
x_6_2_0=0
x_6_2_1=1
d_0=0.500
d_1=-0.000
d_2=0.500
d_3=1.000
d_4=1.000
d_5=2.000
d_6=1.000
d_x_1=-0.000
d_x_4=0.500
d_x_5=1.000
d_x_6=0.500
d_y_0=0.500
d_y_2=0.500
d_y_3=1.000
d_y_4=0.500
d_y_5=1.000
d_y_6=0.500
normalized distance of container 0 : 0.05555555555555555
normalized distance of container 1 : -5.1835079438634266e-14
normalized distance of container 2 : 0.055555555555555164
normalized distance of container 3 : 0.1111111111111111
normalized distance of container 4 : 0.11111111111110875
normalized distance of container 5 : 0.2222222222222222
normalized distance of container 6 : 0.11111111111110875
