Number of initial container : 3
Number of new container : 17
Total number of containers : 20
Level_num : 9
Container_level : [4, 5, 6, 1, 5, 8, 6, 3, 1, 4, 7, 6, 4, 6, 8, 1, 9, 3, 5, 7]
ideal_configuration : 
 [[5. 7. 0. 0. 0. 0.]
 [4. 6. 7. 0. 0. 0.]
 [3. 4. 6. 8. 0. 0.]
 [1. 3. 5. 6. 8. 0.]
 [1. 1. 4. 5. 6. 9.]]
Centroid : {4: (1.0, 1.6666666666666667), 5: (1.6666666666666667, 1.6666666666666667), 6: (2.5, 1.5), 1: (0.3333333333333333, 0.3333333333333333), 8: (3.5, 1.5), 3: (0.5, 1.5), 7: (1.5, 3.5), 9: (5.0, 0.0)}
Repeat number : 22
Original weight : [11.79, 15.58, 16.55, 5.03, 14.95, 21.83, 17.15, 11.36, 6.62, 13.51, 18.84, 16.89, 12.82, 16.58, 20.55, 7.19, 22.61, 10.25, 13.96, 19.93]
Sequence : [0, 0, 0, 1, 2, 3, 4, 5, 6, 7, 8, 9, 10, 11, 12, 13, 14, 15, 16, 17]
Emergency : [0, 0, 0, 0, 0, 0, 0, 0, 0, 0, 0, 0, 0, 0, 0, 0, 0, 0, 0, 0]
Time taken to solve the MIP model : 0.2336 seconds
min_d : 0, max_d : 9
---------------------------------
solution for: IP model
objective: 2.07407
status: OPTIMAL_SOLUTION(2)
x_0_5_0=1
x_1_3_0=1
x_2_4_0=1
x_3_1_0=1
x_4_5_1=1
x_5_5_2=1
x_6_3_1=1
x_7_1_1=1
x_8_2_0=1
x_9_1_2=1
x_10_1_3=1
x_11_4_1=1
x_12_2_1=1
x_13_2_2=1
x_14_3_2=1
x_15_0_0=1
x_16_4_2=1
x_17_0_1=1
x_18_0_2=1
x_19_1_4=1
d_0=5.667
d_1=3.000
d_2=3.000
d_3=1.000
d_4=4.000
d_5=2.000
d_6=1.000
d_7=1.000
d_8=2.000
d_9=0.333
d_10=1.000
d_11=2.000
d_12=1.667
d_13=1.000
d_14=1.000
d_15=0.667
d_16=3.000
d_17=1.000
d_18=2.000
d_19=1.000
d_x_0=4.000
d_x_1=1.333
d_x_2=1.500
d_x_3=0.667
d_x_4=3.333
d_x_5=1.500
d_x_6=0.500
d_x_7=0.500
d_x_8=1.667
d_x_10=0.500
d_x_11=1.500
d_x_12=1.000
d_x_13=0.500
d_x_14=0.500
d_x_15=0.333
d_x_16=1.000
d_x_17=0.500
d_x_18=1.667
d_x_19=0.500
d_y_0=1.667
d_y_1=1.667
d_y_2=1.500
d_y_3=0.333
d_y_4=0.667
d_y_5=0.500
d_y_6=0.500
d_y_7=0.500
d_y_8=0.333
d_y_9=0.333
d_y_10=0.500
d_y_11=0.500
d_y_12=0.667
d_y_13=0.500
d_y_14=0.500
d_y_15=0.333
d_y_16=2.000
d_y_17=0.500
d_y_18=0.333
d_y_19=0.500
normalized distance of container 0 : 0.6296296296296297
normalized distance of container 1 : 0.3333333333333333
normalized distance of container 2 : 0.3333333333333333
normalized distance of container 3 : 0.11111111111111065
normalized distance of container 4 : 0.444444444444444
normalized distance of container 5 : 0.22222222222222202
normalized distance of container 6 : 0.11111111111111072
normalized distance of container 7 : 0.1111111111111111
normalized distance of container 8 : 0.22222222222222038
normalized distance of container 9 : 0.03703703703703651
normalized distance of container 10 : 0.1111111111111111
normalized distance of container 11 : 0.2222222222222222
normalized distance of container 12 : 0.1851851851851852
normalized distance of container 13 : 0.11111111111111033
normalized distance of container 14 : 0.11111111111111012
normalized distance of container 15 : 0.07407407407407407
normalized distance of container 16 : 0.3333333333333333
normalized distance of container 17 : 0.11111111111110954
normalized distance of container 18 : 0.2222222222222217
normalized distance of container 19 : 0.11111111111111101
