Number of initial container : 3
Number of new container : 17
Total number of containers : 20
Level_num : 9
Container_level : [5, 1, 4, 4, 2, 2, 1, 1, 6, 2, 4, 7, 3, 9, 2, 1, 6, 7, 2, 2]
ideal_configuration : 
 [[3. 6. 0. 0. 0. 0.]
 [2. 4. 6. 0. 0. 0.]
 [1. 2. 4. 7. 0. 0.]
 [1. 2. 2. 4. 7. 0.]
 [1. 1. 2. 2. 5. 9.]]
Centroid : {5: (4.0, 0.0), 1: (0.25, 0.75), 4: (2.0, 2.0), 2: (1.5, 1.1666666666666667), 6: (1.5, 3.5), 7: (3.5, 1.5), 3: (0.0, 4.0), 9: (5.0, 0.0)}
Repeat number : 28
Original weight : [14.9, 5.96, 13.89, 13.11, 8.45, 9.99, 7.34, 6.34, 18.01, 9.6, 13.73, 19.19, 11.46, 23.26, 9.12, 7.84, 18.56, 19.9, 9.65, 8.26]
Group : [0, 0, 0, 0, 0, 0, 0, 0, 0, 0, 0, 0, 0, 0, 0, 0, 0, 0, 0, 0]
Sequence : [0, 0, 0, 1, 2, 3, 4, 5, 6, 7, 8, 9, 10, 11, 12, 13, 14, 15, 16, 17]
Scroe : [14.9, 5.96, 13.89, 13.11, 8.45, 9.99, 7.34, 6.34, 18.01, 9.6, 13.73, 19.19, 11.46, 23.26, 9.12, 7.84, 18.56, 19.9, 9.65, 8.26]
Time taken to solve the MIP model : 2.5210 seconds
min_d : 0, max_d : 9
---------------------------------
solution for: IP model
objective: 3.5463
x_0_3_0=1
x_1_5_0=1
x_2_2_0=1
x_3_2_1=1
x_4_4_0=1
x_5_5_1=1
x_6_0_0=1
x_7_1_0=1
x_8_3_1=1
x_9_1_1=1
x_10_5_2=1
x_11_3_2=1
x_12_1_2=1
x_13_5_3=1
x_14_4_1=1
x_15_0_1=1
x_16_1_3=1
x_17_3_3=1
x_18_4_2=1
x_19_0_2=1
r_2_0=1
r_2_1=1
d_0=1.000
d_1=5.500
d_2=2.000
d_3=1.000
d_4=3.667
d_5=3.667
d_6=1.000
d_7=1.500
d_8=4.000
d_9=0.667
d_10=3.000
d_11=1.000
d_12=3.000
d_13=3.000
d_14=2.667
d_15=0.500
d_16=1.000
d_17=2.000
d_18=3.333
d_19=2.333
d_x_0=1.000
d_x_1=4.750
d_x_4=2.500
d_x_5=3.500
d_x_6=0.250
d_x_7=0.750
d_x_8=1.500
d_x_9=0.500
d_x_10=3.000
d_x_11=0.500
d_x_12=1.000
d_x_14=2.500
d_x_15=0.250
d_x_16=0.500
d_x_17=0.500
d_x_18=2.500
d_x_19=1.500
d_y_1=0.750
d_y_2=2.000
d_y_3=1.000
d_y_4=1.167
d_y_5=0.167
d_y_6=0.750
d_y_7=0.750
d_y_8=2.500
d_y_9=0.167
d_y_11=0.500
d_y_12=2.000
d_y_13=3.000
d_y_14=0.167
d_y_15=0.250
d_y_16=0.500
d_y_17=1.500
d_y_18=0.833
d_y_19=0.833
normalized distance of container 0 : 0.1111111111111111
normalized distance of container 1 : 0.6111111111111112
normalized distance of container 2 : 0.2222222222222222
normalized distance of container 3 : 0.1111111111111111
normalized distance of container 4 : 0.40740740740740705
normalized distance of container 5 : 0.40740740740740666
normalized distance of container 6 : 0.11111111111110954
normalized distance of container 7 : 0.16666666666666508
normalized distance of container 8 : 0.4444444444444444
normalized distance of container 9 : 0.07407407407407408
normalized distance of container 10 : 0.3333333333333333
normalized distance of container 11 : 0.11111111111111072
normalized distance of container 12 : 0.3333333333333333
normalized distance of container 13 : 0.3333333333333333
normalized distance of container 14 : 0.29629629629629556
normalized distance of container 15 : 0.05555555555555477
normalized distance of container 16 : 0.1111111111111111
normalized distance of container 17 : 0.2222222222222222
normalized distance of container 18 : 0.3703703703703691
normalized distance of container 19 : 0.25925925925925875
