Number of initial container : 3
Number of new container : 17
Total number of containers : 20
Level_num : 9
Container_level : [4, 5, 9, 4, 1, 8, 8, 1, 5, 1, 4, 5, 2, 8, 3, 6, 7, 8, 3, 4]
ideal_configuration : 
 [[5. 8. 0. 0. 0. 0.]
 [4. 5. 8. 0. 0. 0.]
 [2. 4. 5. 8. 0. 0.]
 [1. 3. 4. 6. 8. 0.]
 [1. 1. 3. 4. 7. 9.]]
Centroid : {4: (1.5, 1.5), 5: (1.0, 3.0), 9: (5.0, 0.0), 1: (0.3333333333333333, 0.3333333333333333), 8: (2.5, 2.5), 2: (0.0, 2.0), 3: (1.5, 0.5), 6: (3.0, 1.0), 7: (4.0, 0.0)}
Repeat number : 26
Original weight : [12.99, 16.31, 23.78, 12.57, 5.04, 21.71, 23.01, 6.69, 15.92, 6.65, 12.96, 15.22, 8.84, 22.96, 11.66, 18.96, 20.11, 22.64, 10.14, 14.25]
Group : [0, 0, 0, 0, 0, 0, 0, 0, 0, 0, 0, 0, 0, 0, 0, 0, 0, 0, 0, 0]
Sequence : [0, 0, 0, 1, 2, 3, 4, 5, 6, 7, 8, 9, 10, 11, 12, 13, 14, 15, 16, 17]
Scroe : [12.99, 16.31, 23.78, 12.57, 5.04, 21.71, 23.01, 6.69, 15.92, 6.65, 12.96, 15.22, 8.84, 22.96, 11.66, 18.96, 20.11, 22.64, 10.14, 14.25]
Time taken to solve the MIP model : 1.0464 seconds
min_d : 0, max_d : 9
---------------------------------
solution for: IP model
objective: 3.46296
x_0_2_0=1
x_1_3_0=1
x_2_0_0=1
x_3_5_0=1
x_4_4_0=1
x_5_3_1=1
x_6_3_2=1
x_7_1_0=1
x_8_2_1=1
x_9_4_1=1
x_10_5_1=1
x_11_5_2=1
x_12_4_2=1
x_13_5_3=1
x_14_4_3=1
x_15_2_2=1
x_16_4_4=1
x_17_2_3=1
x_18_1_1=1
x_19_1_2=1
d_0=2.000
d_1=5.000
d_2=5.000
d_3=5.000
d_4=4.000
d_5=2.000
d_6=1.000
d_7=1.000
d_8=3.000
d_9=4.333
d_10=4.000
d_11=5.000
d_12=4.000
d_13=3.000
d_14=5.000
d_15=2.000
d_16=4.000
d_17=1.000
d_18=1.000
d_19=1.000
d_x_0=0.500
d_x_1=2.000
d_x_2=5.000
d_x_3=3.500
d_x_4=3.667
d_x_5=0.500
d_x_6=0.500
d_x_7=0.667
d_x_8=1.000
d_x_9=3.667
d_x_10=3.500
d_x_11=4.000
d_x_12=4.000
d_x_13=2.500
d_x_14=2.500
d_x_15=1.000
d_x_17=0.500
d_x_18=0.500
d_x_19=0.500
d_y_0=1.500
d_y_1=3.000
d_y_3=1.500
d_y_4=0.333
d_y_5=1.500
d_y_6=0.500
d_y_7=0.333
d_y_8=2.000
d_y_9=0.667
d_y_10=0.500
d_y_11=1.000
d_y_13=0.500
d_y_14=2.500
d_y_15=1.000
d_y_16=4.000
d_y_17=0.500
d_y_18=0.500
d_y_19=0.500
normalized distance of container 0 : 0.2222222222222222
normalized distance of container 1 : 0.5555555555555556
normalized distance of container 2 : 0.5555555555555556
normalized distance of container 3 : 0.5555555555555554
normalized distance of container 4 : 0.4444444444444438
normalized distance of container 5 : 0.22222222222222182
normalized distance of container 6 : 0.11111111111111072
normalized distance of container 7 : 0.11111111111110926
normalized distance of container 8 : 0.3333333333333333
normalized distance of container 9 : 0.4814814814814778
normalized distance of container 10 : 0.44444444444444364
normalized distance of container 11 : 0.5555555555555556
normalized distance of container 12 : 0.4444444444444444
normalized distance of container 13 : 0.3333333333333329
normalized distance of container 14 : 0.5555555555555531
normalized distance of container 15 : 0.2222222222222222
normalized distance of container 16 : 0.4444444444444444
normalized distance of container 17 : 0.11111111111111072
normalized distance of container 18 : 0.1111111111111111
normalized distance of container 19 : 0.11111111111111033
