Number of initial container : 0
Number of new container : 20
Total number of containers : 20
Level_num : 9
Container_level : [5, 1, 4, 8, 7, 7, 2, 5, 3, 8, 1, 9, 1, 6, 4, 6, 1, 2, 4, 2]
ideal_configuration : 
 [[4. 7. 0. 0. 0. 0.]
 [2. 5. 7. 0. 0. 0.]
 [1. 3. 5. 8. 0. 0.]
 [1. 2. 4. 6. 8. 0.]
 [1. 1. 2. 4. 6. 9.]]
Centroid : {5: (2.5, 2.5), 1: (1.25, 0.75), 4: (2.6666666666666665, 1.6666666666666667), 8: (4.5, 1.5), 7: (2.5, 3.5), 2: (2.0, 1.3333333333333333), 3: (2.0, 2.0), 9: (6.0, 0.0), 6: (4.5, 0.5)}
Repeat number : 19
Original weight : [15.29, 6.61, 11.93, 20.42, 18.54, 18.0, 8.6, 14.35, 10.79, 21.02, 6.06, 21.43, 6.69, 15.97, 13.24, 17.34, 6.26, 9.01, 12.6, 8.5]
Sequence : [1, 2, 3, 4, 5, 6, 7, 8, 9, 10, 11, 12, 13, 14, 15, 16, 17, 18, 19, 20]
Emergency : [0, 0, 0, 0, 0, 0, 0, 0, 0, 0, 0, 0, 0, 0, 0, 0, 0, 0, 0, 0]
Time taken to solve the MIP model : 0.2372 seconds
min_d : 0, max_d : 9
---------------------------------
solution for: IP model
objective: 3.05556
x_1_3_0=1
x_2_2_0=1
x_3_1_1=-0
x_3_1_2=-0
x_3_3_1=1
x_4_4_0=1
x_5_3_2=1
x_6_3_3=1
x_7_2_1=1
x_8_1_4=-0
x_8_3_4=1
x_9_2_2=1
x_10_4_1=1
x_11_1_0=1
x_11_1_1=0
x_12_6_0=1
x_13_1_0=0
x_13_1_1=1
x_13_3_1=-0
x_14_5_0=1
x_15_4_2=1
x_16_5_1=1
x_17_1_2=1
x_18_2_3=1
x_19_5_2=1
x_20_2_4=1
r_1_0=1
r_1_1=1
r_1_2=1
r_2_1=1
r_2_2=1
r_2_3=1
r_2_4=1
r_3_0=1
r_3_1=1
r_3_2=1
r_3_3=1
r_3_4=1
r_4_0=1
r_4_1=1
r_4_2=1
r_5_0=1
r_5_1=1
r_5_2=1
r_6_0=1
d_1=3.000
d_2=1.500
d_3=1.000
d_4=2.000
d_5=2.000
d_6=1.000
d_7=0.333
d_8=2.000
d_10=1.000
d_11=1.000
d_13=0.500
d_14=1.000
d_15=1.667
d_16=1.000
d_17=1.500
d_18=1.667
d_19=2.667
d_20=2.667
d_x_1=0.500
d_x_2=0.750
d_x_3=0.333
d_x_4=0.500
d_x_5=0.500
d_x_6=0.500
d_x_8=0.500
d_x_10=0.500
d_x_11=0.250
d_x_13=0.250
d_x_14=0.500
d_x_15=1.333
d_x_16=0.500
d_x_17=0.250
d_x_19=2.333
d_y_1=2.500
d_y_2=0.750
d_y_3=0.667
d_y_4=1.500
d_y_5=1.500
d_y_6=0.500
d_y_7=0.333
d_y_8=1.500
d_y_10=0.500
d_y_11=0.750
d_y_13=0.250
d_y_14=0.500
d_y_15=0.333
d_y_16=0.500
d_y_17=1.250
d_y_18=1.667
d_y_19=0.333
d_y_20=2.667
normalized distance of container 1 : 0.3333333333333333
normalized distance of container 2 : 0.16666666666666666
normalized distance of container 3 : 0.11111111111111222
normalized distance of container 4 : 0.22222222222222143
normalized distance of container 5 : 0.2222222222222246
normalized distance of container 6 : 0.11111111111109355
normalized distance of container 7 : 0.03703703703703703
normalized distance of container 8 : 0.22222222222221155
normalized distance of container 9 : 0.0
normalized distance of container 10 : 0.11111111111111033
normalized distance of container 11 : 0.11111111111110089
normalized distance of container 12 : 0.0
normalized distance of container 13 : 0.05555555555553669
normalized distance of container 14 : 0.11111111111110993
normalized distance of container 15 : 0.18518518518518565
normalized distance of container 16 : 0.11111111111111033
normalized distance of container 17 : 0.16666666666666666
normalized distance of container 18 : 0.18518518518518517
normalized distance of container 19 : 0.2962962962962958
normalized distance of container 20 : 0.29629629629629606
