Number of initial container : 0
Number of new container : 20
Total number of containers : 20
Level_num : 9
Container_level : [1, 5, 6, 4, 2, 1, 1, 6, 6, 3, 6, 8, 6, 4, 1, 2, 8, 6, 3, 1]
ideal_configuration : 
 [[4. 6. 0. 0. 0. 0.]
 [2. 5. 6. 0. 0. 0.]
 [1. 3. 6. 6. 0. 0.]
 [1. 1. 3. 6. 8. 0.]
 [1. 1. 2. 4. 6. 8.]]
Centroid : {1: (1.4, 0.8), 5: (2.0, 3.0), 6: (3.5, 2.0), 4: (2.5, 2.0), 2: (2.0, 1.5), 3: (2.5, 1.5), 8: (5.5, 0.5)}
Repeat number : 15
Original weight : [8.4, 15.69, 18.52, 14.27, 10.23, 7.2, 6.42, 17.91, 17.56, 12.17, 18.89, 23.0, 18.25, 14.38, 8.14, 10.16, 23.66, 18.02, 10.73, 8.56]
Sequence : [1, 2, 3, 4, 5, 6, 7, 8, 9, 10, 11, 12, 13, 14, 15, 16, 17, 18, 19, 20]
Emergency : [0, 0, 0, 0, 0, 0, 0, 0, 0, 0, 0, 0, 0, 0, 0, 0, 0, 0, 0, 0]
Time taken to solve the MIP model : 0.1995 seconds
min_d : 0, max_d : 9
---------------------------------
solution for: IP model
objective: 3.24444
x_1_2_0=1
x_2_2_1=1
x_3_4_0=1
x_4_2_2=1
x_5_2_3=1
x_6_3_0=1
x_7_1_0=1
x_8_4_1=1
x_9_4_2=1
x_10_3_1=1
x_11_4_3=1
x_12_5_0=1
x_13_5_1=1
x_14_3_2=1
x_15_1_1=1
x_16_1_2=1
x_17_6_0=1
x_18_5_2=1
x_19_3_3=1
x_20_1_3=1
r_1_2=1
r_1_3=1
r_2_1=1
r_2_2=1
r_2_3=1
r_3_1=1
r_3_2=1
r_3_3=1
r_4_0=1
r_4_1=1
r_4_2=1
r_4_3=1
r_5_0=1
r_5_1=1
r_5_2=1
d_1=1.400
d_2=2.000
d_3=2.500
d_4=0.500
d_5=1.500
d_6=2.400
d_7=1.200
d_8=1.500
d_9=0.500
d_10=1.000
d_11=1.500
d_12=1.000
d_13=2.500
d_14=0.500
d_15=0.600
d_16=1.500
d_17=1.000
d_18=1.500
d_19=2.000
d_20=2.600
d_x_1=0.600
d_x_3=0.500
d_x_4=0.500
d_x_6=1.600
d_x_7=0.400
d_x_8=0.500
d_x_9=0.500
d_x_10=0.500
d_x_11=0.500
d_x_12=0.500
d_x_13=1.500
d_x_14=0.500
d_x_15=0.400
d_x_16=1.000
d_x_17=0.500
d_x_18=1.500
d_x_19=0.500
d_x_20=0.400
d_y_1=0.800
d_y_2=2.000
d_y_3=2.000
d_y_5=1.500
d_y_6=0.800
d_y_7=0.800
d_y_8=1.000
d_y_10=0.500
d_y_11=1.000
d_y_12=0.500
d_y_13=1.000
d_y_15=0.200
d_y_16=0.500
d_y_17=0.500
d_y_19=1.500
d_y_20=2.200
normalized distance of container 1 : 0.15555555555555556
normalized distance of container 2 : 0.2222222222222222
normalized distance of container 3 : 0.2777777777777774
normalized distance of container 4 : 0.05555555555555554
normalized distance of container 5 : 0.16666666666666666
normalized distance of container 6 : 0.2666666666666667
normalized distance of container 7 : 0.1333333333333324
normalized distance of container 8 : 0.16666666666666627
normalized distance of container 9 : 0.055555555555555164
normalized distance of container 10 : 0.11111111111111033
normalized distance of container 11 : 0.16666666666666627
normalized distance of container 12 : 0.11111111111110944
normalized distance of container 13 : 0.2777777777777778
normalized distance of container 14 : 0.05555555555555477
normalized distance of container 15 : 0.06666666666666606
normalized distance of container 16 : 0.16666666666666627
normalized distance of container 17 : 0.11111111111111052
normalized distance of container 18 : 0.16666666666666666
normalized distance of container 19 : 0.22222222222222143
normalized distance of container 20 : 0.2888888888888875
