Number of initial container : 0
Number of new container : 20
Total number of containers : 20
Level_num : 9
Container_level : [5, 1, 2, 7, 4, 9, 6, 4, 6, 4, 7, 5, 1, 4, 3, 1, 5, 8, 7, 3]
ideal_configuration : 
 [[5. 7. 0. 0. 0. 0.]
 [4. 5. 7. 0. 0. 0.]
 [2. 4. 5. 7. 0. 0.]
 [1. 3. 4. 6. 8. 0.]
 [1. 1. 3. 4. 6. 9.]]
Centroid : {5: (2.0, 3.0), 1: (1.3333333333333333, 0.3333333333333333), 2: (1.0, 2.0), 7: (3.0, 3.0), 4: (2.5, 1.5), 9: (6.0, 0.0), 6: (4.5, 0.5), 3: (2.5, 0.5), 8: (5.0, 1.0)}
Repeat number : 26
Original weight : [15.91, 5.68, 8.35, 21.12, 13.9, 23.99, 18.29, 14.11, 18.48, 14.44, 19.64, 16.21, 7.12, 12.71, 11.02, 5.69, 15.36, 23.82, 20.87, 11.77]
Sequence : [1, 2, 3, 4, 5, 6, 7, 8, 9, 10, 11, 12, 13, 14, 15, 16, 17, 18, 19, 20]
Emergency : [0, 0, 0, 0, 0, 0, 0, 0, 0, 0, 0, 0, 0, 0, 0, 0, 0, 0, 0, 0]
Time taken to solve the MIP model : 0.2354 seconds
min_d : 0, max_d : 9
---------------------------------
solution for: IP model
objective: 2.77778
x_1_2_0=1
x_2_2_1=1
x_3_2_2=1
x_4_2_3=1
x_5_3_0=1
x_6_6_0=1
x_7_5_0=1
x_8_3_1=1
x_9_4_0=1
x_10_3_2=1
x_11_3_3=1
x_12_2_4=1
x_13_1_0=1
x_14_1_1=1
x_15_4_1=1
x_16_1_2=1
x_17_1_3=1
x_18_5_1=1
x_19_3_4=1
x_20_4_2=1
r_1_0=1
r_1_1=1
r_1_2=1
r_1_3=1
r_2_0=1
r_2_1=1
r_2_2=1
r_2_3=1
r_2_4=1
r_3_0=1
r_3_1=1
r_3_2=1
r_3_3=1
r_3_4=1
r_4_0=1
r_4_1=1
r_4_2=1
d_1=3.000
d_2=1.333
d_3=1.000
d_4=1.000
d_5=2.000
d_7=1.000
d_8=1.000
d_9=1.000
d_10=1.000
d_12=1.000
d_13=0.667
d_14=2.000
d_15=2.000
d_16=2.000
d_17=1.000
d_19=1.000
d_20=3.000
d_x_2=0.667
d_x_3=1.000
d_x_4=1.000
d_x_5=0.500
d_x_7=0.500
d_x_8=0.500
d_x_9=0.500
d_x_10=0.500
d_x_13=0.333
d_x_14=1.500
d_x_15=1.500
d_x_16=0.333
d_x_17=1.000
d_x_20=1.500
d_y_1=3.000
d_y_2=0.667
d_y_5=1.500
d_y_7=0.500
d_y_8=0.500
d_y_9=0.500
d_y_10=0.500
d_y_12=1.000
d_y_13=0.333
d_y_14=0.500
d_y_15=0.500
d_y_16=1.667
d_y_19=1.000
d_y_20=1.500
normalized distance of container 1 : 0.3333333333333333
normalized distance of container 2 : 0.1481481481481481
normalized distance of container 3 : 0.1111111111111111
normalized distance of container 4 : 0.1111111111111111
normalized distance of container 5 : 0.2222222222222222
normalized distance of container 6 : 0.0
normalized distance of container 7 : 0.1111111111111111
normalized distance of container 8 : 0.1111111111111111
normalized distance of container 9 : 0.1111111111111111
normalized distance of container 10 : 0.11111111111111033
normalized distance of container 11 : 0.0
normalized distance of container 12 : 0.1111111111111111
normalized distance of container 13 : 0.07407407407407406
normalized distance of container 14 : 0.2222222222222222
normalized distance of container 15 : 0.2222222222222222
normalized distance of container 16 : 0.22222222222222113
normalized distance of container 17 : 0.1111111111111111
normalized distance of container 18 : 0.0
normalized distance of container 19 : 0.1111111111111111
normalized distance of container 20 : 0.3333333333333333
