Number of initial container : 0
Number of new container : 25
Total number of containers : 25
Level_num : 9
Container_level : [6, 3, 7, 1, 1, 9, 7, 2, 5, 5, 3, 1, 7, 3, 8, 1, 8, 8, 2, 8, 7, 6, 8, 6, 7]
ideal_configuration : 
 [[5. 7. 8. 9. 0. 0.]
 [3. 6. 7. 8. 0. 0.]
 [1. 3. 6. 7. 8. 0.]
 [1. 2. 3. 6. 7. 8.]
 [1. 1. 2. 5. 7. 8.]]
Centroid : {6: (2.0, 2.0), 3: (1.0, 2.0), 7: (2.8, 2.0), 1: (0.25, 0.75), 9: (3.0, 4.0), 2: (1.5, 0.5), 5: (1.5, 2.0), 8: (3.8, 2.0)}
Repeat number : 16
Original weight : [18.2, 12.36, 20.36, 6.16, 5.55, 23.83, 20.32, 10.09, 15.16, 16.09, 10.82, 6.57, 21.23, 10.26, 22.6, 7.55, 21.85, 23.14, 8.27, 21.75, 20.35, 19.13, 22.69, 18.96, 20.97]
Group : [0, 0, 0, 0, 0, 0, 0, 0, 0, 0, 0, 0, 0, 0, 0, 0, 0, 0, 0, 0, 0, 0, 0, 0, 0]
Sequence : [1, 2, 3, 4, 5, 6, 7, 8, 9, 10, 11, 12, 13, 14, 15, 16, 17, 18, 19, 20, 21, 22, 23, 24, 25]
Scroe : [18.2, 12.36, 20.36, 6.16, 5.55, 23.83, 20.32, 10.09, 15.16, 16.09, 10.82, 6.57, 21.23, 10.26, 22.6, 7.55, 21.85, 23.14, 8.27, 21.75, 20.35, 19.13, 22.69, 18.96, 20.97]
Time taken to solve the MIP model : 53806.9251 seconds
min_d : 0, max_d : 9
---------------------------------
solution for: IP model
objective: 2
x_0_4_0=1
x_1_0_0=1
x_2_0_1=1
x_3_3_0=1
x_4_5_0=1
x_5_0_2=1
x_6_0_2=-0
x_6_4_1=1
x_7_5_1=1
x_8_3_1=1
x_9_3_2=1
x_10_5_2=1
x_11_2_0=1
x_12_3_4=0
x_12_4_1=-0
x_12_4_2=1
x_13_2_1=1
x_14_2_2=1
x_15_1_0=1
x_16_4_3=1
x_17_2_3=1
x_18_1_1=1
x_19_4_4=1
x_20_1_2=1
x_21_3_3=1
x_22_1_3=1
x_23_5_3=1
x_24_3_4=1
r_4_3=1
r_4_4=1
d_0=4.000
d_1=3.000
d_2=4.000
d_3=4.000
d_4=6.000
d_5=5.000
d_6=4.000
d_7=5.000
d_8=3.000
d_9=2.000
d_10=4.000
d_11=3.000
d_12=3.000
d_13=2.000
d_14=2.000
d_15=2.000
d_16=2.000
d_17=3.000
d_18=2.000
d_19=3.000
d_20=2.000
d_21=2.000
d_22=4.000
d_23=4.000
d_24=3.000
d_x_0=2.000
d_x_1=1.000
d_x_2=3.000
d_x_3=3.000
d_x_4=5.000
d_x_5=3.000
d_x_6=2.000
d_x_7=4.000
d_x_8=2.000
d_x_9=2.000
d_x_10=4.000
d_x_11=2.000
d_x_12=2.000
d_x_13=1.000
d_x_14=2.000
d_x_15=1.000
d_x_16=1.000
d_x_17=2.000
d_x_18=1.000
d_x_19=1.000
d_x_20=2.000
d_x_21=1.000
d_x_22=3.000
d_x_23=3.000
d_x_24=1.000
d_y_0=2.000
d_y_1=2.000
d_y_2=1.000
d_y_3=1.000
d_y_4=1.000
d_y_5=2.000
d_y_6=2.000
d_y_7=1.000
d_y_8=1.000
d_y_11=1.000
d_y_12=1.000
d_y_13=1.000
d_y_15=1.000
d_y_16=1.000
d_y_17=1.000
d_y_18=1.000
d_y_19=2.000
d_y_21=1.000
d_y_22=1.000
d_y_23=1.000
d_y_24=2.000
normalized distance of container 0 : 0.4444444444444444
normalized distance of container 1 : 0.3333333333333333
normalized distance of container 2 : 0.4444444444444444
normalized distance of container 3 : 0.4444444444444444
normalized distance of container 4 : 0.6666666666666666
normalized distance of container 5 : 0.5555555555555556
normalized distance of container 6 : 0.4444444444444444
normalized distance of container 7 : 0.5555555555555556
normalized distance of container 8 : 0.3333333333333333
normalized distance of container 9 : 0.2222222222222222
normalized distance of container 10 : 0.4444444444444444
normalized distance of container 11 : 0.3333333333333333
normalized distance of container 12 : 0.3333333333333333
normalized distance of container 13 : 0.2222222222222222
normalized distance of container 14 : 0.2222222222222222
normalized distance of container 15 : 0.2222222222222222
normalized distance of container 16 : 0.2222222222222222
normalized distance of container 17 : 0.3333333333333333
normalized distance of container 18 : 0.2222222222222222
normalized distance of container 19 : 0.3333333333333333
normalized distance of container 20 : 0.2222222222222222
normalized distance of container 21 : 0.2222222222222222
normalized distance of container 22 : 0.4444444444444444
normalized distance of container 23 : 0.4444444444444444
normalized distance of container 24 : 0.3333333333333333
