Number of initial container : 0
Number of new container : 25
Total number of containers : 25
Level_num : 9
Container_level : [1, 3, 5, 5, 1, 2, 1, 4, 3, 5, 8, 4, 6, 5, 2, 8, 7, 4, 3, 5, 9, 8, 2, 4, 6]
ideal_configuration : 
 [[4. 5. 7. 9. 0. 0.]
 [3. 4. 5. 8. 0. 0.]
 [2. 3. 4. 5. 8. 0.]
 [1. 2. 3. 5. 6. 8.]
 [1. 1. 2. 4. 5. 6.]]
Centroid : {1: (0.3333333333333333, 0.3333333333333333), 3: (1.0, 2.0), 5: (2.6, 2.0), 2: (1.0, 1.0), 4: (1.5, 2.25), 8: (4.0, 2.0), 6: (4.5, 0.5), 7: (2.0, 4.0), 9: (3.0, 4.0)}
Repeat number : 12
Original weight : [5.76, 10.47, 15.0, 15.4, 6.17, 8.13, 7.1, 13.23, 11.86, 15.07, 23.27, 12.77, 18.01, 16.33, 9.71, 22.64, 20.1, 14.15, 11.88, 16.27, 23.79, 23.1, 8.61, 13.91, 17.62]
Group : [0, 0, 0, 0, 0, 0, 0, 0, 0, 0, 0, 0, 0, 0, 0, 0, 0, 0, 0, 0, 0, 0, 0, 0, 0]
Sequence : [1, 2, 3, 4, 5, 6, 7, 8, 9, 10, 11, 12, 13, 14, 15, 16, 17, 18, 19, 20, 21, 22, 23, 24, 25]
Scroe : [5.76, 10.47, 15.0, 15.4, 6.17, 8.13, 7.1, 13.23, 11.86, 15.07, 23.27, 12.77, 18.01, 16.33, 9.71, 22.64, 20.1, 14.15, 11.88, 16.27, 23.79, 23.1, 8.61, 13.91, 17.62]
Time taken to solve the MIP model : 2.2383 seconds
min_d : 0, max_d : 9
---------------------------------
solution for: IP model
objective: 0
x_0_5_0=1
x_1_1_0=1
x_2_1_1=1
x_3_1_2=1
x_4_5_1=1
x_5_5_2=1
x_6_4_0=1
x_7_2_0=1
x_8_4_1=1
x_9_4_2=1
x_10_4_3=1
x_11_0_0=1
x_12_1_3=1
x_13_0_1=1
x_14_5_3=1
x_15_0_2=1
x_16_1_4=1
x_17_2_1=1
x_18_5_4=1
x_19_2_2=1
x_20_0_3=1
x_21_2_3=1
x_22_3_0=1
x_23_3_1=1
x_24_3_2=1
d_0=6.000
d_1=2.000
d_2=3.000
d_3=2.000
d_4=6.000
d_5=5.000
d_6=5.000
d_7=4.000
d_8=4.000
d_9=2.000
d_10=1.000
d_11=5.000
d_12=7.000
d_13=4.000
d_14=6.000
d_15=4.000
d_16=1.000
d_17=3.000
d_18=6.000
d_19=1.000
d_20=4.000
d_21=3.000
d_22=3.000
d_23=4.000
d_24=4.000
d_x_0=5.000
d_x_2=2.000
d_x_3=2.000
d_x_4=5.000
d_x_5=4.000
d_x_6=4.000
d_x_7=1.000
d_x_8=3.000
d_x_9=2.000
d_x_11=2.000
d_x_12=4.000
d_x_13=3.000
d_x_14=4.000
d_x_15=4.000
d_x_16=1.000
d_x_17=1.000
d_x_18=4.000
d_x_19=1.000
d_x_20=3.000
d_x_21=2.000
d_x_22=2.000
d_x_23=2.000
d_x_24=2.000
d_y_0=1.000
d_y_1=2.000
d_y_2=1.000
d_y_4=1.000
d_y_5=1.000
d_y_6=1.000
d_y_7=3.000
d_y_8=1.000
d_y_10=1.000
d_y_11=3.000
d_y_12=3.000
d_y_13=1.000
d_y_14=2.000
d_y_17=2.000
d_y_18=2.000
d_y_20=1.000
d_y_21=1.000
d_y_22=1.000
d_y_23=2.000
d_y_24=2.000
normalized distance of container 0 : 0.6666666666666666
normalized distance of container 1 : 0.2222222222222222
normalized distance of container 2 : 0.3333333333333333
normalized distance of container 3 : 0.2222222222222222
normalized distance of container 4 : 0.6666666666666666
normalized distance of container 5 : 0.5555555555555556
normalized distance of container 6 : 0.5555555555555556
normalized distance of container 7 : 0.4444444444444444
normalized distance of container 8 : 0.4444444444444444
normalized distance of container 9 : 0.2222222222222222
normalized distance of container 10 : 0.1111111111111111
normalized distance of container 11 : 0.5555555555555556
normalized distance of container 12 : 0.7777777777777778
normalized distance of container 13 : 0.4444444444444444
normalized distance of container 14 : 0.6666666666666666
normalized distance of container 15 : 0.4444444444444444
normalized distance of container 16 : 0.1111111111111111
normalized distance of container 17 : 0.3333333333333333
normalized distance of container 18 : 0.6666666666666666
normalized distance of container 19 : 0.1111111111111111
normalized distance of container 20 : 0.4444444444444444
normalized distance of container 21 : 0.3333333333333333
normalized distance of container 22 : 0.3333333333333333
normalized distance of container 23 : 0.4444444444444444
normalized distance of container 24 : 0.4444444444444444
