Number of initial container : 0
Number of new container : 25
Total number of containers : 25
Level_num : 9
Container_level : [1, 5, 2, 4, 6, 5, 2, 1, 3, 4, 6, 1, 2, 6, 4, 1, 2, 7, 4, 5, 7, 4, 8, 9, 4]
ideal_configuration : 
 [[4. 5. 6. 9. 0. 0.]
 [2. 4. 5. 7. 0. 0.]
 [1. 2. 4. 5. 7. 0.]
 [1. 2. 3. 4. 6. 8.]
 [1. 1. 2. 4. 4. 6.]]
Centroid : {1: (0.25, 0.75), 5: (2.0, 3.0), 2: (1.0, 1.5), 4: (2.1666666666666665, 1.6666666666666667), 6: (3.6666666666666665, 1.6666666666666667), 3: (2.0, 1.0), 7: (3.5, 2.5), 8: (5.0, 1.0), 9: (3.0, 4.0)}
Repeat number : 19
Original weight : [6.06, 14.76, 9.21, 12.65, 17.1, 15.43, 8.6, 5.02, 9.6, 12.69, 16.42, 7.04, 8.13, 17.14, 13.15, 6.96, 8.94, 18.78, 13.27, 15.51, 19.17, 11.97, 21.93, 22.16, 12.26]
Group : [0, 0, 0, 0, 0, 0, 0, 0, 0, 0, 0, 0, 0, 0, 0, 0, 0, 0, 0, 0, 0, 0, 0, 0, 0]
Sequence : [1, 2, 3, 4, 5, 6, 7, 8, 9, 10, 11, 12, 13, 14, 15, 16, 17, 18, 19, 20, 21, 22, 23, 24, 25]
Scroe : [6.06, 14.76, 9.21, 12.65, 17.1, 15.43, 8.6, 5.02, 9.6, 12.69, 16.42, 7.04, 8.13, 17.14, 13.15, 6.96, 8.94, 18.78, 13.27, 15.51, 19.17, 11.97, 21.93, 22.16, 12.26]
Time taken to solve the MIP model : 1.0285 seconds
min_d : 0, max_d : 9
---------------------------------
solution for: IP model
objective: 0
x_0_3_0=1
x_1_5_0=1
x_2_1_0=1
x_3_1_1=1
x_4_5_1=1
x_5_1_2=1
x_6_0_0=1
x_7_4_0=1
x_8_2_0=1
x_9_2_1=1
x_10_0_1=1
x_11_4_1=1
x_12_4_2=1
x_13_0_2=1
x_14_4_3=1
x_15_3_1=1
x_16_3_2=1
x_17_1_3=1
x_18_2_2=1
x_19_2_3=1
x_20_5_2=1
x_21_3_3=1
x_22_2_4=1
x_23_0_3=1
x_24_3_4=1
d_0=4.000
d_1=6.000
d_2=2.000
d_3=3.000
d_4=3.000
d_5=2.000
d_6=3.000
d_7=5.000
d_8=1.000
d_9=2.000
d_10=5.000
d_11=5.000
d_12=4.000
d_13=5.000
d_14=4.000
d_15=4.000
d_16=3.000
d_17=4.000
d_18=2.000
d_20=3.000
d_21=3.000
d_22=6.000
d_23=4.000
d_24=4.000
d_x_0=3.000
d_x_1=3.000
d_x_3=2.000
d_x_4=2.000
d_x_5=1.000
d_x_6=1.000
d_x_7=4.000
d_x_9=1.000
d_x_10=4.000
d_x_11=4.000
d_x_12=3.000
d_x_13=4.000
d_x_14=2.000
d_x_15=3.000
d_x_16=2.000
d_x_17=3.000
d_x_18=1.000
d_x_20=2.000
d_x_21=1.000
d_x_22=3.000
d_x_23=3.000
d_x_24=1.000
d_y_0=1.000
d_y_1=3.000
d_y_2=2.000
d_y_3=1.000
d_y_4=1.000
d_y_5=1.000
d_y_6=2.000
d_y_7=1.000
d_y_8=1.000
d_y_9=1.000
d_y_10=1.000
d_y_11=1.000
d_y_12=1.000
d_y_13=1.000
d_y_14=2.000
d_y_15=1.000
d_y_16=1.000
d_y_17=1.000
d_y_18=1.000
d_y_20=1.000
d_y_21=2.000
d_y_22=3.000
d_y_23=1.000
d_y_24=3.000
normalized distance of container 0 : 0.4444444444444444
normalized distance of container 1 : 0.6666666666666666
normalized distance of container 2 : 0.2222222222222222
normalized distance of container 3 : 0.3333333333333333
normalized distance of container 4 : 0.3333333333333333
normalized distance of container 5 : 0.2222222222222222
normalized distance of container 6 : 0.3333333333333333
normalized distance of container 7 : 0.5555555555555556
normalized distance of container 8 : 0.1111111111111111
normalized distance of container 9 : 0.2222222222222222
normalized distance of container 10 : 0.5555555555555556
normalized distance of container 11 : 0.5555555555555556
normalized distance of container 12 : 0.4444444444444444
normalized distance of container 13 : 0.5555555555555556
normalized distance of container 14 : 0.4444444444444444
normalized distance of container 15 : 0.4444444444444444
normalized distance of container 16 : 0.3333333333333333
normalized distance of container 17 : 0.4444444444444444
normalized distance of container 18 : 0.2222222222222222
normalized distance of container 19 : 0.0
normalized distance of container 20 : 0.3333333333333333
normalized distance of container 21 : 0.3333333333333333
normalized distance of container 22 : 0.6666666666666666
normalized distance of container 23 : 0.4444444444444444
normalized distance of container 24 : 0.4444444444444444
