Number of initial container : 0
Number of new container : 25
Total number of containers : 25
Level_num : 9
Container_level : [5, 2, 6, 1, 8, 7, 2, 7, 3, 8, 9, 1, 2, 1, 6, 8, 1, 2, 4, 8, 1, 2, 3, 1, 3]
ideal_configuration : 
 [[2. 5. 8. 9. 0. 0.]
 [2. 3. 6. 8. 0. 0.]
 [1. 2. 3. 6. 8. 0.]
 [1. 1. 2. 3. 7. 8.]
 [1. 1. 1. 2. 4. 7.]]
Centroid : {5: (1.0, 4.0), 2: (1.2, 2.0), 6: (2.5, 2.5), 1: (0.6666666666666666, 0.6666666666666666), 8: (3.5, 2.5), 7: (4.5, 0.5), 3: (2.0, 2.0), 9: (3.0, 4.0), 4: (4.0, 0.0)}
Repeat number : 25
Original weight : [16.08, 8.4, 18.61, 6.77, 21.38, 18.9, 8.53, 20.53, 10.17, 22.03, 23.19, 7.25, 9.67, 7.19, 18.01, 22.78, 5.22, 7.57, 13.47, 22.12, 6.53, 7.48, 10.15, 6.97, 11.23]
Group : [0, 0, 0, 0, 0, 0, 0, 0, 0, 0, 0, 0, 0, 0, 0, 0, 0, 0, 0, 0, 0, 0, 0, 0, 0]
Sequence : [1, 2, 3, 4, 5, 6, 7, 8, 9, 10, 11, 12, 13, 14, 15, 16, 17, 18, 19, 20, 21, 22, 23, 24, 25]
Scroe : [16.08, 8.4, 18.61, 6.77, 21.38, 18.9, 8.53, 20.53, 10.17, 22.03, 23.19, 7.25, 9.67, 7.19, 18.01, 22.78, 5.22, 7.57, 13.47, 22.12, 6.53, 7.48, 10.15, 6.97, 11.23]
Time taken to solve the MIP model : 678.6584 seconds
min_d : 0, max_d : 9
---------------------------------
solution for: IP model
objective: 4.05303e-05
x_0_0_0=0
x_0_1_0=1
x_1_5_0=1
x_2_5_1=1
x_3_2_0=1
x_4_1_0=0
x_4_1_1=1
x_5_5_2=1
x_6_4_0=1
x_7_5_3=1
x_8_4_1=1
x_9_1_2=0
x_9_5_4=1
x_10_1_2=1
x_10_1_3=0
x_10_5_4=0
x_11_2_1=1
x_12_2_2=1
x_13_3_0=1
x_14_4_2=1
x_15_4_3=1
x_16_0_0=1
x_16_1_3=0
x_17_3_1=1
x_18_1_4=0
x_18_2_3=1
x_19_1_4=0
x_19_2_4=1
x_20_0_0=0
x_20_0_1=1
x_21_0_1=0
x_21_1_1=0
x_21_3_2=1
x_22_1_4=0
x_22_2_3=0
x_22_3_3=1
x_23_0_2=1
x_24_0_3=1
x_24_2_4=0
r_0_0=0
r_0_1=0
r_0_2=0
r_1_0=0
r_1_1=0
r_1_2=0
d_0=5.000
d_1=6.000
d_2=5.000
d_3=3.000
d_4=5.000
d_5=3.000
d_6=5.000
d_7=4.000
d_8=3.000
d_9=4.000
d_10=4.000
d_11=3.000
d_12=1.000
d_13=4.000
d_14=3.000
d_15=2.000
d_16=2.000
d_17=3.000
d_18=7.000
d_19=4.000
d_20=2.000
d_21=3.000
d_22=3.000
d_23=3.000
d_24=4.000
d_x_0=1.000
d_x_1=4.000
d_x_2=3.000
d_x_3=2.000
d_x_4=3.000
d_x_5=1.000
d_x_6=3.000
d_x_7=1.000
d_x_8=2.000
d_x_9=2.000
d_x_10=2.000
d_x_11=2.000
d_x_12=1.000
d_x_13=3.000
d_x_14=2.000
d_x_15=1.000
d_x_16=1.000
d_x_17=2.000
d_x_18=3.000
d_x_19=2.000
d_x_20=1.000
d_x_21=2.000
d_x_22=1.000
d_x_23=1.000
d_x_24=2.000
d_y_0=4.000
d_y_1=2.000
d_y_2=2.000
d_y_3=1.000
d_y_4=2.000
d_y_5=2.000
d_y_6=2.000
d_y_7=3.000
d_y_8=1.000
d_y_9=2.000
d_y_10=2.000
d_y_11=1.000
d_y_13=1.000
d_y_14=1.000
d_y_15=1.000
d_y_16=1.000
d_y_17=1.000
d_y_18=4.000
d_y_19=2.000
d_y_20=1.000
d_y_21=1.000
d_y_22=2.000
d_y_23=2.000
d_y_24=2.000
normalized distance of container 0 : 0.5555555555555556
normalized distance of container 1 : 0.6666666666666666
normalized distance of container 2 : 0.5555555555555556
normalized distance of container 3 : 0.3333333333333333
normalized distance of container 4 : 0.5555555555555556
normalized distance of container 5 : 0.3333333333333333
normalized distance of container 6 : 0.5555555555555556
normalized distance of container 7 : 0.4444444444444444
normalized distance of container 8 : 0.3333333333333333
normalized distance of container 9 : 0.4444444444444444
normalized distance of container 10 : 0.4444444444444444
normalized distance of container 11 : 0.3333333333333333
normalized distance of container 12 : 0.1111111111111111
normalized distance of container 13 : 0.4444444444444444
normalized distance of container 14 : 0.3333333333333333
normalized distance of container 15 : 0.2222222222222222
normalized distance of container 16 : 0.2222222222222222
normalized distance of container 17 : 0.3333333333333333
normalized distance of container 18 : 0.7777777777777778
normalized distance of container 19 : 0.4444444444444444
normalized distance of container 20 : 0.2222222222222222
normalized distance of container 21 : 0.3333333333333333
normalized distance of container 22 : 0.3333333333333333
normalized distance of container 23 : 0.3333333333333333
normalized distance of container 24 : 0.4444444444444444
