Number of initial container : 0
Number of new container : 25
Total number of containers : 25
Level_num : 9
Container_level : [4, 8, 1, 2, 1, 4, 8, 1, 5, 2, 8, 4, 7, 8, 3, 1, 9, 6, 7, 7, 7, 6, 3, 8, 3]
ideal_configuration : 
 [[4. 7. 8. 9. 0. 0.]
 [3. 4. 7. 8. 0. 0.]
 [1. 3. 5. 7. 8. 0.]
 [1. 2. 3. 6. 7. 8.]
 [1. 1. 2. 4. 6. 8.]]
Centroid : {4: (1.3333333333333333, 2.3333333333333335), 8: (3.8, 2.0), 1: (0.25, 0.75), 2: (1.5, 0.5), 5: (2.0, 2.0), 7: (2.5, 2.5), 3: (1.0, 2.0), 9: (3.0, 4.0), 6: (3.5, 0.5)}
Repeat number : 14
Original weight : [14.4, 20.95, 8.16, 8.83, 7.12, 14.58, 22.61, 6.47, 16.33, 9.93, 21.45, 12.58, 19.06, 22.53, 11.57, 6.19, 23.03, 17.58, 20.83, 20.77, 20.91, 17.62, 12.25, 21.97, 11.67]
Group : [0, 0, 0, 0, 0, 0, 0, 0, 0, 0, 0, 0, 0, 0, 0, 0, 0, 0, 0, 0, 0, 0, 0, 0, 0]
Sequence : [1, 2, 3, 4, 5, 6, 7, 8, 9, 10, 11, 12, 13, 14, 15, 16, 17, 18, 19, 20, 21, 22, 23, 24, 25]
Scroe : [14.4, 20.95, 8.16, 8.83, 7.12, 14.58, 22.61, 6.47, 16.33, 9.93, 21.45, 12.58, 19.06, 22.53, 11.57, 6.19, 23.03, 17.58, 20.83, 20.77, 20.91, 17.62, 12.25, 21.97, 11.67]
Time taken to solve the MIP model : 8788.4776 seconds
min_d : 0, max_d : 9
---------------------------------
solution for: IP model
objective: 2
x_0_1_0=1
x_1_1_1=1
x_2_5_0=1
x_3_3_0=1
x_4_2_0=1
x_5_3_1=1
x_6_1_2=1
x_7_4_0=1
x_8_3_2=1
x_9_2_1=1
x_10_3_3=1
x_11_4_1=1
x_12_4_2=1
x_13_3_4=1
x_14_2_2=1
x_15_0_0=1
x_16_1_3=1
x_17_2_3=1
x_18_4_3=1
x_19_2_4=1
x_20_4_4=1
x_21_5_1=1
x_22_0_1=1
x_23_0_2=1
x_24_5_2=1
r_5_1=1
r_5_2=1
d_0=4.000
d_1=4.000
d_2=6.000
d_3=3.000
d_4=3.000
d_5=4.000
d_6=3.000
d_7=5.000
d_8=1.000
d_9=2.000
d_10=2.000
d_11=5.000
d_12=3.000
d_13=3.000
d_14=1.000
d_15=2.000
d_16=3.000
d_17=5.000
d_18=3.000
d_19=3.000
d_20=4.000
d_21=3.000
d_22=2.000
d_23=4.000
d_24=4.000
d_x_0=1.000
d_x_1=3.000
d_x_2=5.000
d_x_3=2.000
d_x_4=2.000
d_x_5=2.000
d_x_6=3.000
d_x_7=4.000
d_x_8=1.000
d_x_9=1.000
d_x_10=1.000
d_x_11=3.000
d_x_12=2.000
d_x_13=1.000
d_x_14=1.000
d_x_15=1.000
d_x_16=2.000
d_x_17=2.000
d_x_18=2.000
d_x_19=1.000
d_x_20=2.000
d_x_21=2.000
d_x_22=1.000
d_x_23=4.000
d_x_24=4.000
d_y_0=3.000
d_y_1=1.000
d_y_2=1.000
d_y_3=1.000
d_y_4=1.000
d_y_5=2.000
d_y_7=1.000
d_y_9=1.000
d_y_10=1.000
d_y_11=2.000
d_y_12=1.000
d_y_13=2.000
d_y_15=1.000
d_y_16=1.000
d_y_17=3.000
d_y_18=1.000
d_y_19=2.000
d_y_20=2.000
d_y_21=1.000
d_y_22=1.000
normalized distance of container 0 : 0.4444444444444444
normalized distance of container 1 : 0.4444444444444444
normalized distance of container 2 : 0.6666666666666666
normalized distance of container 3 : 0.3333333333333333
normalized distance of container 4 : 0.3333333333333333
normalized distance of container 5 : 0.4444444444444444
normalized distance of container 6 : 0.3333333333333333
normalized distance of container 7 : 0.5555555555555556
normalized distance of container 8 : 0.1111111111111111
normalized distance of container 9 : 0.2222222222222222
normalized distance of container 10 : 0.2222222222222222
normalized distance of container 11 : 0.5555555555555556
normalized distance of container 12 : 0.3333333333333333
normalized distance of container 13 : 0.3333333333333333
normalized distance of container 14 : 0.1111111111111111
normalized distance of container 15 : 0.2222222222222222
normalized distance of container 16 : 0.3333333333333333
normalized distance of container 17 : 0.5555555555555556
normalized distance of container 18 : 0.3333333333333333
normalized distance of container 19 : 0.3333333333333333
normalized distance of container 20 : 0.4444444444444444
normalized distance of container 21 : 0.3333333333333333
normalized distance of container 22 : 0.2222222222222222
normalized distance of container 23 : 0.4444444444444444
normalized distance of container 24 : 0.4444444444444444
