Number of initial container : 0
Number of new container : 25
Total number of containers : 25
Level_num : 9
Container_level : [1, 7, 7, 8, 9, 7, 5, 1, 7, 6, 2, 4, 8, 1, 7, 1, 8, 2, 3, 5, 2, 4, 6, 8, 3]
ideal_configuration : 
 [[4. 7. 8. 9. 0. 0.]
 [2. 5. 7. 8. 0. 0.]
 [1. 3. 5. 7. 8. 0.]
 [1. 2. 3. 6. 7. 8.]
 [1. 1. 2. 4. 6. 7.]]
Centroid : {1: (0.25, 0.75), 7: (3.0, 2.0), 8: (3.5, 2.5), 9: (3.0, 4.0), 5: (1.5, 2.5), 6: (3.5, 0.5), 2: (1.0, 1.3333333333333333), 4: (1.5, 2.0), 3: (1.5, 1.5)}
Repeat number : 23
Original weight : [7.25, 21.26, 21.39, 21.64, 23.91, 20.94, 16.44, 5.3, 21.39, 19.08, 8.64, 13.65, 23.87, 7.36, 19.66, 5.53, 22.5, 8.11, 11.42, 16.39, 7.63, 13.43, 18.83, 23.17, 12.02]
Group : [0, 0, 0, 0, 0, 0, 0, 0, 0, 0, 0, 0, 0, 0, 0, 0, 0, 0, 0, 0, 0, 0, 0, 0, 0]
Sequence : [1, 2, 3, 4, 5, 6, 7, 8, 9, 10, 11, 12, 13, 14, 15, 16, 17, 18, 19, 20, 21, 22, 23, 24, 25]
Scroe : [7.25, 21.26, 21.39, 21.64, 23.91, 20.94, 16.44, 5.3, 21.39, 19.08, 8.64, 13.65, 23.87, 7.36, 19.66, 5.53, 22.5, 8.11, 11.42, 16.39, 7.63, 13.43, 18.83, 23.17, 12.02]
Time taken to solve the MIP model : 3.3781 seconds
min_d : 0, max_d : 9
---------------------------------
solution for: IP model
objective: 0
x_0_3_0=1
x_1_3_1=1
x_2_3_2=1
x_3_3_3=1
x_4_3_4=1
x_5_1_0=1
x_6_2_0=1
x_7_4_0=1
x_8_1_1=1
x_9_2_1=1
x_10_4_1=1
x_11_4_2=1
x_12_1_2=1
x_13_5_0=1
x_14_2_2=1
x_15_0_0=1
x_16_2_3=1
x_17_0_1=1
x_18_0_2=1
x_19_4_3=1
x_20_5_1=1
x_21_5_2=1
x_22_4_4=1
x_23_5_3=1
x_24_0_3=1
d_0=4.000
d_1=1.000
d_3=2.000
d_5=4.000
d_6=4.000
d_7=5.000
d_8=3.000
d_9=3.000
d_10=4.000
d_11=3.000
d_12=4.000
d_13=6.000
d_14=1.000
d_15=2.000
d_16=3.000
d_17=2.000
d_18=3.000
d_19=4.000
d_20=5.000
d_21=4.000
d_22=5.000
d_23=3.000
d_24=4.000
d_x_0=3.000
d_x_3=1.000
d_x_5=2.000
d_x_6=1.000
d_x_7=4.000
d_x_8=2.000
d_x_9=2.000
d_x_10=3.000
d_x_11=3.000
d_x_12=3.000
d_x_13=5.000
d_x_14=1.000
d_x_15=1.000
d_x_16=2.000
d_x_17=1.000
d_x_18=2.000
d_x_19=3.000
d_x_20=4.000
d_x_21=4.000
d_x_22=1.000
d_x_23=2.000
d_x_24=2.000
d_y_0=1.000
d_y_1=1.000
d_y_3=1.000
d_y_5=2.000
d_y_6=3.000
d_y_7=1.000
d_y_8=1.000
d_y_9=1.000
d_y_10=1.000
d_y_12=1.000
d_y_13=1.000
d_y_15=1.000
d_y_16=1.000
d_y_17=1.000
d_y_18=1.000
d_y_19=1.000
d_y_20=1.000
d_y_22=4.000
d_y_23=1.000
d_y_24=2.000
normalized distance of container 0 : 0.4444444444444444
normalized distance of container 1 : 0.1111111111111111
normalized distance of container 2 : 0.0
normalized distance of container 3 : 0.2222222222222222
normalized distance of container 4 : 0.0
normalized distance of container 5 : 0.4444444444444444
normalized distance of container 6 : 0.4444444444444444
normalized distance of container 7 : 0.5555555555555556
normalized distance of container 8 : 0.3333333333333333
normalized distance of container 9 : 0.3333333333333333
normalized distance of container 10 : 0.4444444444444444
normalized distance of container 11 : 0.3333333333333333
normalized distance of container 12 : 0.4444444444444444
normalized distance of container 13 : 0.6666666666666666
normalized distance of container 14 : 0.1111111111111111
normalized distance of container 15 : 0.2222222222222222
normalized distance of container 16 : 0.3333333333333333
normalized distance of container 17 : 0.2222222222222222
normalized distance of container 18 : 0.3333333333333333
normalized distance of container 19 : 0.4444444444444444
normalized distance of container 20 : 0.5555555555555556
normalized distance of container 21 : 0.4444444444444444
normalized distance of container 22 : 0.5555555555555556
normalized distance of container 23 : 0.3333333333333333
normalized distance of container 24 : 0.4444444444444444
