Number of initial container : 10
Number of new container : 5
Total number of containers : 15
Level_num : 9
Container_level : [4, 1, 7, 7, 8, 2, 5, 1, 6, 6, 2, 7, 3, 6, 9]
ideal_configuration : 
 [[7. 0. 0. 0. 0. 0.]
 [5. 7. 0. 0. 0. 0.]
 [2. 6. 7. 0. 0. 0.]
 [1. 3. 6. 8. 0. 0.]
 [1. 2. 4. 6. 9. 0.]]
Centroid : {4: (2.0, 0.0), 1: (0.0, 0.5), 7: (1.0, 3.0), 8: (3.0, 1.0), 2: (0.5, 1.0), 5: (0.0, 3.0), 6: (2.0, 1.0), 3: (1.0, 1.0), 9: (4.0, 0.0)}
Repeat number : 2
Original weight : [12.66, 5.04, 19.39, 18.11, 19.79, 7.95, 13.74, 5.9, 16.45, 15.86, 7.75, 19.47, 10.45, 17.33, 21.67]
Sequence : [0, 0, 0, 0, 0, 0, 0, 0, 0, 0, 1, 2, 3, 4, 5]
Emergency : [0, 0, 0, 0, 0, 0, 0, 0, 0, 0, 0, 0, 0, 0, 0]
Time taken to solve the MIP model : 0.0091 seconds
min_d : 0, max_d : 9
---------------------------------
solution for: IP model
objective: 7
status: OPTIMAL_SOLUTION(2)
x_0_3_0=1
x_1_3_1=1
x_2_3_2=1
x_3_3_3=1
x_4_3_4=1
x_5_1_0=1
x_6_5_0=1
x_7_1_1=1
x_8_2_0=1
x_9_2_1=1
x_10_0_0=1
x_11_2_2=1
x_12_4_0=1
x_13_4_1=1
x_14_4_2=1
r_1_0=1
r_1_1=1
r_2_0=1
r_2_1=1
r_2_2=1
r_3_0=1
r_3_1=1
r_3_2=1
r_3_3=1
r_3_4=1
d_0=1.000
d_1=3.500
d_2=3.000
d_3=2.000
d_4=3.000
d_5=1.500
d_6=8.000
d_7=1.500
d_8=1.000
d_10=1.500
d_11=2.000
d_12=4.000
d_13=2.000
d_14=2.000
d_x_0=1.000
d_x_1=3.000
d_x_2=2.000
d_x_3=2.000
d_x_5=0.500
d_x_6=5.000
d_x_7=1.000
d_x_10=0.500
d_x_11=1.000
d_x_12=3.000
d_x_13=2.000
d_y_1=0.500
d_y_2=1.000
d_y_4=3.000
d_y_5=1.000
d_y_6=3.000
d_y_7=0.500
d_y_8=1.000
d_y_10=1.000
d_y_11=1.000
d_y_12=1.000
d_y_14=2.000
normalized distance of container 0 : 0.1111111111111111
normalized distance of container 1 : 0.3888888888888889
normalized distance of container 2 : 0.3333333333333333
normalized distance of container 3 : 0.2222222222222222
normalized distance of container 4 : 0.3333333333333333
normalized distance of container 5 : 0.16666666666666666
normalized distance of container 6 : 0.8888888888888888
normalized distance of container 7 : 0.16666666666666666
normalized distance of container 8 : 0.1111111111111111
normalized distance of container 9 : 0.0
normalized distance of container 10 : 0.16666666666666646
normalized distance of container 11 : 0.2222222222222222
normalized distance of container 12 : 0.4444444444444444
normalized distance of container 13 : 0.2222222222222222
normalized distance of container 14 : 0.2222222222222222
