Number of initial container : 10
Number of new container : 5
Total number of containers : 15
Level_num : 9
Container_level : [8, 1, 1, 6, 1, 7, 1, 4, 9, 2, 5, 6, 7, 8, 3]
ideal_configuration : 
 [[7. 0. 0. 0. 0. 0.]
 [4. 7. 0. 0. 0. 0.]
 [1. 5. 8. 0. 0. 0.]
 [1. 2. 6. 8. 0. 0.]
 [1. 1. 3. 6. 9. 0.]]
Centroid : {8: (2.5, 1.5), 1: (0.25, 0.75), 6: (2.5, 0.5), 7: (0.5, 3.5), 4: (0.0, 3.0), 9: (4.0, 0.0), 2: (1.0, 1.0), 5: (1.0, 2.0), 3: (2.0, 0.0)}
Repeat number : 22
Original weight : [22.93, 8.17, 8.56, 18.58, 8.02, 20.79, 6.93, 14.69, 23.27, 9.06, 16.77, 18.49, 20.95, 22.61, 12.33]
Sequence : [0, 0, 0, 0, 0, 0, 0, 0, 0, 0, 1, 2, 3, 4, 5]
Emergency : [0, 0, 0, 0, 0, 0, 0, 0, 0, 0, 0, 0, 0, 0, 0]
Time taken to solve the MIP model : 0.0320 seconds
min_d : 0, max_d : 9
---------------------------------
solution for: IP model
objective: 7.16667
status: OPTIMAL_SOLUTION(2)
x_0_1_0=1
x_1_4_0=1
x_2_3_0=1
x_3_3_1=1
x_4_4_1=1
x_5_5_0=1
x_6_5_1=1
x_7_3_2=1
x_8_2_0=1
x_9_0_0=1
x_10_0_1=1
x_11_0_2=1
x_12_0_3=1
x_13_4_2=1
x_14_1_1=1
r_1_0=1
r_1_1=1
r_3_1=1
r_3_2=1
r_4_0=1
r_4_1=1
r_4_2=1
r_5_0=1
r_5_1=1
d_0=3.000
d_1=4.500
d_2=3.500
d_3=1.000
d_4=4.000
d_5=8.000
d_6=5.000
d_7=4.000
d_8=2.000
d_9=2.000
d_10=2.000
d_11=4.000
d_12=1.000
d_13=2.000
d_14=2.000
d_x_0=1.500
d_x_1=3.750
d_x_2=2.750
d_x_3=0.500
d_x_4=3.750
d_x_5=4.500
d_x_6=4.750
d_x_7=3.000
d_x_8=2.000
d_x_9=1.000
d_x_10=1.000
d_x_11=2.500
d_x_12=0.500
d_x_13=1.500
d_x_14=1.000
d_y_0=1.500
d_y_1=0.750
d_y_2=0.750
d_y_3=0.500
d_y_4=0.250
d_y_5=3.500
d_y_6=0.250
d_y_7=1.000
d_y_9=1.000
d_y_10=1.000
d_y_11=1.500
d_y_12=0.500
d_y_13=0.500
d_y_14=1.000
normalized distance of container 0 : 0.3333333333333333
normalized distance of container 1 : 0.5
normalized distance of container 2 : 0.3888888888888889
normalized distance of container 3 : 0.1111111111111111
normalized distance of container 4 : 0.4444444444444444
normalized distance of container 5 : 0.8888888888888888
normalized distance of container 6 : 0.5555555555555556
normalized distance of container 7 : 0.4444444444444444
normalized distance of container 8 : 0.2222222222222222
normalized distance of container 9 : 0.2222222222222222
normalized distance of container 10 : 0.2222222222222222
normalized distance of container 11 : 0.4444444444444444
normalized distance of container 12 : 0.11111111111111033
normalized distance of container 13 : 0.22222222222222182
normalized distance of container 14 : 0.2222222222222222
