Number of initial container : 10
Number of new container : 5
Total number of containers : 15
Level_num : 9
Container_level : [4, 5, 3, 4, 5, 5, 5, 8, 9, 6, 1, 1, 7, 1, 1]
ideal_configuration : 
 [[5. 0. 0. 0. 0. 0.]
 [4. 6. 0. 0. 0. 0.]
 [1. 5. 7. 0. 0. 0.]
 [1. 3. 5. 8. 0. 0.]
 [1. 1. 4. 5. 9. 0.]]
Centroid : {4: (1.0, 1.5), 5: (1.5, 1.75), 3: (1.0, 1.0), 8: (3.0, 1.0), 9: (4.0, 0.0), 6: (1.0, 3.0), 1: (0.25, 0.75), 7: (2.0, 2.0)}
Repeat number : 5
Original weight : [12.82, 16.35, 10.02, 13.53, 15.8, 15.29, 16.2, 23.06, 23.68, 17.61, 6.6, 6.95, 20.6, 5.28, 5.92]
Group : [0, 0, 0, 0, 0, 0, 0, 0, 0, 0, 0, 0, 0, 0, 0]
Sequence : [0, 0, 0, 0, 0, 0, 0, 0, 0, 0, 1, 2, 3, 4, 5]
Scroe : [12.82, 16.35, 10.02, 13.53, 15.8, 15.29, 16.2, 23.06, 23.68, 17.61, 6.6, 6.95, 20.6, 5.28, 5.92]
Time taken to solve the MIP model : 0.0156 seconds
min_d : 0, max_d : 9
---------------------------------
solution for: IP model
objective: 3.44444
x_0_5_0=1
x_1_3_0=1
x_2_4_0=1
x_3_5_1=1
x_4_0_0=1
x_5_0_1=1
x_6_4_1=1
x_7_5_2=1
x_8_5_3=1
x_9_3_1=1
x_10_2_0=1
x_11_2_1=1
x_12_2_2=1
x_13_1_0=1
x_14_1_1=1
r_0_0=1
r_0_1=1
d_0=5.500
d_1=3.250
d_2=4.000
d_3=4.500
d_4=3.250
d_5=2.250
d_6=3.250
d_7=3.000
d_8=4.000
d_9=4.000
d_10=2.500
d_11=2.000
d_13=1.500
d_14=1.000
d_x_0=4.000
d_x_1=1.500
d_x_2=3.000
d_x_3=4.000
d_x_4=1.500
d_x_5=1.500
d_x_6=2.500
d_x_7=2.000
d_x_8=1.000
d_x_9=2.000
d_x_10=1.750
d_x_11=1.750
d_x_13=0.750
d_x_14=0.750
d_y_0=1.500
d_y_1=1.750
d_y_2=1.000
d_y_3=0.500
d_y_4=1.750
d_y_5=0.750
d_y_6=0.750
d_y_7=1.000
d_y_8=3.000
d_y_9=2.000
d_y_10=0.750
d_y_11=0.250
d_y_13=0.750
d_y_14=0.250
normalized distance of container 0 : 0.6111111111111112
normalized distance of container 1 : 0.3611111111111111
normalized distance of container 2 : 0.4444444444444444
normalized distance of container 3 : 0.5
normalized distance of container 4 : 0.3611111111111111
normalized distance of container 5 : 0.25
normalized distance of container 6 : 0.3611111111111111
normalized distance of container 7 : 0.3333333333333333
normalized distance of container 8 : 0.4444444444444444
normalized distance of container 9 : 0.4444444444444444
normalized distance of container 10 : 0.27777777777777757
normalized distance of container 11 : 0.22222222222222182
normalized distance of container 12 : 0.0
normalized distance of container 13 : 0.16666666666666666
normalized distance of container 14 : 0.11111111111111031
