Number of initial container : 5
Number of new container : 10
Total number of containers : 15
Level_num : 9
Container_level : [1, 6, 6, 3, 3, 3, 8, 8, 6, 8, 9, 1, 3, 3, 6]
ideal_configuration : 
 [[6. 0. 0. 0. 0. 0.]
 [3. 8. 0. 0. 0. 0.]
 [3. 6. 8. 0. 0. 0.]
 [1. 3. 6. 8. 0. 0.]
 [1. 3. 3. 6. 9. 0.]]
Centroid : {1: (0.0, 0.5), 6: (1.5, 1.75), 3: (0.8, 1.2), 8: (2.0, 2.0), 9: (4.0, 0.0)}
Repeat number : 20
Original weight : [23.59, 20.38, 14.52, 17.08, 16.05, 14.51, 9.17, 12.05, 19.42, 14.4, 18.02, 16.33, 5.49, 19.12, 13.3]
Group : [0, 2, 2, 1, 1, 1, 3, 3, 2, 3, 3, 0, 1, 1, 2]
Sequence : [0, 0, 0, 0, 0, 1, 2, 3, 4, 5, 6, 7, 8, 9, 10]
Scroe : [23.59, 220.38, 214.52, 117.08, 116.05, 114.51, 309.17, 312.05, 219.42000000000002, 314.4, 318.02, 16.33, 105.49, 119.12, 213.3]
Time taken to solve the MIP model : 0.0173 seconds
min_d : 0, max_d : 9
---------------------------------
solution for: IP model
objective: 2
x_0_3_0=1
x_1_4_0=1
x_2_2_0=1
x_3_1_0=1
x_4_2_1=1
x_5_0_0=1
x_6_0_1=1
x_7_0_2=1
x_8_1_1=1
x_9_0_3=1
x_10_1_2=1
x_11_5_0=1
x_12_3_1=1
x_13_3_2=1
x_14_5_1=1
r_2_0=1
r_2_1=1
d_0=4.000
d_1=5.000
d_2=3.000
d_3=3.000
d_4=3.000
d_5=3.000
d_6=3.000
d_7=2.000
d_8=2.000
d_9=3.000
d_10=5.000
d_11=6.000
d_12=4.000
d_13=4.000
d_14=5.000
d_x_0=3.000
d_x_1=3.000
d_x_2=1.000
d_x_3=1.000
d_x_4=2.000
d_x_5=1.000
d_x_6=2.000
d_x_7=2.000
d_x_8=1.000
d_x_9=2.000
d_x_10=3.000
d_x_11=5.000
d_x_12=3.000
d_x_13=3.000
d_x_14=4.000
d_y_0=1.000
d_y_1=2.000
d_y_2=2.000
d_y_3=2.000
d_y_4=1.000
d_y_5=2.000
d_y_6=1.000
d_y_8=1.000
d_y_9=1.000
d_y_10=2.000
d_y_11=1.000
d_y_12=1.000
d_y_13=1.000
d_y_14=1.000
normalized distance of container 0 : 0.4444444444444444
normalized distance of container 1 : 0.5555555555555556
normalized distance of container 2 : 0.3333333333333333
normalized distance of container 3 : 0.3333333333333333
normalized distance of container 4 : 0.3333333333333333
normalized distance of container 5 : 0.3333333333333333
normalized distance of container 6 : 0.3333333333333333
normalized distance of container 7 : 0.2222222222222222
normalized distance of container 8 : 0.2222222222222222
normalized distance of container 9 : 0.3333333333333333
normalized distance of container 10 : 0.5555555555555556
normalized distance of container 11 : 0.6666666666666666
normalized distance of container 12 : 0.4444444444444444
normalized distance of container 13 : 0.4444444444444444
normalized distance of container 14 : 0.5555555555555556
