Number of initial container : 5
Number of new container : 10
Total number of containers : 15
Level_num : 9
Container_level : [6, 3, 3, 8, 3, 8, 8, 8, 8, 1, 8, 1, 6, 9, 6]
ideal_configuration : 
 [[8. 0. 0. 0. 0. 0.]
 [6. 8. 0. 0. 0. 0.]
 [3. 6. 8. 0. 0. 0.]
 [1. 3. 8. 8. 0. 0.]
 [1. 3. 6. 8. 9. 0.]]
Centroid : {6: (1.0, 1.6666666666666667), 3: (0.6666666666666666, 1.0), 8: (1.8333333333333333, 1.8333333333333333), 1: (0.0, 0.5), 9: (4.0, 0.0)}
Repeat number : 11
Original weight : [14.81, 17.39, 11.84, 8.87, 13.08, 22.26, 12.22, 7.18, 18.02, 23.31, 10.71, 10.81, 9.1, 23.38, 22.64]
Group : [2, 1, 1, 3, 1, 3, 3, 3, 3, 0, 3, 0, 2, 3, 2]
Sequence : [0, 0, 0, 0, 0, 1, 2, 3, 4, 5, 6, 7, 8, 9, 10]
Scroe : [214.81, 117.39, 111.84, 308.87, 113.08, 322.26, 312.22, 307.18, 318.02, 23.31, 310.71, 10.81, 209.1, 323.38, 222.64]
Time taken to solve the MIP model : 0.0179 seconds
min_d : 0, max_d : 9
---------------------------------
solution for: IP model
objective: 0
x_0_2_0=1
x_1_3_0=1
x_2_0_0=1
x_3_3_1=1
x_4_4_0=1
x_5_3_2=1
x_6_2_1=1
x_7_0_1=1
x_8_2_2=1
x_9_1_0=1
x_10_1_1=1
x_11_5_0=1
x_12_4_1=1
x_13_1_2=1
x_14_5_1=1
d_0=3.000
d_1=4.000
d_2=2.000
d_3=3.000
d_4=5.000
d_5=3.000
d_6=2.000
d_7=3.000
d_8=2.000
d_9=2.000
d_10=2.000
d_11=6.000
d_12=4.000
d_13=5.000
d_14=5.000
d_x_0=1.000
d_x_1=3.000
d_x_2=1.000
d_x_3=2.000
d_x_4=4.000
d_x_5=2.000
d_x_6=1.000
d_x_7=2.000
d_x_8=1.000
d_x_9=1.000
d_x_10=1.000
d_x_11=5.000
d_x_12=3.000
d_x_13=3.000
d_x_14=4.000
d_y_0=2.000
d_y_1=1.000
d_y_2=1.000
d_y_3=1.000
d_y_4=1.000
d_y_5=1.000
d_y_6=1.000
d_y_7=1.000
d_y_8=1.000
d_y_9=1.000
d_y_10=1.000
d_y_11=1.000
d_y_12=1.000
d_y_13=2.000
d_y_14=1.000
normalized distance of container 0 : 0.3333333333333333
normalized distance of container 1 : 0.4444444444444444
normalized distance of container 2 : 0.2222222222222222
normalized distance of container 3 : 0.3333333333333333
normalized distance of container 4 : 0.5555555555555556
normalized distance of container 5 : 0.3333333333333333
normalized distance of container 6 : 0.2222222222222222
normalized distance of container 7 : 0.3333333333333333
normalized distance of container 8 : 0.2222222222222222
normalized distance of container 9 : 0.2222222222222222
normalized distance of container 10 : 0.2222222222222222
normalized distance of container 11 : 0.6666666666666666
normalized distance of container 12 : 0.4444444444444444
normalized distance of container 13 : 0.5555555555555556
normalized distance of container 14 : 0.5555555555555556
