Number of initial container : 5
Number of new container : 10
Total number of containers : 15
Level_num : 9
Container_level : [1, 8, 1, 9, 6, 8, 3, 1, 3, 6, 4, 3, 3, 1, 1]
ideal_configuration : 
 [[6. 0. 0. 0. 0. 0.]
 [3. 6. 0. 0. 0. 0.]
 [1. 3. 8. 0. 0. 0.]
 [1. 1. 3. 8. 0. 0.]
 [1. 1. 3. 4. 9. 0.]]
Centroid : {1: (0.4, 0.8), 8: (2.5, 1.5), 9: (4.0, 0.0), 6: (0.5, 3.5), 3: (1.25, 1.5), 4: (3.0, 0.0)}
Repeat number : 1
Original weight : [23.07, 9.73, 16.09, 11.34, 9.93, 8.41, 7.78, 7.56, 10.95, 6.62, 23.97, 10.88, 15.65, 9.58, 16.49]
Group : [0, 3, 0, 3, 2, 3, 1, 0, 1, 2, 1, 1, 1, 0, 0]
Sequence : [0, 0, 0, 0, 0, 1, 2, 3, 4, 5, 6, 7, 8, 9, 10]
Scroe : [23.07, 309.73, 16.09, 311.34, 209.93, 308.41, 107.78, 7.56, 110.95, 206.62, 123.97, 110.88, 115.65, 9.58, 16.49]
Time taken to solve the MIP model : 0.0568 seconds
min_d : 0, max_d : 9
---------------------------------
solution for: IP model
objective: 3
x_0_5_0=1
x_1_3_0=1
x_2_4_0=1
x_3_1_0=1
x_4_3_1=1
x_5_3_2=1
x_6_5_1=1
x_7_0_0=1
x_8_4_1=1
x_9_4_2=1
x_10_5_2=1
x_11_0_1=1
x_12_0_2=1
x_13_2_0=1
x_14_2_1=1
r_1_0=-0
r_3_0=1
r_3_1=1
r_3_2=1
d_0=6.000
d_1=3.000
d_2=5.000
d_3=3.000
d_4=6.000
d_5=2.000
d_6=5.000
d_7=2.000
d_8=4.000
d_9=6.000
d_10=4.000
d_11=3.000
d_12=3.000
d_13=3.000
d_14=3.000
d_x_0=5.000
d_x_1=1.000
d_x_2=4.000
d_x_3=3.000
d_x_4=3.000
d_x_5=1.000
d_x_6=4.000
d_x_7=1.000
d_x_8=3.000
d_x_9=4.000
d_x_10=2.000
d_x_11=2.000
d_x_12=2.000
d_x_13=2.000
d_x_14=2.000
d_y_0=1.000
d_y_1=2.000
d_y_2=1.000
d_y_4=3.000
d_y_5=1.000
d_y_6=1.000
d_y_7=1.000
d_y_8=1.000
d_y_9=2.000
d_y_10=2.000
d_y_11=1.000
d_y_12=1.000
d_y_13=1.000
d_y_14=1.000
normalized distance of container 0 : 0.6666666666666666
normalized distance of container 1 : 0.3333333333333333
normalized distance of container 2 : 0.5555555555555556
normalized distance of container 3 : 0.3333333333333333
normalized distance of container 4 : 0.6666666666666666
normalized distance of container 5 : 0.2222222222222222
normalized distance of container 6 : 0.5555555555555556
normalized distance of container 7 : 0.2222222222222222
normalized distance of container 8 : 0.4444444444444444
normalized distance of container 9 : 0.6666666666666666
normalized distance of container 10 : 0.4444444444444444
normalized distance of container 11 : 0.3333333333333333
normalized distance of container 12 : 0.3333333333333333
normalized distance of container 13 : 0.3333333333333333
normalized distance of container 14 : 0.3333333333333333
