Number of initial container : 5
Number of new container : 10
Total number of containers : 15
Level_num : 9
Container_level : [3, 6, 8, 1, 3, 6, 1, 6, 1, 9, 1, 6, 1, 3, 3]
ideal_configuration : 
 [[6. 0. 0. 0. 0. 0.]
 [3. 6. 0. 0. 0. 0.]
 [1. 3. 6. 0. 0. 0.]
 [1. 1. 3. 8. 0. 0.]
 [1. 1. 3. 6. 9. 0.]]
Centroid : {3: (1.25, 1.5), 6: (1.5, 2.25), 8: (3.0, 1.0), 1: (0.4, 0.8), 9: (4.0, 0.0)}
Repeat number : 2
Original weight : [15.23, 6.87, 14.09, 11.05, 6.45, 20.77, 6.97, 15.61, 5.52, 18.38, 10.77, 13.37, 5.9, 9.54, 14.84]
Group : [1, 2, 3, 0, 1, 2, 0, 2, 0, 3, 0, 2, 0, 1, 1]
Sequence : [0, 0, 0, 0, 0, 1, 2, 3, 4, 5, 6, 7, 8, 9, 10]
Scroe : [115.23, 206.87, 314.09, 11.05, 106.45, 220.77, 6.97, 215.61, 5.52, 318.38, 10.77, 213.37, 5.9, 109.53999999999999, 114.84]
Time taken to solve the MIP model : 0.0169 seconds
min_d : 0, max_d : 9
---------------------------------
solution for: IP model
objective: 0
x_0_3_0=1
x_1_3_1=1
x_2_2_0=1
x_3_5_0=1
x_4_0_0=1
x_5_0_1=1
x_6_4_0=1
x_7_5_1=1
x_8_1_0=1
x_9_2_1=1
x_10_4_1=1
x_11_3_2=1
x_12_1_1=1
x_13_1_2=1
x_14_1_3=1
d_0=4.000
d_1=4.000
d_2=2.000
d_3=6.000
d_4=4.000
d_5=4.000
d_6=5.000
d_7=6.000
d_8=2.000
d_9=3.000
d_10=5.000
d_11=3.000
d_12=2.000
d_13=2.000
d_14=3.000
d_x_0=2.000
d_x_1=2.000
d_x_2=1.000
d_x_3=5.000
d_x_4=2.000
d_x_5=2.000
d_x_6=4.000
d_x_7=4.000
d_x_8=1.000
d_x_9=2.000
d_x_10=4.000
d_x_11=2.000
d_x_12=1.000
d_x_13=1.000
d_x_14=1.000
d_y_0=2.000
d_y_1=2.000
d_y_2=1.000
d_y_3=1.000
d_y_4=2.000
d_y_5=2.000
d_y_6=1.000
d_y_7=2.000
d_y_8=1.000
d_y_9=1.000
d_y_10=1.000
d_y_11=1.000
d_y_12=1.000
d_y_13=1.000
d_y_14=2.000
normalized distance of container 0 : 0.4444444444444444
normalized distance of container 1 : 0.4444444444444444
normalized distance of container 2 : 0.2222222222222222
normalized distance of container 3 : 0.6666666666666666
normalized distance of container 4 : 0.4444444444444444
normalized distance of container 5 : 0.4444444444444444
normalized distance of container 6 : 0.5555555555555556
normalized distance of container 7 : 0.6666666666666666
normalized distance of container 8 : 0.2222222222222222
normalized distance of container 9 : 0.3333333333333333
normalized distance of container 10 : 0.5555555555555556
normalized distance of container 11 : 0.3333333333333333
normalized distance of container 12 : 0.2222222222222222
normalized distance of container 13 : 0.2222222222222222
normalized distance of container 14 : 0.3333333333333333
