Number of initial container : 5
Number of new container : 10
Total number of containers : 15
Level_num : 9
Container_level : [6, 8, 5, 9, 3, 3, 8, 6, 6, 8, 1, 3, 3, 1, 1]
ideal_configuration : 
 [[6. 0. 0. 0. 0. 0.]
 [3. 8. 0. 0. 0. 0.]
 [3. 5. 8. 0. 0. 0.]
 [1. 3. 6. 8. 0. 0.]
 [1. 1. 3. 6. 9. 0.]]
Centroid : {6: (1.6666666666666667, 1.6666666666666667), 8: (2.0, 2.0), 5: (1.0, 2.0), 9: (4.0, 0.0), 3: (0.75, 1.5), 1: (0.3333333333333333, 0.3333333333333333)}
Repeat number : 26
Original weight : [15.26, 23.46, 6.68, 23.64, 15.09, 23.91, 23.21, 20.12, 11.78, 12.22, 15.61, 12.61, 11.75, 15.58, 19.84]
Group : [2, 3, 2, 3, 1, 1, 3, 2, 2, 3, 0, 1, 1, 0, 0]
Sequence : [0, 0, 0, 0, 0, 1, 2, 3, 4, 5, 6, 7, 8, 9, 10]
Scroe : [215.26, 323.46, 206.68, 323.64, 115.09, 123.91, 323.21, 220.12, 211.78, 312.22, 15.61, 112.61, 111.75, 15.58, 19.84]
Time taken to solve the MIP model : 0.1780 seconds
min_d : 0, max_d : 9
---------------------------------
solution for: IP model
objective: 6
x_0_0_0=1
x_1_5_0=1
x_2_0_1=1
x_3_0_2=1
x_4_3_0=1
x_5_3_1=1
x_6_0_3=1
x_7_2_0=1
x_8_3_2=1
x_9_2_1=1
x_10_4_0=1
x_11_4_1=1
x_12_4_2=1
x_13_1_0=1
x_14_1_1=1
r_0_0=1
r_0_1=1
r_0_2=1
r_0_3=1
r_0_4=-0
r_4_1=1
r_4_2=1
d_0=4.000
d_1=5.000
d_2=2.000
d_3=6.000
d_4=5.000
d_5=4.000
d_6=3.000
d_7=3.000
d_8=3.000
d_9=1.000
d_10=5.000
d_11=5.000
d_12=5.000
d_13=2.000
d_14=2.000
d_x_0=2.000
d_x_1=3.000
d_x_2=1.000
d_x_3=4.000
d_x_4=3.000
d_x_5=3.000
d_x_6=2.000
d_x_7=1.000
d_x_8=2.000
d_x_10=4.000
d_x_11=4.000
d_x_12=4.000
d_x_13=1.000
d_x_14=1.000
d_y_0=2.000
d_y_1=2.000
d_y_2=1.000
d_y_3=2.000
d_y_4=2.000
d_y_5=1.000
d_y_6=1.000
d_y_7=2.000
d_y_8=1.000
d_y_9=1.000
d_y_10=1.000
d_y_11=1.000
d_y_12=1.000
d_y_13=1.000
d_y_14=1.000
normalized distance of container 0 : 0.4444444444444444
normalized distance of container 1 : 0.5555555555555556
normalized distance of container 2 : 0.2222222222222222
normalized distance of container 3 : 0.6666666666666666
normalized distance of container 4 : 0.5555555555555556
normalized distance of container 5 : 0.4444444444444444
normalized distance of container 6 : 0.3333333333333333
normalized distance of container 7 : 0.3333333333333333
normalized distance of container 8 : 0.3333333333333333
normalized distance of container 9 : 0.1111111111111111
normalized distance of container 10 : 0.5555555555555556
normalized distance of container 11 : 0.5555555555555556
normalized distance of container 12 : 0.5555555555555556
normalized distance of container 13 : 0.2222222222222222
normalized distance of container 14 : 0.2222222222222222
