Number of initial container : 5
Number of new container : 10
Total number of containers : 15
Level_num : 9
Container_level : [3, 3, 9, 6, 1, 1, 6, 3, 6, 3, 1, 3, 8, 3, 1]
ideal_configuration : 
 [[6. 0. 0. 0. 0. 0.]
 [3. 6. 0. 0. 0. 0.]
 [1. 3. 6. 0. 0. 0.]
 [1. 3. 3. 8. 0. 0.]
 [1. 1. 3. 3. 9. 0.]]
Centroid : {3: (1.5, 1.1666666666666667), 9: (4.0, 0.0), 6: (1.0, 3.0), 1: (0.25, 0.75), 8: (3.0, 1.0)}
Repeat number : 8
Original weight : [10.01, 9.21, 18.45, 15.64, 9.22, 13.81, 9.45, 6.4, 22.4, 7.83, 16.59, 10.06, 8.71, 12.91, 17.4]
Group : [1, 1, 3, 2, 0, 0, 2, 1, 2, 1, 0, 1, 3, 1, 0]
Sequence : [0, 0, 0, 0, 0, 1, 2, 3, 4, 5, 6, 7, 8, 9, 10]
Scroe : [110.01, 109.21000000000001, 318.45, 215.64, 9.22, 13.81, 209.45, 106.4, 222.4, 107.83, 16.59, 110.06, 308.71, 112.91, 17.4]
Time taken to solve the MIP model : 0.0192 seconds
min_d : 0, max_d : 9
---------------------------------
solution for: IP model
objective: 0
x_0_5_0=1
x_1_0_0=1
x_2_3_0=1
x_3_1_0=1
x_4_4_0=1
x_5_2_0=1
x_6_0_1=1
x_7_2_1=1
x_8_1_1=1
x_9_2_2=1
x_10_4_1=1
x_11_5_1=1
x_12_1_2=1
x_13_5_2=1
x_14_4_2=1
d_0=6.000
d_1=4.000
d_2=1.000
d_3=3.000
d_4=5.000
d_5=3.000
d_6=3.000
d_7=2.000
d_8=2.000
d_9=2.000
d_10=5.000
d_11=5.000
d_12=3.000
d_13=5.000
d_14=6.000
d_x_0=4.000
d_x_1=2.000
d_x_2=1.000
d_x_4=4.000
d_x_5=2.000
d_x_6=1.000
d_x_7=1.000
d_x_9=1.000
d_x_10=4.000
d_x_11=4.000
d_x_12=2.000
d_x_13=4.000
d_x_14=4.000
d_y_0=2.000
d_y_1=2.000
d_y_3=3.000
d_y_4=1.000
d_y_5=1.000
d_y_6=2.000
d_y_7=1.000
d_y_8=2.000
d_y_9=1.000
d_y_10=1.000
d_y_11=1.000
d_y_12=1.000
d_y_13=1.000
d_y_14=2.000
normalized distance of container 0 : 0.6666666666666666
normalized distance of container 1 : 0.4444444444444444
normalized distance of container 2 : 0.1111111111111111
normalized distance of container 3 : 0.3333333333333333
normalized distance of container 4 : 0.5555555555555556
normalized distance of container 5 : 0.3333333333333333
normalized distance of container 6 : 0.3333333333333333
normalized distance of container 7 : 0.2222222222222222
normalized distance of container 8 : 0.2222222222222222
normalized distance of container 9 : 0.2222222222222222
normalized distance of container 10 : 0.5555555555555556
normalized distance of container 11 : 0.5555555555555556
normalized distance of container 12 : 0.3333333333333333
normalized distance of container 13 : 0.5555555555555556
normalized distance of container 14 : 0.6666666666666666
