Number of initial container : 2
Number of new container : 5
Total number of containers : 7
Level_num : 9
Container_level : [2, 3, 1, 8, 7, 7, 9]
ideal_configuration : 
 [[0. 0. 0. 0. 0. 0.]
 [9. 0. 0. 0. 0. 0.]
 [7. 0. 0. 0. 0. 0.]
 [2. 7. 0. 0. 0. 0.]
 [1. 3. 8. 0. 0. 0.]]
Centroid : {2: (0.0, 1.0), 3: (1.0, 0.0), 1: (0.0, 0.0), 8: (2.0, 0.0), 7: (0.5, 1.5), 9: (0.0, 3.0)}
Repeat number : 17
Original weight : [8.12, 11.56, 5.9, 22.81, 18.9, 20.59, 22.87]
Group : [0, 0, 0, 0, 0, 0, 0]
Sequence : [0, 0, 1, 2, 3, 4, 5]
Scroe : [8.12, 11.56, 5.9, 22.81, 18.9, 20.59, 22.87]
Time taken to solve the MIP model : 0.0143 seconds
min_d : 0, max_d : 9
---------------------------------
solution for: IP model
objective: 0
x_0_4_0=1
x_1_3_0=1
x_2_0_0=1
x_3_0_1=1
x_4_4_1=1
x_5_5_0=1
x_6_1_0=1
d_0=5.000
d_1=2.000
d_3=3.000
d_4=5.000
d_5=7.000
d_6=4.000
d_x_0=4.000
d_x_1=2.000
d_x_3=2.000
d_x_4=4.000
d_x_5=5.000
d_x_6=1.000
d_y_0=1.000
d_y_3=1.000
d_y_4=1.000
d_y_5=2.000
d_y_6=3.000
normalized distance of container 0 : 0.5555555555555556
normalized distance of container 1 : 0.2222222222222222
normalized distance of container 2 : 0.0
normalized distance of container 3 : 0.3333333333333333
normalized distance of container 4 : 0.5555555555555556
normalized distance of container 5 : 0.7777777777777778
normalized distance of container 6 : 0.4444444444444444
