Number of initial container : 2
Number of new container : 5
Total number of containers : 7
Level_num : 9
Container_level : [6, 2, 1, 5, 1, 8, 9]
ideal_configuration : 
 [[0. 0. 0. 0. 0. 0.]
 [9. 0. 0. 0. 0. 0.]
 [5. 0. 0. 0. 0. 0.]
 [1. 6. 0. 0. 0. 0.]
 [1. 2. 8. 0. 0. 0.]]
Centroid : {6: (1.0, 1.0), 2: (1.0, 0.0), 1: (0.0, 0.5), 5: (0.0, 2.0), 8: (2.0, 0.0), 9: (0.0, 3.0)}
Repeat number : 8
Original weight : [15.19, 8.36, 5.83, 13.14, 5.22, 17.51, 18.86]
Group : [0, 0, 0, 0, 0, 0, 0]
Sequence : [0, 0, 1, 2, 3, 4, 5]
Scroe : [15.19, 8.36, 5.83, 13.14, 5.22, 17.51, 18.86]
Time taken to solve the MIP model : 0.0126 seconds
min_d : 0, max_d : 9
---------------------------------
solution for: IP model
objective: 0
x_0_5_0=1
x_1_0_0=1
x_2_1_0=1
x_3_1_1=1
x_4_2_0=1
x_5_0_1=1
x_6_5_1=1
d_0=5.000
d_1=1.000
d_2=2.000
d_3=2.000
d_4=3.000
d_5=3.000
d_6=7.000
d_x_0=4.000
d_x_1=1.000
d_x_2=1.000
d_x_3=1.000
d_x_4=2.000
d_x_5=2.000
d_x_6=5.000
d_y_0=1.000
d_y_2=1.000
d_y_3=1.000
d_y_4=1.000
d_y_5=1.000
d_y_6=2.000
normalized distance of container 0 : 0.5555555555555556
normalized distance of container 1 : 0.1111111111111111
normalized distance of container 2 : 0.2222222222222222
normalized distance of container 3 : 0.2222222222222222
normalized distance of container 4 : 0.3333333333333333
normalized distance of container 5 : 0.3333333333333333
normalized distance of container 6 : 0.7777777777777778
