Number of initial container : 2
Number of new container : 5
Total number of containers : 7
Level_num : 9
Container_level : [2, 6, 9, 1, 8, 6, 1]
ideal_configuration : 
 [[0. 0. 0. 0. 0. 0.]
 [9. 0. 0. 0. 0. 0.]
 [6. 0. 0. 0. 0. 0.]
 [1. 6. 0. 0. 0. 0.]
 [1. 2. 8. 0. 0. 0.]]
Centroid : {2: (1.0, 0.0), 6: (0.5, 1.5), 9: (0.0, 3.0), 1: (0.0, 0.5), 8: (2.0, 0.0)}
Repeat number : 19
Original weight : [9.09, 18.52, 23.29, 5.73, 21.97, 17.21, 7.39]
Group : [0, 0, 0, 0, 0, 0, 0]
Sequence : [0, 0, 1, 2, 3, 4, 5]
Scroe : [9.09, 18.52, 23.29, 5.73, 21.97, 17.21, 7.39]
Time taken to solve the MIP model : 0.0174 seconds
min_d : 0, max_d : 9
---------------------------------
solution for: IP model
objective: 0
x_0_2_0=1
x_1_3_0=1
x_2_0_0=1
x_3_1_0=1
x_4_1_1=1
x_5_5_0=1
x_6_4_0=1
d_0=1.000
d_1=4.000
d_2=3.000
d_3=2.000
d_4=2.000
d_5=7.000
d_6=5.000
d_x_0=1.000
d_x_1=2.500
d_x_3=1.000
d_x_4=1.000
d_x_5=5.000
d_x_6=4.000
d_y_1=1.500
d_y_2=3.000
d_y_3=1.000
d_y_4=1.000
d_y_5=2.000
d_y_6=1.000
normalized distance of container 0 : 0.1111111111111111
normalized distance of container 1 : 0.4444444444444444
normalized distance of container 2 : 0.3333333333333333
normalized distance of container 3 : 0.2222222222222222
normalized distance of container 4 : 0.2222222222222222
normalized distance of container 5 : 0.7777777777777778
normalized distance of container 6 : 0.5555555555555556
