Number of initial container : 7
Number of new container : 18
Total number of containers : 25
Level_num : 9
Container_level : [8, 1, 3, 3, 6, 1, 1, 3, 1, 8, 3, 3, 3, 6, 8, 3, 8, 3, 3, 1, 1, 9, 6, 8, 3]
ideal_configuration : 
 [[3. 3. 8. 9. 0. 0.]
 [3. 3. 6. 8. 0. 0.]
 [1. 3. 3. 6. 8. 0.]
 [1. 1. 3. 3. 6. 8.]
 [1. 1. 1. 3. 3. 8.]]
Centroid : {8: (3.8, 2.0), 1: (0.6666666666666666, 0.6666666666666666), 3: (1.7, 2.0), 6: (3.0, 2.0), 9: (3.0, 4.0)}
Repeat number : 19
Original weight : [13.99, 19.12, 16.41, 19.48, 6.98, 17.63, 18.87, 17.98, 20.25, 17.51, 11.66, 5.72, 5.88, 10.26, 6.16, 11.03, 15.84, 18.8, 7.22, 9.05, 21.69, 19.33, 23.42, 14.93, 14.46]
Group : [3, 0, 1, 1, 2, 0, 0, 1, 0, 3, 1, 1, 1, 2, 3, 1, 3, 1, 1, 0, 0, 3, 2, 3, 1]
Sequence : [0, 0, 0, 0, 0, 0, 0, 1, 2, 3, 4, 5, 6, 7, 8, 9, 10, 11, 12, 13, 14, 15, 16, 17, 18]
Scroe : [313.99, 19.12, 116.41, 119.48, 206.98, 17.63, 18.87, 117.98, 20.25, 317.51, 111.66, 105.72, 105.88, 210.26, 306.16, 111.03, 315.84, 118.8, 107.22, 9.05, 21.69, 319.33, 223.42000000000002, 314.93, 114.46000000000001]
Time taken to solve the MIP model : 0.3922 seconds
min_d : 0, max_d : 9
---------------------------------
solution for: IP model
objective: 7
x_0_4_0=1
x_1_3_0=1
x_2_0_0=1
x_3_0_1=1
x_4_1_0=1
x_5_5_0=1
x_6_2_0=1
x_7_1_1=1
x_8_5_1=1
x_9_4_1=1
x_10_1_2=1
x_11_2_1=1
x_12_5_2=1
x_13_0_2=1
x_14_0_3=1
x_15_5_3=1
x_16_0_4=1
x_17_2_2=1
x_18_3_1=1
x_19_3_2=1
x_20_3_3=1
x_21_4_2=1
x_22_2_3=1
x_23_2_4=1
x_24_5_4=1
r_1_0=1
r_1_1=1
r_1_2=1
r_3_0=1
r_3_1=1
r_3_2=1
r_3_3=1
d_0=3.000
d_1=4.000
d_2=4.000
d_3=3.000
d_4=4.000
d_5=6.000
d_6=3.000
d_7=2.000
d_8=6.000
d_9=2.000
d_10=1.000
d_11=2.000
d_12=4.000
d_13=3.000
d_14=5.000
d_15=5.000
d_16=6.000
d_17=1.000
d_18=3.000
d_19=5.000
d_20=6.000
d_21=3.000
d_22=2.000
d_23=4.000
d_24=6.000
d_x_0=1.000
d_x_1=3.000
d_x_2=2.000
d_x_3=2.000
d_x_4=2.000
d_x_5=5.000
d_x_6=2.000
d_x_7=1.000
d_x_8=5.000
d_x_9=1.000
d_x_10=1.000
d_x_11=1.000
d_x_12=4.000
d_x_13=3.000
d_x_14=4.000
d_x_15=4.000
d_x_16=4.000
d_x_17=1.000
d_x_18=2.000
d_x_19=3.000
d_x_20=3.000
d_x_21=1.000
d_x_22=1.000
d_x_23=2.000
d_x_24=4.000
d_y_0=2.000
d_y_1=1.000
d_y_2=2.000
d_y_3=1.000
d_y_4=2.000
d_y_5=1.000
d_y_6=1.000
d_y_7=1.000
d_y_8=1.000
d_y_9=1.000
d_y_11=1.000
d_y_14=1.000
d_y_15=1.000
d_y_16=2.000
d_y_18=1.000
d_y_19=2.000
d_y_20=3.000
d_y_21=2.000
d_y_22=1.000
d_y_23=2.000
d_y_24=2.000
normalized distance of container 0 : 0.3333333333333333
normalized distance of container 1 : 0.4444444444444444
normalized distance of container 2 : 0.4444444444444444
normalized distance of container 3 : 0.3333333333333333
normalized distance of container 4 : 0.4444444444444444
normalized distance of container 5 : 0.6666666666666666
normalized distance of container 6 : 0.3333333333333333
normalized distance of container 7 : 0.2222222222222222
normalized distance of container 8 : 0.6666666666666666
normalized distance of container 9 : 0.2222222222222222
normalized distance of container 10 : 0.1111111111111111
normalized distance of container 11 : 0.2222222222222222
normalized distance of container 12 : 0.4444444444444444
normalized distance of container 13 : 0.3333333333333333
normalized distance of container 14 : 0.5555555555555556
normalized distance of container 15 : 0.5555555555555556
normalized distance of container 16 : 0.6666666666666666
normalized distance of container 17 : 0.1111111111111111
normalized distance of container 18 : 0.3333333333333333
normalized distance of container 19 : 0.5555555555555556
normalized distance of container 20 : 0.6666666666666666
normalized distance of container 21 : 0.3333333333333333
normalized distance of container 22 : 0.2222222222222222
normalized distance of container 23 : 0.4444444444444444
normalized distance of container 24 : 0.6666666666666666
