Number of initial container : 7
Number of new container : 18
Total number of containers : 25
Level_num : 9
Container_level : [3, 1, 3, 3, 1, 3, 3, 3, 6, 3, 1, 1, 6, 3, 3, 1, 1, 6, 1, 3, 3, 1, 1, 6, 9]
ideal_configuration : 
 [[3. 3. 6. 9. 0. 0.]
 [1. 3. 3. 6. 0. 0.]
 [1. 1. 3. 3. 6. 0.]
 [1. 1. 1. 3. 3. 6.]
 [1. 1. 1. 3. 3. 3.]]
Centroid : {3: (2.5454545454545454, 1.8181818181818181), 1: (0.7777777777777778, 1.1111111111111112), 6: (3.5, 2.5), 9: (3.0, 4.0)}
Repeat number : 26
Original weight : [5.1, 10.62, 12.82, 5.01, 13.4, 11.09, 7.93, 10.14, 22.85, 19.86, 5.62, 8.39, 19.82, 23.14, 8.14, 22.67, 8.94, 6.49, 9.53, 18.38, 15.33, 14.88, 11.42, 16.74, 22.52]
Group : [1, 0, 1, 1, 0, 1, 1, 1, 2, 1, 0, 0, 2, 1, 1, 0, 0, 2, 0, 1, 1, 0, 0, 2, 3]
Sequence : [0, 0, 0, 0, 0, 0, 0, 1, 2, 3, 4, 5, 6, 7, 8, 9, 10, 11, 12, 13, 14, 15, 16, 17, 18]
Scroe : [105.1, 10.62, 112.82, 105.01, 13.4, 111.09, 107.93, 110.14, 222.85, 119.86, 5.62, 8.39, 219.82, 123.14, 108.14, 22.67, 8.94, 206.49, 9.53, 118.38, 115.33, 14.88, 11.42, 216.74, 322.52]
Time taken to solve the MIP model : 2.0339 seconds
min_d : 0, max_d : 9
---------------------------------
solution for: IP model
objective: 6
x_0_1_0=1
x_1_4_0=1
x_2_2_0=1
x_3_4_1=1
x_4_4_2=1
x_5_1_1=1
x_6_5_0=1
x_7_5_1=1
x_8_2_1=1
x_9_5_2=1
x_10_3_0=1
x_11_3_1=1
x_12_5_3=1
x_13_1_2=1
x_14_4_3=1
x_15_3_2=1
x_16_0_0=1
x_17_1_3=1
x_18_0_1=1
x_19_3_3=1
x_20_3_4=1
x_21_4_4=1
x_22_0_2=1
x_23_1_4=1
x_24_2_2=1
r_3_3=1
r_3_4=1
r_4_1=1
r_4_2=1
r_4_3=1
r_4_4=1
d_0=4.000
d_1=6.000
d_2=3.000
d_3=3.000
d_4=5.000
d_5=3.000
d_6=5.000
d_7=4.000
d_8=4.000
d_9=4.000
d_10=5.000
d_11=4.000
d_12=3.000
d_13=3.000
d_14=4.000
d_15=4.000
d_16=3.000
d_17=4.000
d_18=2.000
d_19=3.000
d_20=4.000
d_21=7.000
d_22=2.000
d_23=5.000
d_24=3.000
d_x_0=2.000
d_x_1=4.000
d_x_2=1.000
d_x_3=2.000
d_x_4=4.000
d_x_5=2.000
d_x_6=3.000
d_x_7=3.000
d_x_8=2.000
d_x_9=3.000
d_x_10=3.000
d_x_11=3.000
d_x_12=2.000
d_x_13=2.000
d_x_14=2.000
d_x_15=3.000
d_x_16=1.000
d_x_17=3.000
d_x_18=1.000
d_x_19=1.000
d_x_20=1.000
d_x_21=4.000
d_x_22=1.000
d_x_23=3.000
d_x_24=1.000
d_y_0=2.000
d_y_1=2.000
d_y_2=2.000
d_y_3=1.000
d_y_4=1.000
d_y_5=1.000
d_y_6=2.000
d_y_7=1.000
d_y_8=2.000
d_y_9=1.000
d_y_10=2.000
d_y_11=1.000
d_y_12=1.000
d_y_13=1.000
d_y_14=2.000
d_y_15=1.000
d_y_16=2.000
d_y_17=1.000
d_y_18=1.000
d_y_19=2.000
d_y_20=3.000
d_y_21=3.000
d_y_22=1.000
d_y_23=2.000
d_y_24=2.000
normalized distance of container 0 : 0.4444444444444444
normalized distance of container 1 : 0.6666666666666666
normalized distance of container 2 : 0.3333333333333333
normalized distance of container 3 : 0.3333333333333333
normalized distance of container 4 : 0.5555555555555556
normalized distance of container 5 : 0.3333333333333333
normalized distance of container 6 : 0.5555555555555556
normalized distance of container 7 : 0.4444444444444444
normalized distance of container 8 : 0.4444444444444444
normalized distance of container 9 : 0.4444444444444444
normalized distance of container 10 : 0.5555555555555556
normalized distance of container 11 : 0.4444444444444444
normalized distance of container 12 : 0.3333333333333333
normalized distance of container 13 : 0.3333333333333333
normalized distance of container 14 : 0.4444444444444444
normalized distance of container 15 : 0.4444444444444444
normalized distance of container 16 : 0.3333333333333333
normalized distance of container 17 : 0.4444444444444444
normalized distance of container 18 : 0.2222222222222222
normalized distance of container 19 : 0.3333333333333333
normalized distance of container 20 : 0.4444444444444444
normalized distance of container 21 : 0.7777777777777778
normalized distance of container 22 : 0.2222222222222222
normalized distance of container 23 : 0.5555555555555556
normalized distance of container 24 : 0.3333333333333333
