Number of initial container : 0
Number of new container : 20
Total number of containers : 20
Level_num : 9
Container_level : [8, 1, 6, 8, 6, 9, 8, 3, 6, 8, 6, 8, 6, 6, 3, 6, 6, 1, 1, 8]
ideal_configuration : 
 [[6. 8. 0. 0. 0. 0.]
 [6. 6. 8. 0. 0. 0.]
 [3. 6. 6. 8. 0. 0.]
 [1. 3. 6. 8. 8. 0.]
 [1. 1. 6. 6. 8. 9.]]
Centroid : {8: (2.8333333333333335, 1.8333333333333333), 1: (0.3333333333333333, 0.3333333333333333), 6: (1.375, 1.875), 9: (5.0, 0.0), 3: (0.5, 1.5)}
Repeat number : 2
Original weight : [13.34, 19.66, 17.16, 12.57, 17.07, 23.35, 8.97, 18.44, 6.3, 8.74, 17.54, 15.27, 8.71, 6.98, 20.53, 5.96, 20.61, 7.71, 11.16, 8.9]
Group : [3, 0, 2, 3, 2, 3, 3, 1, 2, 3, 2, 3, 2, 2, 1, 2, 2, 0, 0, 3]
Sequence : [1, 2, 3, 4, 5, 6, 7, 8, 9, 10, 11, 12, 13, 14, 15, 16, 17, 18, 19, 20]
Scroe : [313.34, 19.66, 217.16, 312.57, 217.07, 323.35, 308.97, 118.44, 206.3, 308.74, 217.54, 315.27, 208.71, 206.98, 120.53, 205.96, 220.61, 7.71, 11.16, 308.9]
Time taken to solve the MIP model : 0.2516 seconds
min_d : 0, max_d : 9
---------------------------------
solution for: IP model
objective: 3.37037
x_0_3_0=1
x_1_0_0=1
x_2_2_0=1
x_3_3_1=1
x_4_2_1=1
x_5_5_0=1
x_6_3_2=1
x_7_1_0=1
x_8_2_2=1
x_9_4_0=1
x_10_3_3=1
x_11_4_1=1
x_12_2_3=1
x_13_2_4=1
x_14_1_1=1
x_15_1_2=1
x_16_1_3=1
x_17_0_1=1
x_18_0_2=1
x_19_4_2=1
r_0_0=1
r_0_1=1
r_0_2=1
r_1_0=1
r_1_1=1
r_1_2=1
r_1_3=1
r_2_0=1
r_2_1=1
r_2_2=1
r_2_3=1
r_2_4=1
r_3_0=1
r_3_1=1
r_3_2=1
r_3_3=1
r_4_1=1
r_4_2=1
d_0=2.000
d_1=0.667
d_2=2.500
d_3=1.000
d_4=1.500
d_6=0.333
d_7=2.000
d_8=0.750
d_9=3.000
d_10=2.750
d_11=2.000
d_12=1.750
d_13=2.750
d_14=1.000
d_15=0.500
d_16=1.500
d_17=1.000
d_18=2.000
d_19=1.333
d_x_0=0.167
d_x_1=0.333
d_x_2=0.625
d_x_3=0.167
d_x_4=0.625
d_x_6=0.167
d_x_7=0.500
d_x_8=0.625
d_x_9=1.167
d_x_10=1.625
d_x_11=1.167
d_x_12=0.625
d_x_13=0.625
d_x_14=0.500
d_x_15=0.375
d_x_16=0.375
d_x_17=0.333
d_x_18=0.333
d_x_19=1.167
d_y_0=1.833
d_y_1=0.333
d_y_2=1.875
d_y_3=0.833
d_y_4=0.875
d_y_6=0.167
d_y_7=1.500
d_y_8=0.125
d_y_9=1.833
d_y_10=1.125
d_y_11=0.833
d_y_12=1.125
d_y_13=2.125
d_y_14=0.500
d_y_15=0.125
d_y_16=1.125
d_y_17=0.667
d_y_18=1.667
d_y_19=0.167
normalized distance of container 0 : 0.2222222222222221
normalized distance of container 1 : 0.07407407407407371
normalized distance of container 2 : 0.2777777777777774
normalized distance of container 3 : 0.11111111111111084
normalized distance of container 4 : 0.16666666666666588
normalized distance of container 5 : 0.0
normalized distance of container 6 : 0.03703703703703651
normalized distance of container 7 : 0.22222222222222066
normalized distance of container 8 : 0.08333333333333215
normalized distance of container 9 : 0.33333333333333304
normalized distance of container 10 : 0.30555555555555436
normalized distance of container 11 : 0.2222222222222222
normalized distance of container 12 : 0.19444444444444325
normalized distance of container 13 : 0.30555555555555436
normalized distance of container 14 : 0.11111111111110954
normalized distance of container 15 : 0.055555555555555164
normalized distance of container 16 : 0.16666666666666627
normalized distance of container 17 : 0.11111111111111018
normalized distance of container 18 : 0.22222222222222168
normalized distance of container 19 : 0.14814814814814786
