Number of initial container : 0
Number of new container : 20
Total number of containers : 20
Level_num : 9
Container_level : [1, 8, 3, 3, 8, 8, 8, 1, 1, 6, 6, 8, 1, 8, 3, 1, 9, 3, 1, 1]
ideal_configuration : 
 [[3. 8. 0. 0. 0. 0.]
 [1. 6. 8. 0. 0. 0.]
 [1. 3. 6. 8. 0. 0.]
 [1. 1. 3. 8. 8. 0.]
 [1. 1. 1. 3. 8. 9.]]
Centroid : {1: (0.5714285714285714, 1.0), 8: (2.8333333333333335, 1.8333333333333333), 3: (1.5, 1.75), 6: (1.5, 2.5), 9: (5.0, 0.0)}
Repeat number : 24
Original weight : [8.31, 11.81, 13.69, 8.56, 9.66, 17.02, 6.53, 18.24, 6.9, 20.96, 6.98, 9.61, 13.48, 13.92, 14.53, 15.12, 22.57, 5.24, 23.31, 19.54]
Group : [0, 3, 1, 1, 3, 3, 3, 0, 0, 2, 2, 3, 0, 3, 1, 0, 3, 1, 0, 0]
Sequence : [1, 2, 3, 4, 5, 6, 7, 8, 9, 10, 11, 12, 13, 14, 15, 16, 17, 18, 19, 20]
Scroe : [8.31, 311.81, 113.69, 108.56, 309.66, 317.02, 306.53, 18.24, 6.9, 220.96, 206.98, 309.61, 13.48, 313.92, 114.53, 15.12, 322.57, 105.24, 23.31, 19.54]
Time taken to solve the MIP model : 0.0844 seconds
min_d : 0, max_d : 9
---------------------------------
solution for: IP model
objective: 3.08201
x_0_2_0=1
x_1_4_0=1
x_2_2_1=1
x_3_2_2=1
x_4_4_1=1
x_5_4_2=1
x_6_3_0=1
x_7_0_0=1
x_8_1_0=1
x_9_2_3=1
x_10_2_4=1
x_11_3_1=1
x_12_1_1=1
x_13_3_2=1
x_14_1_2=1
x_15_0_1=1
x_16_5_0=1
x_17_1_3=1
x_18_0_2=1
x_19_0_3=1
r_0_0=1
r_0_1=1
r_0_2=1
r_0_3=1
r_1_0=1
r_1_1=1
r_1_2=1
r_1_3=1
r_2_1=1
r_2_2=1
r_2_3=1
r_2_4=1
r_4_0=1
r_4_1=1
r_4_2=1
d_0=2.429
d_1=3.000
d_2=1.250
d_3=0.750
d_4=2.000
d_5=1.333
d_6=2.000
d_7=1.571
d_8=1.429
d_9=1.000
d_10=2.000
d_11=1.000
d_12=0.429
d_13=0.333
d_14=0.750
d_15=0.571
d_17=1.750
d_18=1.571
d_19=2.571
d_x_0=1.429
d_x_1=1.167
d_x_2=0.500
d_x_3=0.500
d_x_4=1.167
d_x_5=1.167
d_x_6=0.167
d_x_7=0.571
d_x_8=0.429
d_x_9=0.500
d_x_10=0.500
d_x_11=0.167
d_x_12=0.429
d_x_13=0.167
d_x_14=0.500
d_x_15=0.571
d_x_17=0.500
d_x_18=0.571
d_x_19=0.571
d_y_0=1.000
d_y_1=1.833
d_y_2=0.750
d_y_3=0.250
d_y_4=0.833
d_y_5=0.167
d_y_6=1.833
d_y_7=1.000
d_y_8=1.000
d_y_9=0.500
d_y_10=1.500
d_y_11=0.833
d_y_13=0.167
d_y_14=0.250
d_y_17=1.250
d_y_18=1.000
d_y_19=2.000
normalized distance of container 0 : 0.2698412698412695
normalized distance of container 1 : 0.3333333333333333
normalized distance of container 2 : 0.13888888888888848
normalized distance of container 3 : 0.08333333333333252
normalized distance of container 4 : 0.2222222222222222
normalized distance of container 5 : 0.1481481481481476
normalized distance of container 6 : 0.22222222222222196
normalized distance of container 7 : 0.1746031746031746
normalized distance of container 8 : 0.15873015873015736
normalized distance of container 9 : 0.1111111111111099
normalized distance of container 10 : 0.2222222222222212
normalized distance of container 11 : 0.11111111111111084
normalized distance of container 12 : 0.04761904761904625
normalized distance of container 13 : 0.03703703703703651
normalized distance of container 14 : 0.08333333333333294
normalized distance of container 15 : 0.06349206349206349
normalized distance of container 16 : 0.0
normalized distance of container 17 : 0.19444444444444406
normalized distance of container 18 : 0.1746031746031746
normalized distance of container 19 : 0.2857142857142857
