Number of initial container : 0
Number of new container : 20
Total number of containers : 20
Level_num : 9
Container_level : [8, 9, 1, 6, 8, 3, 6, 6, 8, 3, 1, 3, 3, 8, 3, 3, 6, 6, 6, 1]
ideal_configuration : 
 [[6. 8. 0. 0. 0. 0.]
 [3. 6. 8. 0. 0. 0.]
 [3. 3. 6. 8. 0. 0.]
 [1. 3. 3. 6. 8. 0.]
 [1. 1. 3. 6. 6. 9.]]
Centroid : {8: (2.5, 2.5), 9: (5.0, 0.0), 1: (0.3333333333333333, 0.3333333333333333), 6: (2.1666666666666665, 1.6666666666666667), 3: (1.0, 1.5)}
Repeat number : 5
Original weight : [17.69, 18.75, 14.92, 18.95, 10.0, 10.86, 13.41, 10.72, 10.45, 18.03, 22.97, 16.31, 19.6, 17.16, 13.93, 8.45, 8.6, 14.23, 19.86, 20.22]
Group : [3, 3, 0, 2, 3, 1, 2, 2, 3, 1, 0, 1, 1, 3, 1, 1, 2, 2, 2, 0]
Sequence : [1, 2, 3, 4, 5, 6, 7, 8, 9, 10, 11, 12, 13, 14, 15, 16, 17, 18, 19, 20]
Scroe : [317.69, 318.75, 14.92, 218.95, 310.0, 110.86, 213.41, 210.72, 310.45, 118.03, 22.97, 116.31, 119.6, 317.16, 113.93, 108.45, 208.6, 214.23, 219.86, 20.22]
Time taken to solve the MIP model : 0.1223 seconds
min_d : 0, max_d : 9
---------------------------------
solution for: IP model
objective: 3.2963
x_0_3_0=1
x_1_5_0=1
x_2_1_0=1
x_3_3_1=1
x_4_3_2=1
x_5_2_0=1
x_6_2_1=1
x_7_2_2=1
x_8_3_3=1
x_9_1_1=1
x_10_0_0=1
x_11_1_2=1
x_12_1_3=1
x_13_2_3=1
x_14_1_4=1
x_15_0_1=1
x_16_4_0=1
x_17_4_1=1
x_18_4_2=1
x_19_0_2=1
r_0_0=1
r_0_1=1
r_0_2=1
r_1_0=1
r_1_1=1
r_1_2=1
r_1_3=1
r_1_4=1
r_2_1=1
r_2_2=1
r_2_3=1
r_3_0=1
r_3_1=1
r_3_2=1
r_3_3=1
d_0=3.000
d_2=1.000
d_3=1.500
d_4=1.000
d_5=2.500
d_6=0.833
d_7=0.500
d_8=1.000
d_9=0.500
d_10=0.667
d_11=0.500
d_12=1.500
d_13=1.000
d_14=2.500
d_15=1.500
d_16=3.500
d_17=2.500
d_18=2.167
d_19=2.000
d_x_0=0.500
d_x_2=0.667
d_x_3=0.833
d_x_4=0.500
d_x_5=1.000
d_x_6=0.167
d_x_7=0.167
d_x_8=0.500
d_x_10=0.333
d_x_13=0.500
d_x_15=1.000
d_x_16=1.833
d_x_17=1.833
d_x_18=1.833
d_x_19=0.333
d_y_0=2.500
d_y_2=0.333
d_y_3=0.667
d_y_4=0.500
d_y_5=1.500
d_y_6=0.667
d_y_7=0.333
d_y_8=0.500
d_y_9=0.500
d_y_10=0.333
d_y_11=0.500
d_y_12=1.500
d_y_13=0.500
d_y_14=2.500
d_y_15=0.500
d_y_16=1.667
d_y_17=0.667
d_y_18=0.333
d_y_19=1.667
normalized distance of container 0 : 0.33333333333333326
normalized distance of container 1 : 0.0
normalized distance of container 2 : 0.1111111111111111
normalized distance of container 3 : 0.16666666666666635
normalized distance of container 4 : 0.11111111111111072
normalized distance of container 5 : 0.2777777777777778
normalized distance of container 6 : 0.09259259259259195
normalized distance of container 7 : 0.05555555555555499
normalized distance of container 8 : 0.11111111111111033
normalized distance of container 9 : 0.05555555555555555
normalized distance of container 10 : 0.07407407407407064
normalized distance of container 11 : 0.05555555555555474
normalized distance of container 12 : 0.16666666666666666
normalized distance of container 13 : 0.11111111111111033
normalized distance of container 14 : 0.277777777777777
normalized distance of container 15 : 0.16666666666666666
normalized distance of container 16 : 0.388888888888888
normalized distance of container 17 : 0.2777777777777776
normalized distance of container 18 : 0.24074074074074003
normalized distance of container 19 : 0.2222222222222201
