Number of initial container : 0
Number of new container : 20
Total number of containers : 20
Level_num : 9
Container_level : [3, 9, 6, 8, 6, 3, 8, 3, 1, 1, 3, 3, 6, 3, 8, 1, 6, 8, 8, 3]
ideal_configuration : 
 [[6. 8. 0. 0. 0. 0.]
 [3. 6. 8. 0. 0. 0.]
 [3. 3. 6. 8. 0. 0.]
 [1. 3. 3. 6. 8. 0.]
 [1. 1. 3. 3. 8. 9.]]
Centroid : {3: (1.2857142857142858, 1.2857142857142858), 9: (5.0, 0.0), 6: (1.5, 2.5), 8: (2.8, 2.0), 1: (0.3333333333333333, 0.3333333333333333)}
Repeat number : 4
Original weight : [14.73, 16.9, 14.53, 5.15, 7.92, 20.61, 10.29, 12.64, 8.09, 14.9, 19.49, 7.82, 10.82, 14.78, 10.48, 12.77, 18.62, 13.77, 13.65, 12.42]
Group : [1, 3, 2, 3, 2, 1, 3, 1, 0, 0, 1, 1, 2, 1, 3, 0, 2, 3, 3, 1]
Sequence : [1, 2, 3, 4, 5, 6, 7, 8, 9, 10, 11, 12, 13, 14, 15, 16, 17, 18, 19, 20]
Scroe : [114.73, 316.9, 214.53, 305.15, 207.92, 120.61, 310.29, 112.64, 8.09, 14.9, 119.49, 107.82, 210.82, 114.78, 310.48, 12.77, 218.62, 313.77, 313.65, 112.42]
Time taken to solve the MIP model : 0.1009 seconds
min_d : 0, max_d : 9
---------------------------------
solution for: IP model
objective: 3.20423
x_0_2_0=1
x_1_5_0=1
x_2_2_1=1
x_3_2_2=1
x_4_2_3=1
x_5_4_0=1
x_6_4_1=1
x_7_3_0=1
x_8_1_0=1
x_9_0_0=1
x_10_3_1=1
x_11_1_1=1
x_12_2_4=1
x_13_1_2=1
x_14_3_2=1
x_15_0_1=1
x_16_1_3=1
x_17_4_2=1
x_18_3_3=1
x_19_0_2=1
r_0_0=1
r_0_1=1
r_0_2=1
r_2_0=1
r_2_1=1
r_2_2=1
r_2_3=1
r_2_4=1
r_4_0=1
r_4_1=1
r_4_2=1
d_0=2.000
d_2=2.000
d_3=0.800
d_4=1.000
d_5=4.000
d_6=2.200
d_7=3.000
d_8=1.000
d_9=0.667
d_10=2.000
d_11=0.571
d_12=2.000
d_13=1.000
d_14=0.200
d_15=1.000
d_16=1.000
d_17=1.200
d_18=1.200
d_19=2.000
d_x_0=0.714
d_x_2=0.500
d_x_3=0.800
d_x_4=0.500
d_x_5=2.714
d_x_6=1.200
d_x_7=1.714
d_x_8=0.667
d_x_9=0.333
d_x_10=1.714
d_x_11=0.286
d_x_12=0.500
d_x_13=0.286
d_x_14=0.200
d_x_15=0.333
d_x_16=0.500
d_x_17=1.200
d_x_18=0.200
d_x_19=1.286
d_y_0=1.286
d_y_2=1.500
d_y_4=0.500
d_y_5=1.286
d_y_6=1.000
d_y_7=1.286
d_y_8=0.333
d_y_9=0.333
d_y_10=0.286
d_y_11=0.286
d_y_12=1.500
d_y_13=0.714
d_y_15=0.667
d_y_16=0.500
d_y_18=1.000
d_y_19=0.714
normalized distance of container 0 : 0.22222222222222215
normalized distance of container 1 : 0.0
normalized distance of container 2 : 0.2222222222222218
normalized distance of container 3 : 0.08888888888888886
normalized distance of container 4 : 0.11111111111111015
normalized distance of container 5 : 0.44444444444444375
normalized distance of container 6 : 0.24444444444444396
normalized distance of container 7 : 0.33333333333333265
normalized distance of container 8 : 0.1111111111111111
normalized distance of container 9 : 0.07407407407407061
normalized distance of container 10 : 0.22222222222222154
normalized distance of container 11 : 0.0634920634920626
normalized distance of container 12 : 0.2222222222222214
normalized distance of container 13 : 0.11111111111111044
normalized distance of container 14 : 0.022222222222221748
normalized distance of container 15 : 0.111111111111109
normalized distance of container 16 : 0.11111111111111072
normalized distance of container 17 : 0.13333333333333336
normalized distance of container 18 : 0.13333333333333286
normalized distance of container 19 : 0.22222222222222154
