Number of initial container : 7
Number of new container : 8
Total number of containers : 15
Level_num : 9
Container_level : [1, 9, 1, 8, 2, 4, 4, 4, 6, 6, 3, 4, 4, 1, 7]
ideal_configuration : 
 [[6. 0. 0. 0. 0. 0.]
 [4. 6. 0. 0. 0. 0.]
 [2. 4. 7. 0. 0. 0.]
 [1. 3. 4. 8. 0. 0.]
 [1. 1. 4. 4. 9. 0.]]
Centroid : {1: (1.3333333333333333, 0.3333333333333333), 9: (5.0, 0.0), 8: (4.0, 1.0), 2: (1.0, 2.0), 4: (2.6, 1.2), 6: (1.5, 3.5), 3: (2.0, 1.0), 7: (3.0, 2.0)}
Repeat number : 19
Original weight : [7.83, 23.77, 6.45, 22.42, 9.61, 13.28, 13.93, 13.61, 18.57, 17.62, 12.61, 13.97, 15.04, 7.61, 19.46]
Sequence : [0, 0, 0, 0, 0, 0, 0, 1, 2, 3, 4, 5, 6, 7, 8]
Emergency : [0, 0, 0, 0, 0, 0, 0, 0, 0, 0, 0, 0, 0, 0, 0]
Time taken to solve the MIP model : 0.5194 seconds
min_d : 0, max_d : 9
---------------------------------
solution for: IP model
objective: 0
status: OPTIMAL_SOLUTION(2)
x_1_3_0=1
x_2_5_0=1
x_3_4_0=1
x_4_3_1=1
x_5_2_0=1
x_6_6_0=1
x_7_6_1=1
x_8_1_0=1
x_9_1_1=1
x_10_6_2=1
x_11_2_1=1
x_12_2_2=1
x_13_2_3=1
x_14_4_1=1
x_15_4_2=1
d_1=2.000
d_3=3.000
d_4=1.000
d_5=3.000
d_6=4.600
d_7=3.600
d_8=4.000
d_9=4.000
d_10=7.000
d_12=2.000
d_13=3.000
d_14=4.000
d_15=1.000
d_x_1=1.667
d_x_3=2.667
d_x_4=1.000
d_x_5=1.000
d_x_6=3.400
d_x_7=3.400
d_x_8=2.000
d_x_9=1.000
d_x_10=5.000
d_x_12=1.000
d_x_13=1.000
d_x_14=3.000
d_x_15=1.000
d_y_1=0.333
d_y_3=0.333
d_y_5=2.000
d_y_6=1.200
d_y_7=0.200
d_y_8=2.000
d_y_9=3.000
d_y_10=2.000
d_y_12=1.000
d_y_13=2.000
d_y_14=1.000
normalized distance of container 1 : 0.2222222222222222
normalized distance of container 2 : 0.0
normalized distance of container 3 : 0.33333333333333337
normalized distance of container 4 : 0.1111111111111111
normalized distance of container 5 : 0.3333333333333333
normalized distance of container 6 : 0.5111111111111111
normalized distance of container 7 : 0.39999999999999997
normalized distance of container 8 : 0.4444444444444444
normalized distance of container 9 : 0.4444444444444444
normalized distance of container 10 : 0.7777777777777778
normalized distance of container 11 : 0.0
normalized distance of container 12 : 0.2222222222222222
normalized distance of container 13 : 0.3333333333333333
normalized distance of container 14 : 0.4444444444444444
normalized distance of container 15 : 0.1111111111111111
