Number of initial container : 0
Number of new container : 20
Total number of containers : 20
Level_num : 9
Container_level : [1, 1, 3, 8, 1, 3, 6, 6, 8, 3, 6, 1, 6, 6, 1, 1, 1, 6, 8, 9]
ideal_configuration : 
 [[6. 6. 0. 0. 0. 0.]
 [1. 6. 8. 0. 0. 0.]
 [1. 3. 6. 8. 0. 0.]
 [1. 1. 3. 6. 8. 0.]
 [1. 1. 1. 3. 6. 9.]]
Centroid : {1: (0.5714285714285714, 1.0), 3: (2.0, 1.0), 8: (3.0, 2.0), 6: (1.8333333333333333, 2.3333333333333335), 9: (5.0, 0.0)}
Repeat number : 7
Original weight : [12.64, 10.91, 14.6, 21.0, 10.57, 6.74, 11.65, 16.84, 13.63, 6.8, 9.94, 16.22, 7.93, 9.91, 16.62, 23.36, 18.4, 11.57, 19.14, 23.39]
Group : [0, 0, 1, 3, 0, 1, 2, 2, 3, 1, 2, 0, 2, 2, 0, 0, 0, 2, 3, 3]
Sequence : [1, 2, 3, 4, 5, 6, 7, 8, 9, 10, 11, 12, 13, 14, 15, 16, 17, 18, 19, 20]
Scroe : [12.64, 10.91, 114.6, 321.0, 10.57, 106.74, 211.65, 216.84, 313.63, 106.8, 209.94, 16.22, 207.93, 209.91, 16.62, 23.36, 18.4, 211.57, 319.14, 323.39]
Time taken to solve the MIP model : 0.2621 seconds
min_d : 0, max_d : 9
---------------------------------
solution for: IP model
objective: 0
x_0_2_0=1
x_1_3_0=1
x_2_4_0=1
x_3_0_0=1
x_4_5_0=1
x_5_2_1=1
x_6_3_1=1
x_7_3_2=1
x_8_3_3=1
x_9_2_2=1
x_10_2_3=1
x_11_5_1=1
x_12_4_1=1
x_13_4_2=1
x_14_5_2=1
x_15_1_0=1
x_16_5_3=1
x_17_1_1=1
x_18_5_4=1
x_19_1_2=1
d_0=3.000
d_1=4.000
d_2=3.000
d_3=5.000
d_4=6.000
d_6=4.000
d_7=3.000
d_8=1.000
d_9=1.000
d_10=2.000
d_11=5.000
d_12=5.000
d_13=4.000
d_14=6.000
d_15=2.000
d_16=7.000
d_17=3.000
d_18=4.000
d_19=6.000
d_x_0=2.000
d_x_1=3.000
d_x_2=2.000
d_x_3=3.000
d_x_4=5.000
d_x_6=2.000
d_x_7=2.000
d_x_10=1.000
d_x_11=5.000
d_x_12=3.000
d_x_13=3.000
d_x_14=5.000
d_x_15=1.000
d_x_16=5.000
d_x_17=1.000
d_x_18=2.000
d_x_19=4.000
d_y_0=1.000
d_y_1=1.000
d_y_2=1.000
d_y_3=2.000
d_y_4=1.000
d_y_6=2.000
d_y_7=1.000
d_y_8=1.000
d_y_9=1.000
d_y_10=1.000
d_y_12=2.000
d_y_13=1.000
d_y_14=1.000
d_y_15=1.000
d_y_16=2.000
d_y_17=2.000
d_y_18=2.000
d_y_19=2.000
normalized distance of container 0 : 0.3333333333333333
normalized distance of container 1 : 0.4444444444444444
normalized distance of container 2 : 0.3333333333333333
normalized distance of container 3 : 0.5555555555555556
normalized distance of container 4 : 0.6666666666666666
normalized distance of container 5 : 0.0
normalized distance of container 6 : 0.4444444444444444
normalized distance of container 7 : 0.3333333333333333
normalized distance of container 8 : 0.1111111111111111
normalized distance of container 9 : 0.1111111111111111
normalized distance of container 10 : 0.2222222222222222
normalized distance of container 11 : 0.5555555555555556
normalized distance of container 12 : 0.5555555555555556
normalized distance of container 13 : 0.4444444444444444
normalized distance of container 14 : 0.6666666666666666
normalized distance of container 15 : 0.2222222222222222
normalized distance of container 16 : 0.7777777777777778
normalized distance of container 17 : 0.3333333333333333
normalized distance of container 18 : 0.4444444444444444
normalized distance of container 19 : 0.6666666666666666
