Number of initial container : 0
Number of new container : 20
Total number of containers : 20
Level_num : 9
Container_level : [1, 8, 3, 6, 6, 8, 3, 3, 3, 1, 6, 8, 1, 8, 9, 1, 3, 3, 1, 3]
ideal_configuration : 
 [[3. 8. 0. 0. 0. 0.]
 [3. 3. 8. 0. 0. 0.]
 [1. 3. 6. 8. 0. 0.]
 [1. 1. 3. 6. 8. 0.]
 [1. 1. 3. 3. 6. 9.]]
Centroid : {1: (0.4, 0.8), 8: (2.5, 2.5), 3: (1.2857142857142858, 1.8571428571428572), 6: (3.0, 1.0), 9: (5.0, 0.0)}
Repeat number : 30
Original weight : [23.02, 11.75, 7.02, 19.36, 18.6, 18.59, 9.0, 11.3, 16.76, 20.22, 8.74, 15.87, 9.26, 12.74, 20.89, 10.73, 15.9, 19.24, 16.33, 5.33]
Group : [0, 3, 1, 2, 2, 3, 1, 1, 1, 0, 2, 3, 0, 3, 3, 0, 1, 1, 0, 1]
Sequence : [1, 2, 3, 4, 5, 6, 7, 8, 9, 10, 11, 12, 13, 14, 15, 16, 17, 18, 19, 20]
Scroe : [23.02, 311.75, 107.02, 219.36, 218.6, 318.59, 109.0, 111.3, 116.76, 20.22, 208.74, 315.87, 9.26, 312.74, 320.89, 10.73, 115.9, 119.24, 16.33, 105.33]
Time taken to solve the MIP model : 0.2044 seconds
min_d : 0, max_d : 9
---------------------------------
solution for: IP model
objective: 0
x_0_5_0=1
x_1_4_0=1
x_2_5_1=1
x_3_5_2=1
x_4_2_0=1
x_5_2_1=1
x_6_0_0=1
x_7_0_1=1
x_8_0_2=1
x_9_3_0=1
x_10_0_3=1
x_11_4_1=1
x_12_1_0=1
x_13_5_3=1
x_14_4_2=1
x_15_1_1=1
x_16_3_1=1
x_17_3_2=1
x_18_1_2=1
x_19_1_3=1
d_0=6.000
d_1=5.000
d_2=5.000
d_3=3.000
d_4=2.000
d_5=3.000
d_6=4.000
d_7=3.000
d_8=3.000
d_9=4.000
d_10=5.000
d_11=4.000
d_12=2.000
d_13=4.000
d_14=3.000
d_15=2.000
d_16=3.000
d_17=3.000
d_18=3.000
d_19=3.000
d_x_0=5.000
d_x_1=2.000
d_x_2=4.000
d_x_3=2.000
d_x_4=1.000
d_x_5=1.000
d_x_6=2.000
d_x_7=2.000
d_x_8=2.000
d_x_9=3.000
d_x_10=3.000
d_x_11=2.000
d_x_12=1.000
d_x_13=3.000
d_x_14=1.000
d_x_15=1.000
d_x_16=2.000
d_x_17=2.000
d_x_18=1.000
d_x_19=1.000
d_y_0=1.000
d_y_1=3.000
d_y_2=1.000
d_y_3=1.000
d_y_4=1.000
d_y_5=2.000
d_y_6=2.000
d_y_7=1.000
d_y_8=1.000
d_y_9=1.000
d_y_10=2.000
d_y_11=2.000
d_y_12=1.000
d_y_13=1.000
d_y_14=2.000
d_y_15=1.000
d_y_16=1.000
d_y_17=1.000
d_y_18=2.000
d_y_19=2.000
normalized distance of container 0 : 0.6666666666666666
normalized distance of container 1 : 0.5555555555555556
normalized distance of container 2 : 0.5555555555555556
normalized distance of container 3 : 0.3333333333333333
normalized distance of container 4 : 0.2222222222222222
normalized distance of container 5 : 0.3333333333333333
normalized distance of container 6 : 0.4444444444444444
normalized distance of container 7 : 0.3333333333333333
normalized distance of container 8 : 0.3333333333333333
normalized distance of container 9 : 0.4444444444444444
normalized distance of container 10 : 0.5555555555555556
normalized distance of container 11 : 0.4444444444444444
normalized distance of container 12 : 0.2222222222222222
normalized distance of container 13 : 0.4444444444444444
normalized distance of container 14 : 0.3333333333333333
normalized distance of container 15 : 0.2222222222222222
normalized distance of container 16 : 0.3333333333333333
normalized distance of container 17 : 0.3333333333333333
normalized distance of container 18 : 0.3333333333333333
normalized distance of container 19 : 0.3333333333333333
