Number of initial container : 0
Number of new container : 20
Total number of containers : 20
Level_num : 9
Container_level : [3, 8, 3, 3, 8, 1, 1, 8, 8, 3, 3, 3, 3, 1, 9, 6, 1, 3, 8, 3]
ideal_configuration : 
 [[3. 8. 0. 0. 0. 0.]
 [3. 3. 8. 0. 0. 0.]
 [1. 3. 3. 8. 0. 0.]
 [1. 3. 3. 6. 8. 0.]
 [1. 1. 3. 3. 8. 9.]]
Centroid : {3: (1.3333333333333333, 1.7777777777777777), 8: (2.8, 2.0), 1: (0.25, 0.75), 9: (5.0, 0.0), 6: (3.0, 1.0)}
Repeat number : 27
Original weight : [12.8, 18.33, 20.59, 23.38, 14.0, 15.27, 20.49, 9.36, 10.29, 12.3, 18.17, 16.33, 18.24, 6.09, 22.59, 20.96, 9.14, 5.42, 20.81, 15.35]
Group : [1, 3, 1, 1, 3, 0, 0, 3, 3, 1, 1, 1, 1, 0, 3, 2, 0, 1, 3, 1]
Sequence : [1, 2, 3, 4, 5, 6, 7, 8, 9, 10, 11, 12, 13, 14, 15, 16, 17, 18, 19, 20]
Scroe : [112.8, 318.33, 120.59, 123.38, 314.0, 15.27, 20.49, 309.36, 310.29, 112.3, 118.17, 116.33, 118.24, 6.09, 322.59, 220.96, 9.14, 105.42, 320.81, 115.35]
Time taken to solve the MIP model : 0.2042 seconds
min_d : 0, max_d : 9
---------------------------------
solution for: IP model
objective: 0
x_0_2_0=1
x_1_3_0=1
x_2_2_1=1
x_3_2_2=1
x_4_2_3=1
x_5_1_0=1
x_6_1_1=1
x_7_0_0=1
x_8_0_1=1
x_9_1_2=1
x_10_5_0=1
x_11_1_3=1
x_12_5_1=1
x_13_4_0=1
x_14_3_1=1
x_15_5_2=1
x_16_4_1=1
x_17_4_2=1
x_18_5_3=1
x_19_4_3=1
d_0=3.000
d_1=3.000
d_2=2.000
d_3=2.000
d_4=2.000
d_5=2.000
d_6=2.000
d_7=5.000
d_8=4.000
d_9=2.000
d_10=6.000
d_11=3.000
d_12=5.000
d_13=5.000
d_14=3.000
d_15=3.000
d_16=5.000
d_17=4.000
d_18=4.000
d_19=5.000
d_x_0=1.000
d_x_1=1.000
d_x_2=1.000
d_x_3=1.000
d_x_4=1.000
d_x_5=1.000
d_x_6=1.000
d_x_7=3.000
d_x_8=3.000
d_x_9=1.000
d_x_10=4.000
d_x_11=1.000
d_x_12=4.000
d_x_13=4.000
d_x_14=2.000
d_x_15=2.000
d_x_16=4.000
d_x_17=3.000
d_x_18=3.000
d_x_19=3.000
d_y_0=2.000
d_y_1=2.000
d_y_2=1.000
d_y_3=1.000
d_y_4=1.000
d_y_5=1.000
d_y_6=1.000
d_y_7=2.000
d_y_8=1.000
d_y_9=1.000
d_y_10=2.000
d_y_11=2.000
d_y_12=1.000
d_y_13=1.000
d_y_14=1.000
d_y_15=1.000
d_y_16=1.000
d_y_17=1.000
d_y_18=1.000
d_y_19=2.000
normalized distance of container 0 : 0.3333333333333333
normalized distance of container 1 : 0.3333333333333333
normalized distance of container 2 : 0.2222222222222222
normalized distance of container 3 : 0.2222222222222222
normalized distance of container 4 : 0.2222222222222222
normalized distance of container 5 : 0.2222222222222222
normalized distance of container 6 : 0.2222222222222222
normalized distance of container 7 : 0.5555555555555556
normalized distance of container 8 : 0.4444444444444444
normalized distance of container 9 : 0.2222222222222222
normalized distance of container 10 : 0.6666666666666666
normalized distance of container 11 : 0.3333333333333333
normalized distance of container 12 : 0.5555555555555556
normalized distance of container 13 : 0.5555555555555556
normalized distance of container 14 : 0.3333333333333333
normalized distance of container 15 : 0.3333333333333333
normalized distance of container 16 : 0.5555555555555556
normalized distance of container 17 : 0.4444444444444444
normalized distance of container 18 : 0.4444444444444444
normalized distance of container 19 : 0.5555555555555556
