Number of initial container : 0
Number of new container : 20
Total number of containers : 20
Level_num : 9
Container_level : [1, 3, 8, 1, 3, 1, 8, 6, 3, 3, 1, 1, 1, 1, 6, 9, 3, 1, 1, 1]
ideal_configuration : 
 [[3. 6. 0. 0. 0. 0.]
 [1. 3. 6. 0. 0. 0.]
 [1. 1. 3. 8. 0. 0.]
 [1. 1. 1. 3. 8. 0.]
 [1. 1. 1. 1. 3. 9.]]
Centroid : {1: (1.0, 1.0), 3: (2.0, 2.0), 8: (3.5, 1.5), 6: (1.5, 3.5), 9: (5.0, 0.0)}
Repeat number : 26
Original weight : [18.6, 12.98, 6.15, 10.91, 20.58, 13.86, 13.73, 19.24, 6.49, 17.63, 18.56, 15.21, 14.99, 17.48, 17.41, 21.87, 5.91, 23.54, 7.33, 14.33]
Group : [0, 1, 3, 0, 1, 0, 3, 2, 1, 1, 0, 0, 0, 0, 2, 3, 1, 0, 0, 0]
Sequence : [1, 2, 3, 4, 5, 6, 7, 8, 9, 10, 11, 12, 13, 14, 15, 16, 17, 18, 19, 20]
Scroe : [18.6, 112.98, 306.15, 10.91, 120.58, 13.86, 313.73, 219.24, 106.49, 117.63, 18.56, 15.21, 14.99, 17.48, 217.41, 321.87, 105.91, 23.54, 7.33, 14.33]
Time taken to solve the MIP model : 44.7779 seconds
min_d : 0, max_d : 9
---------------------------------
solution for: IP model
objective: 3
x_0_1_0=1
x_1_1_1=1
x_2_2_0=1
x_3_3_0=1
x_4_1_2=1
x_5_0_0=1
x_6_2_1=1
x_7_1_3=1
x_8_4_0=1
x_9_4_1=1
x_10_5_0=1
x_11_0_1=1
x_12_3_1=1
x_13_3_2=1
x_14_4_2=1
x_15_2_2=1
x_16_3_3=1
x_17_0_2=1
x_18_5_1=1
x_19_5_2=1
r_5_0=1
r_5_1=1
r_5_2=1
d_0=1.000
d_1=2.000
d_2=4.000
d_3=3.000
d_4=1.000
d_5=2.000
d_6=3.000
d_7=2.000
d_8=4.000
d_9=3.000
d_10=5.000
d_11=1.000
d_12=2.000
d_13=3.000
d_14=5.000
d_15=5.000
d_16=2.000
d_17=2.000
d_18=4.000
d_19=5.000
d_x_1=1.000
d_x_2=2.000
d_x_3=2.000
d_x_4=1.000
d_x_5=1.000
d_x_6=2.000
d_x_7=1.000
d_x_8=2.000
d_x_9=2.000
d_x_10=4.000
d_x_11=1.000
d_x_12=2.000
d_x_13=2.000
d_x_14=3.000
d_x_15=3.000
d_x_16=1.000
d_x_17=1.000
d_x_18=4.000
d_x_19=4.000
d_y_0=1.000
d_y_1=1.000
d_y_2=2.000
d_y_3=1.000
d_y_5=1.000
d_y_6=1.000
d_y_7=1.000
d_y_8=2.000
d_y_9=1.000
d_y_10=1.000
d_y_13=1.000
d_y_14=2.000
d_y_15=2.000
d_y_16=1.000
d_y_17=1.000
d_y_19=1.000
normalized distance of container 0 : 0.1111111111111111
normalized distance of container 1 : 0.2222222222222222
normalized distance of container 2 : 0.4444444444444444
normalized distance of container 3 : 0.3333333333333333
normalized distance of container 4 : 0.1111111111111111
normalized distance of container 5 : 0.2222222222222222
normalized distance of container 6 : 0.3333333333333333
normalized distance of container 7 : 0.2222222222222222
normalized distance of container 8 : 0.4444444444444444
normalized distance of container 9 : 0.3333333333333333
normalized distance of container 10 : 0.5555555555555556
normalized distance of container 11 : 0.1111111111111111
normalized distance of container 12 : 0.2222222222222222
normalized distance of container 13 : 0.3333333333333333
normalized distance of container 14 : 0.5555555555555556
normalized distance of container 15 : 0.5555555555555556
normalized distance of container 16 : 0.2222222222222222
normalized distance of container 17 : 0.2222222222222222
normalized distance of container 18 : 0.4444444444444444
normalized distance of container 19 : 0.5555555555555556
