Number of initial container : 0
Number of new container : 20
Total number of containers : 20
Level_num : 9
Container_level : [1, 3, 6, 1, 1, 1, 1, 3, 3, 8, 6, 3, 1, 9, 3, 1, 8, 6, 8, 6]
ideal_configuration : 
 [[3. 6. 0. 0. 0. 0.]
 [1. 3. 8. 0. 0. 0.]
 [1. 3. 6. 8. 0. 0.]
 [1. 1. 3. 6. 8. 0.]
 [1. 1. 1. 3. 6. 9.]]
Centroid : {1: (0.5714285714285714, 1.0), 3: (1.4, 2.0), 6: (2.5, 1.75), 8: (3.0, 2.0), 9: (5.0, 0.0)}
Repeat number : 25
Original weight : [21.11, 10.47, 20.33, 18.89, 5.06, 11.29, 23.41, 6.88, 10.82, 10.71, 22.53, 9.42, 15.51, 17.44, 16.39, 11.63, 6.99, 22.17, 11.1, 16.7]
Group : [0, 1, 2, 0, 0, 0, 0, 1, 1, 3, 2, 1, 0, 3, 1, 0, 3, 2, 3, 2]
Sequence : [1, 2, 3, 4, 5, 6, 7, 8, 9, 10, 11, 12, 13, 14, 15, 16, 17, 18, 19, 20]
Scroe : [21.11, 110.47, 220.32999999999998, 18.89, 5.06, 11.29, 23.41, 106.88, 110.82, 310.71, 222.53, 109.42, 15.51, 317.44, 116.39, 11.63, 306.99, 222.17000000000002, 311.1, 216.7]
Time taken to solve the MIP model : 0.2322 seconds
min_d : 0, max_d : 9
---------------------------------
solution for: IP model
objective: 0
x_0_3_0=1
x_1_3_1=1
x_2_4_0=1
x_3_1_0=1
x_4_0_0=1
x_5_0_1=1
x_6_0_2=1
x_7_1_1=1
x_8_1_2=1
x_9_3_2=1
x_10_1_3=1
x_11_0_3=1
x_12_5_0=1
x_13_4_1=1
x_14_5_1=1
x_15_2_0=1
x_16_0_4=1
x_17_2_1=1
x_18_2_2=1
x_19_5_2=1
d_0=4.000
d_1=3.000
d_2=4.000
d_3=2.000
d_4=2.000
d_5=1.000
d_6=2.000
d_7=2.000
d_8=1.000
d_10=4.000
d_11=3.000
d_12=6.000
d_13=2.000
d_14=5.000
d_15=3.000
d_16=5.000
d_17=2.000
d_18=1.000
d_19=4.000
d_x_0=3.000
d_x_1=2.000
d_x_2=2.000
d_x_3=1.000
d_x_4=1.000
d_x_5=1.000
d_x_6=1.000
d_x_7=1.000
d_x_8=1.000
d_x_10=2.000
d_x_11=2.000
d_x_12=5.000
d_x_13=1.000
d_x_14=4.000
d_x_15=2.000
d_x_16=3.000
d_x_17=1.000
d_x_18=1.000
d_x_19=3.000
d_y_0=1.000
d_y_1=1.000
d_y_2=2.000
d_y_3=1.000
d_y_4=1.000
d_y_6=1.000
d_y_7=1.000
d_y_10=2.000
d_y_11=1.000
d_y_12=1.000
d_y_13=1.000
d_y_14=1.000
d_y_15=1.000
d_y_16=2.000
d_y_17=1.000
d_y_19=1.000
normalized distance of container 0 : 0.4444444444444444
normalized distance of container 1 : 0.3333333333333333
normalized distance of container 2 : 0.4444444444444444
normalized distance of container 3 : 0.2222222222222222
normalized distance of container 4 : 0.2222222222222222
normalized distance of container 5 : 0.1111111111111111
normalized distance of container 6 : 0.2222222222222222
normalized distance of container 7 : 0.2222222222222222
normalized distance of container 8 : 0.1111111111111111
normalized distance of container 9 : 0.0
normalized distance of container 10 : 0.4444444444444444
normalized distance of container 11 : 0.3333333333333333
normalized distance of container 12 : 0.6666666666666666
normalized distance of container 13 : 0.2222222222222222
normalized distance of container 14 : 0.5555555555555556
normalized distance of container 15 : 0.3333333333333333
normalized distance of container 16 : 0.5555555555555556
normalized distance of container 17 : 0.2222222222222222
normalized distance of container 18 : 0.1111111111111111
normalized distance of container 19 : 0.4444444444444444
