Number of initial container : 0
Number of new container : 20
Total number of containers : 20
Level_num : 9
Container_level : [9, 6, 1, 1, 8, 1, 6, 8, 1, 3, 8, 8, 3, 3, 6, 3, 8, 1, 1, 8]
ideal_configuration : 
 [[6. 8. 0. 0. 0. 0.]
 [3. 6. 8. 0. 0. 0.]
 [1. 3. 6. 8. 0. 0.]
 [1. 1. 3. 8. 8. 0.]
 [1. 1. 1. 3. 8. 9.]]
Centroid : {9: (5.0, 0.0), 6: (1.0, 3.0), 1: (0.6666666666666666, 0.6666666666666666), 8: (2.8333333333333335, 1.8333333333333333), 3: (1.5, 1.5)}
Repeat number : 13
Original weight : [23.0, 9.43, 13.23, 5.7, 17.97, 8.66, 21.65, 22.79, 6.09, 20.98, 19.52, 7.85, 5.56, 8.62, 8.68, 19.07, 20.97, 6.45, 18.95, 21.52]
Group : [3, 2, 0, 0, 3, 0, 2, 3, 0, 1, 3, 3, 1, 1, 2, 1, 3, 0, 0, 3]
Sequence : [1, 2, 3, 4, 5, 6, 7, 8, 9, 10, 11, 12, 13, 14, 15, 16, 17, 18, 19, 20]
Scroe : [323.0, 209.43, 13.23, 5.7, 317.97, 8.66, 221.65, 322.79, 6.09, 120.98, 319.52, 307.85, 105.56, 108.62, 208.68, 119.07, 320.97, 6.45, 18.95, 321.52]
Time taken to solve the MIP model : 40.7717 seconds
min_d : 0, max_d : 9
---------------------------------
solution for: IP model
objective: 2
x_0_5_0=1
x_1_0_0=1
x_2_3_0=1
x_3_1_0=1
x_4_3_1=1
x_5_2_0=1
x_6_0_1=1
x_7_3_2=1
x_8_1_1=1
x_9_1_2=1
x_10_0_2=1
x_11_5_1=1
x_12_2_1=1
x_13_2_2=1
x_14_1_3=1
x_15_2_3=1
x_16_0_3=1
x_17_4_0=1
x_18_4_1=1
x_19_0_4=1
r_5_0=1
r_5_1=1
d_1=4.000
d_2=4.000
d_3=2.000
d_4=2.000
d_5=3.000
d_6=3.000
d_7=2.000
d_8=2.000
d_9=2.000
d_10=4.000
d_11=4.000
d_12=2.000
d_13=2.000
d_15=3.000
d_16=5.000
d_17=5.000
d_18=5.000
d_19=6.000
d_x_1=1.000
d_x_2=3.000
d_x_3=1.000
d_x_4=1.000
d_x_5=2.000
d_x_6=1.000
d_x_7=1.000
d_x_8=1.000
d_x_9=1.000
d_x_10=3.000
d_x_11=3.000
d_x_12=1.000
d_x_13=1.000
d_x_15=1.000
d_x_16=3.000
d_x_17=4.000
d_x_18=4.000
d_x_19=3.000
d_y_1=3.000
d_y_2=1.000
d_y_3=1.000
d_y_4=1.000
d_y_5=1.000
d_y_6=2.000
d_y_7=1.000
d_y_8=1.000
d_y_9=1.000
d_y_10=1.000
d_y_11=1.000
d_y_12=1.000
d_y_13=1.000
d_y_15=2.000
d_y_16=2.000
d_y_17=1.000
d_y_18=1.000
d_y_19=3.000
normalized distance of container 0 : 0.0
normalized distance of container 1 : 0.4444444444444444
normalized distance of container 2 : 0.4444444444444444
normalized distance of container 3 : 0.2222222222222222
normalized distance of container 4 : 0.2222222222222222
normalized distance of container 5 : 0.3333333333333333
normalized distance of container 6 : 0.3333333333333333
normalized distance of container 7 : 0.2222222222222222
normalized distance of container 8 : 0.2222222222222222
normalized distance of container 9 : 0.2222222222222222
normalized distance of container 10 : 0.4444444444444444
normalized distance of container 11 : 0.4444444444444444
normalized distance of container 12 : 0.2222222222222222
normalized distance of container 13 : 0.2222222222222222
normalized distance of container 14 : 0.0
normalized distance of container 15 : 0.3333333333333333
normalized distance of container 16 : 0.5555555555555556
normalized distance of container 17 : 0.5555555555555556
normalized distance of container 18 : 0.5555555555555556
normalized distance of container 19 : 0.6666666666666666
