Number of initial container : 0
Number of new container : 20
Total number of containers : 20
Level_num : 9
Container_level : [3, 8, 1, 8, 6, 1, 1, 8, 6, 6, 6, 6, 3, 6, 3, 8, 6, 9, 3, 3]
ideal_configuration : 
 [[6. 8. 0. 0. 0. 0.]
 [3. 6. 8. 0. 0. 0.]
 [3. 3. 6. 8. 0. 0.]
 [1. 3. 6. 6. 8. 0.]
 [1. 1. 3. 6. 6. 9.]]
Centroid : {3: (0.8, 1.6), 8: (2.5, 2.5), 1: (0.3333333333333333, 0.3333333333333333), 6: (2.142857142857143, 1.5714285714285714), 9: (5.0, 0.0)}
Repeat number : 3
Original weight : [10.34, 10.4, 18.81, 9.99, 15.29, 18.85, 11.39, 9.71, 10.95, 8.2, 23.43, 20.15, 5.46, 15.07, 9.36, 19.4, 10.8, 22.1, 19.27, 14.49]
Group : [1, 3, 0, 3, 2, 0, 0, 3, 2, 2, 2, 2, 1, 2, 1, 3, 2, 3, 1, 1]
Sequence : [1, 2, 3, 4, 5, 6, 7, 8, 9, 10, 11, 12, 13, 14, 15, 16, 17, 18, 19, 20]
Scroe : [110.34, 310.4, 18.81, 309.99, 215.29, 18.85, 11.39, 309.71, 210.95, 208.2, 223.43, 220.15, 105.46, 215.07, 109.36, 319.4, 210.8, 322.1, 119.27, 114.49]
Time taken to solve the MIP model : 1741.0807 seconds
min_d : 0, max_d : 9
---------------------------------
solution for: IP model
objective: 4
x_0_0_0=1
x_1_1_0=1
x_2_5_0=1
x_3_1_1=1
x_4_0_1=1
x_5_5_1=1
x_6_3_0=1
x_7_0_2=1
x_8_3_1=1
x_9_2_0=1
x_10_3_2=1
x_11_2_1=1
x_12_4_0=1
x_13_1_2=1
x_14_4_1=1
x_15_2_2=1
x_16_1_3=1
x_17_2_3=1
x_18_5_2=1
x_19_4_2=1
r_1_0=1
r_1_1=1
r_1_2=1
r_1_3=1
d_0=3.000
d_1=5.000
d_2=6.000
d_3=4.000
d_4=4.000
d_5=6.000
d_6=4.000
d_7=4.000
d_8=2.000
d_9=3.000
d_10=2.000
d_11=2.000
d_12=6.000
d_13=3.000
d_14=5.000
d_15=2.000
d_16=4.000
d_17=6.000
d_18=6.000
d_19=5.000
d_x_0=1.000
d_x_1=2.000
d_x_2=5.000
d_x_3=2.000
d_x_4=3.000
d_x_5=5.000
d_x_6=3.000
d_x_7=3.000
d_x_8=1.000
d_x_9=1.000
d_x_10=1.000
d_x_11=1.000
d_x_12=4.000
d_x_13=2.000
d_x_14=4.000
d_x_15=1.000
d_x_16=2.000
d_x_17=3.000
d_x_18=5.000
d_x_19=4.000
d_y_0=2.000
d_y_1=3.000
d_y_2=1.000
d_y_3=2.000
d_y_4=1.000
d_y_5=1.000
d_y_6=1.000
d_y_7=1.000
d_y_8=1.000
d_y_9=2.000
d_y_10=1.000
d_y_11=1.000
d_y_12=2.000
d_y_13=1.000
d_y_14=1.000
d_y_15=1.000
d_y_16=2.000
d_y_17=3.000
d_y_18=1.000
d_y_19=1.000
normalized distance of container 0 : 0.3333333333333333
normalized distance of container 1 : 0.5555555555555556
normalized distance of container 2 : 0.6666666666666666
normalized distance of container 3 : 0.4444444444444444
normalized distance of container 4 : 0.4444444444444444
normalized distance of container 5 : 0.6666666666666666
normalized distance of container 6 : 0.4444444444444444
normalized distance of container 7 : 0.4444444444444444
normalized distance of container 8 : 0.2222222222222222
normalized distance of container 9 : 0.3333333333333333
normalized distance of container 10 : 0.2222222222222222
normalized distance of container 11 : 0.2222222222222222
normalized distance of container 12 : 0.6666666666666666
normalized distance of container 13 : 0.3333333333333333
normalized distance of container 14 : 0.5555555555555556
normalized distance of container 15 : 0.2222222222222222
normalized distance of container 16 : 0.4444444444444444
normalized distance of container 17 : 0.6666666666666666
normalized distance of container 18 : 0.6666666666666666
normalized distance of container 19 : 0.5555555555555556
