Number of initial container : 0
Number of new container : 20
Total number of containers : 20
Level_num : 9
Container_level : [3, 1, 8, 8, 9, 1, 1, 1, 6, 6, 6, 3, 8, 1, 3, 6, 5, 3, 1, 6]
ideal_configuration : 
 [[5. 6. 0. 0. 0. 0.]
 [3. 6. 8. 0. 0. 0.]
 [1. 3. 6. 8. 0. 0.]
 [1. 1. 3. 6. 8. 0.]
 [1. 1. 1. 3. 6. 9.]]
Centroid : {3: (1.5, 1.5), 1: (0.6666666666666666, 0.6666666666666666), 8: (3.0, 2.0), 9: (5.0, 0.0), 6: (2.2, 2.0), 5: (0.0, 4.0)}
Repeat number : 20
Original weight : [18.81, 18.03, 18.57, 9.25, 22.55, 17.09, 11.91, 19.57, 10.5, 15.51, 22.34, 21.22, 8.1, 22.72, 18.08, 21.81, 5.2, 5.6, 20.11, 23.36]
Group : [1, 0, 3, 3, 3, 0, 0, 0, 2, 2, 2, 1, 3, 0, 1, 2, 2, 1, 0, 2]
Sequence : [1, 2, 3, 4, 5, 6, 7, 8, 9, 10, 11, 12, 13, 14, 15, 16, 17, 18, 19, 20]
Scroe : [118.81, 18.03, 318.57, 309.25, 322.55, 17.09, 11.91, 19.57, 210.5, 215.51, 222.34, 121.22, 308.1, 22.72, 118.08, 221.81, 205.2, 105.6, 20.11, 223.36]
Time taken to solve the MIP model : 71.1926 seconds
min_d : 0, max_d : 9
---------------------------------
solution for: IP model
objective: 2
x_0_3_0=1
x_1_2_0=1
x_2_3_1=1
x_3_0_0=1
x_4_3_2=1
x_5_5_0=1
x_6_4_0=1
x_7_2_1=1
x_8_4_1=1
x_9_4_2=1
x_10_4_3=1
x_11_1_0=1
x_12_4_4=1
x_13_5_1=1
x_14_5_2=1
x_15_1_1=1
x_16_5_3=1
x_17_2_2=1
x_18_2_3=1
x_19_5_4=1
r_2_2=1
r_2_3=1
d_0=4.000
d_1=3.000
d_2=1.000
d_3=5.000
d_4=4.000
d_5=6.000
d_6=5.000
d_7=3.000
d_8=3.000
d_9=2.000
d_10=3.000
d_11=3.000
d_12=3.000
d_13=6.000
d_14=5.000
d_15=3.000
d_16=6.000
d_17=2.000
d_18=5.000
d_19=5.000
d_x_0=2.000
d_x_1=2.000
d_x_3=3.000
d_x_4=2.000
d_x_5=5.000
d_x_6=4.000
d_x_7=2.000
d_x_8=2.000
d_x_9=2.000
d_x_10=2.000
d_x_11=1.000
d_x_12=1.000
d_x_13=5.000
d_x_14=4.000
d_x_15=2.000
d_x_16=5.000
d_x_17=1.000
d_x_18=2.000
d_x_19=3.000
d_y_0=2.000
d_y_1=1.000
d_y_2=1.000
d_y_3=2.000
d_y_4=2.000
d_y_5=1.000
d_y_6=1.000
d_y_7=1.000
d_y_8=1.000
d_y_10=1.000
d_y_11=2.000
d_y_12=2.000
d_y_13=1.000
d_y_14=1.000
d_y_15=1.000
d_y_16=1.000
d_y_17=1.000
d_y_18=3.000
d_y_19=2.000
normalized distance of container 0 : 0.4444444444444444
normalized distance of container 1 : 0.3333333333333333
normalized distance of container 2 : 0.1111111111111111
normalized distance of container 3 : 0.5555555555555556
normalized distance of container 4 : 0.4444444444444444
normalized distance of container 5 : 0.6666666666666666
normalized distance of container 6 : 0.5555555555555556
normalized distance of container 7 : 0.3333333333333333
normalized distance of container 8 : 0.3333333333333333
normalized distance of container 9 : 0.2222222222222222
normalized distance of container 10 : 0.3333333333333333
normalized distance of container 11 : 0.3333333333333333
normalized distance of container 12 : 0.3333333333333333
normalized distance of container 13 : 0.6666666666666666
normalized distance of container 14 : 0.5555555555555556
normalized distance of container 15 : 0.3333333333333333
normalized distance of container 16 : 0.6666666666666666
normalized distance of container 17 : 0.2222222222222222
normalized distance of container 18 : 0.5555555555555556
normalized distance of container 19 : 0.5555555555555556
