Number of initial container : 0
Number of new container : 20
Total number of containers : 20
Level_num : 9
Container_level : [3, 8, 1, 9, 8, 8, 1, 3, 3, 1, 8, 1, 3, 1, 1, 1, 1, 6, 8, 1]
ideal_configuration : 
 [[3. 8. 0. 0. 0. 0.]
 [1. 3. 8. 0. 0. 0.]
 [1. 1. 3. 8. 0. 0.]
 [1. 1. 1. 6. 8. 0.]
 [1. 1. 1. 3. 8. 9.]]
Centroid : {3: (1.5, 2.25), 8: (2.8, 2.0), 1: (0.7777777777777778, 1.1111111111111112), 9: (5.0, 0.0), 6: (3.0, 1.0)}
Repeat number : 14
Original weight : [17.8, 5.58, 20.24, 22.75, 15.6, 8.41, 8.97, 14.11, 11.07, 22.6, 6.12, 21.61, 7.89, 21.86, 23.81, 16.69, 16.03, 12.58, 22.55, 14.02]
Group : [1, 3, 0, 3, 3, 3, 0, 1, 1, 0, 3, 0, 1, 0, 0, 0, 0, 2, 3, 0]
Sequence : [1, 2, 3, 4, 5, 6, 7, 8, 9, 10, 11, 12, 13, 14, 15, 16, 17, 18, 19, 20]
Scroe : [117.8, 305.58, 20.24, 322.75, 315.6, 308.41, 8.97, 114.11, 111.07, 22.6, 306.12, 21.61, 107.89, 21.86, 23.81, 16.69, 16.03, 212.58, 322.55, 14.02]
Time taken to solve the MIP model : 1202.9979 seconds
min_d : 0, max_d : 9
---------------------------------
solution for: IP model
objective: 6
x_0_4_0=1
x_1_4_1=1
x_2_2_0=1
x_3_0_0=1
x_4_0_1=1
x_5_4_2=1
x_6_3_0=1
x_7_5_0=1
x_8_1_0=1
x_9_3_1=1
x_10_5_1=1
x_11_2_1=1
x_12_3_2=1
x_13_2_2=1
x_14_2_3=1
x_15_1_1=1
x_16_1_2=1
x_17_2_4=1
x_18_3_3=1
x_19_1_3=1
r_0_0=1
r_0_1=1
r_1_0=1
r_1_1=1
r_1_2=1
r_1_3=1
d_0=6.000
d_1=3.000
d_2=4.000
d_3=5.000
d_4=4.000
d_5=2.000
d_6=5.000
d_7=7.000
d_8=4.000
d_9=4.000
d_10=4.000
d_11=3.000
d_12=3.000
d_13=3.000
d_14=4.000
d_15=2.000
d_16=2.000
d_17=4.000
d_18=2.000
d_19=3.000
d_x_0=3.000
d_x_1=2.000
d_x_2=2.000
d_x_3=5.000
d_x_4=3.000
d_x_5=2.000
d_x_6=3.000
d_x_7=4.000
d_x_8=1.000
d_x_9=3.000
d_x_10=3.000
d_x_11=2.000
d_x_12=2.000
d_x_13=2.000
d_x_14=2.000
d_x_15=1.000
d_x_16=1.000
d_x_17=1.000
d_x_18=1.000
d_x_19=1.000
d_y_0=3.000
d_y_1=1.000
d_y_2=2.000
d_y_4=1.000
d_y_6=2.000
d_y_7=3.000
d_y_8=3.000
d_y_9=1.000
d_y_10=1.000
d_y_11=1.000
d_y_12=1.000
d_y_13=1.000
d_y_14=2.000
d_y_15=1.000
d_y_16=1.000
d_y_17=3.000
d_y_18=1.000
d_y_19=2.000
normalized distance of container 0 : 0.6666666666666666
normalized distance of container 1 : 0.3333333333333333
normalized distance of container 2 : 0.4444444444444444
normalized distance of container 3 : 0.5555555555555556
normalized distance of container 4 : 0.4444444444444444
normalized distance of container 5 : 0.2222222222222222
normalized distance of container 6 : 0.5555555555555556
normalized distance of container 7 : 0.7777777777777778
normalized distance of container 8 : 0.4444444444444444
normalized distance of container 9 : 0.4444444444444444
normalized distance of container 10 : 0.4444444444444444
normalized distance of container 11 : 0.3333333333333333
normalized distance of container 12 : 0.3333333333333333
normalized distance of container 13 : 0.3333333333333333
normalized distance of container 14 : 0.4444444444444444
normalized distance of container 15 : 0.2222222222222222
normalized distance of container 16 : 0.2222222222222222
normalized distance of container 17 : 0.4444444444444444
normalized distance of container 18 : 0.2222222222222222
normalized distance of container 19 : 0.3333333333333333
