Number of initial container : 0
Number of new container : 20
Total number of containers : 20
Level_num : 9
Container_level : [3, 6, 6, 6, 1, 1, 6, 3, 3, 1, 1, 1, 1, 6, 3, 3, 3, 9, 3, 1]
ideal_configuration : 
 [[3. 6. 0. 0. 0. 0.]
 [1. 3. 6. 0. 0. 0.]
 [1. 3. 3. 6. 0. 0.]
 [1. 1. 3. 3. 6. 0.]
 [1. 1. 1. 3. 6. 9.]]
Centroid : {3: (1.7142857142857142, 1.8571428571428572), 6: (2.8, 2.0), 1: (0.5714285714285714, 1.0), 9: (5.0, 0.0)}
Repeat number : 1
Original weight : [17.25, 6.04, 22.66, 5.66, 16.75, 9.64, 20.52, 23.1, 7.23, 9.25, 21.97, 14.65, 19.94, 20.85, 17.25, 19.42, 12.96, 21.51, 5.3, 7.41]
Group : [1, 2, 2, 2, 0, 0, 2, 1, 1, 0, 0, 0, 0, 2, 1, 1, 1, 3, 1, 0]
Sequence : [1, 2, 3, 4, 5, 6, 7, 8, 9, 10, 11, 12, 13, 14, 15, 16, 17, 18, 19, 20]
Scroe : [117.25, 206.04, 222.66, 205.66, 16.75, 9.64, 220.52, 123.1, 107.23, 9.25, 21.97, 14.65, 19.94, 220.85, 117.25, 119.42, 112.96000000000001, 321.51, 105.3, 7.41]
Time taken to solve the MIP model : 43.0848 seconds
min_d : 0, max_d : 9
---------------------------------
solution for: IP model
objective: 3
x_0_2_0=1
x_1_2_1=1
x_2_2_2=1
x_3_5_0=1
x_4_1_0=1
x_5_4_0=1
x_6_5_1=1
x_7_4_1=1
x_8_1_1=1
x_9_0_0=1
x_10_3_0=1
x_11_0_1=1
x_12_0_2=1
x_13_5_2=1
x_14_1_2=1
x_15_1_3=1
x_16_0_3=1
x_17_5_3=1
x_18_3_1=1
x_19_3_2=1
r_3_0=1
r_3_1=1
r_3_2=1
d_0=3.000
d_1=2.000
d_2=1.000
d_3=5.000
d_4=2.000
d_5=5.000
d_6=4.000
d_7=4.000
d_8=2.000
d_9=2.000
d_10=4.000
d_11=1.000
d_12=2.000
d_13=3.000
d_14=2.000
d_15=3.000
d_16=4.000
d_17=3.000
d_18=3.000
d_19=4.000
d_x_0=1.000
d_x_1=1.000
d_x_2=1.000
d_x_3=3.000
d_x_4=1.000
d_x_5=4.000
d_x_6=3.000
d_x_7=3.000
d_x_8=1.000
d_x_9=1.000
d_x_10=3.000
d_x_11=1.000
d_x_12=1.000
d_x_13=3.000
d_x_14=1.000
d_x_15=1.000
d_x_16=2.000
d_x_18=2.000
d_x_19=3.000
d_y_0=2.000
d_y_1=1.000
d_y_3=2.000
d_y_4=1.000
d_y_5=1.000
d_y_6=1.000
d_y_7=1.000
d_y_8=1.000
d_y_9=1.000
d_y_10=1.000
d_y_12=1.000
d_y_14=1.000
d_y_15=2.000
d_y_16=2.000
d_y_17=3.000
d_y_18=1.000
d_y_19=1.000
normalized distance of container 0 : 0.3333333333333333
normalized distance of container 1 : 0.2222222222222222
normalized distance of container 2 : 0.1111111111111111
normalized distance of container 3 : 0.5555555555555556
normalized distance of container 4 : 0.2222222222222222
normalized distance of container 5 : 0.5555555555555556
normalized distance of container 6 : 0.4444444444444444
normalized distance of container 7 : 0.4444444444444444
normalized distance of container 8 : 0.2222222222222222
normalized distance of container 9 : 0.2222222222222222
normalized distance of container 10 : 0.4444444444444444
normalized distance of container 11 : 0.1111111111111111
normalized distance of container 12 : 0.2222222222222222
normalized distance of container 13 : 0.3333333333333333
normalized distance of container 14 : 0.2222222222222222
normalized distance of container 15 : 0.3333333333333333
normalized distance of container 16 : 0.4444444444444444
normalized distance of container 17 : 0.3333333333333333
normalized distance of container 18 : 0.3333333333333333
normalized distance of container 19 : 0.4444444444444444
