Number of initial container : 3
Number of new container : 12
Total number of containers : 15
Level_num : 9
Container_level : [3, 1, 6, 9, 3, 1, 6, 1, 6, 6, 6, 3, 1, 1, 1]
ideal_configuration : 
 [[6. 0. 0. 0. 0. 0.]
 [3. 6. 0. 0. 0. 0.]
 [1. 3. 6. 0. 0. 0.]
 [1. 1. 3. 6. 0. 0.]
 [1. 1. 1. 6. 9. 0.]]
Centroid : {3: (1.0, 2.0), 1: (0.6666666666666666, 0.6666666666666666), 6: (1.8, 2.0), 9: (4.0, 0.0)}
Repeat number : 11
Original weight : [6.98, 22.37, 11.57, 23.24, 23.74, 20.82, 7.99, 12.33, 6.66, 16.07, 17.24, 20.99, 17.27, 7.58, 22.93]
Group : [1, 0, 2, 3, 1, 0, 2, 0, 2, 2, 2, 1, 0, 0, 0]
Sequence : [0, 0, 0, 1, 2, 3, 4, 5, 6, 7, 8, 9, 10, 11, 12]
Scroe : [106.98, 22.37, 211.57, 323.24, 123.74, 20.82, 207.99, 12.33, 206.66, 216.07, 217.24, 120.99, 17.27, 7.58, 22.93]
Time taken to solve the MIP model : 0.0389 seconds
min_d : 0, max_d : 9
---------------------------------
solution for: IP model
objective: 0
x_0_4_0=1
x_1_0_0=1
x_2_0_1=1
x_3_0_2=1
x_4_4_1=1
x_5_3_0=1
x_6_4_2=1
x_7_2_0=1
x_8_1_0=1
x_9_1_1=1
x_10_1_2=1
x_11_3_1=1
x_12_2_1=1
x_13_5_0=1
x_14_2_2=1
d_0=5.000
d_1=2.000
d_2=3.000
d_3=6.000
d_4=4.000
d_5=4.000
d_6=3.000
d_7=3.000
d_8=3.000
d_9=2.000
d_10=1.000
d_11=3.000
d_12=3.000
d_13=6.000
d_14=4.000
d_x_0=3.000
d_x_1=1.000
d_x_2=2.000
d_x_3=4.000
d_x_4=3.000
d_x_5=3.000
d_x_6=3.000
d_x_7=2.000
d_x_8=1.000
d_x_9=1.000
d_x_10=1.000
d_x_11=2.000
d_x_12=2.000
d_x_13=5.000
d_x_14=2.000
d_y_0=2.000
d_y_1=1.000
d_y_2=1.000
d_y_3=2.000
d_y_4=1.000
d_y_5=1.000
d_y_7=1.000
d_y_8=2.000
d_y_9=1.000
d_y_11=1.000
d_y_12=1.000
d_y_13=1.000
d_y_14=2.000
normalized distance of container 0 : 0.5555555555555556
normalized distance of container 1 : 0.2222222222222222
normalized distance of container 2 : 0.3333333333333333
normalized distance of container 3 : 0.6666666666666666
normalized distance of container 4 : 0.4444444444444444
normalized distance of container 5 : 0.4444444444444444
normalized distance of container 6 : 0.3333333333333333
normalized distance of container 7 : 0.3333333333333333
normalized distance of container 8 : 0.3333333333333333
normalized distance of container 9 : 0.2222222222222222
normalized distance of container 10 : 0.1111111111111111
normalized distance of container 11 : 0.3333333333333333
normalized distance of container 12 : 0.3333333333333333
normalized distance of container 13 : 0.6666666666666666
normalized distance of container 14 : 0.4444444444444444
