Number of initial container : 3
Number of new container : 12
Total number of containers : 15
Level_num : 9
Container_level : [3, 1, 1, 1, 1, 1, 8, 9, 3, 1, 3, 1, 1, 1, 6]
ideal_configuration : 
 [[3. 0. 0. 0. 0. 0.]
 [1. 3. 0. 0. 0. 0.]
 [1. 1. 6. 0. 0. 0.]
 [1. 1. 1. 8. 0. 0.]
 [1. 1. 1. 3. 9. 0.]]
Centroid : {3: (1.3333333333333333, 2.3333333333333335), 1: (0.7777777777777778, 1.1111111111111112), 8: (3.0, 1.0), 9: (4.0, 0.0), 6: (2.0, 2.0)}
Repeat number : 24
Original weight : [6.87, 8.23, 7.28, 16.21, 6.71, 12.49, 12.26, 12.65, 16.06, 17.11, 8.35, 8.9, 5.91, 18.1, 10.07]
Group : [1, 0, 0, 0, 0, 0, 3, 3, 1, 0, 1, 0, 0, 0, 2]
Sequence : [0, 0, 0, 1, 2, 3, 4, 5, 6, 7, 8, 9, 10, 11, 12]
Scroe : [106.87, 8.23, 7.28, 16.21, 6.71, 12.49, 312.26, 312.65, 116.06, 17.11, 108.35, 8.9, 5.91, 18.1, 210.07]
Time taken to solve the MIP model : 0.0189 seconds
min_d : 0, max_d : 9
---------------------------------
solution for: IP model
objective: 0
x_0_5_0=1
x_1_3_0=1
x_2_2_0=1
x_3_2_1=1
x_4_1_0=1
x_5_1_1=1
x_6_4_0=1
x_7_4_1=1
x_8_1_2=1
x_9_2_2=1
x_10_5_1=1
x_11_3_1=1
x_12_0_0=1
x_13_0_1=1
x_14_0_2=1
d_0=7.000
d_1=5.000
d_2=4.000
d_3=3.000
d_4=3.000
d_5=2.000
d_6=2.000
d_7=1.000
d_8=2.000
d_9=3.000
d_10=6.000
d_11=4.000
d_12=3.000
d_13=2.000
d_14=2.000
d_x_0=4.000
d_x_1=3.000
d_x_2=2.000
d_x_3=2.000
d_x_4=1.000
d_x_5=1.000
d_x_6=1.000
d_x_8=1.000
d_x_9=2.000
d_x_10=4.000
d_x_11=3.000
d_x_12=1.000
d_x_13=1.000
d_x_14=2.000
d_y_0=3.000
d_y_1=2.000
d_y_2=2.000
d_y_3=1.000
d_y_4=2.000
d_y_5=1.000
d_y_6=1.000
d_y_7=1.000
d_y_8=1.000
d_y_9=1.000
d_y_10=2.000
d_y_11=1.000
d_y_12=2.000
d_y_13=1.000
normalized distance of container 0 : 0.7777777777777778
normalized distance of container 1 : 0.5555555555555556
normalized distance of container 2 : 0.4444444444444444
normalized distance of container 3 : 0.3333333333333333
normalized distance of container 4 : 0.3333333333333333
normalized distance of container 5 : 0.2222222222222222
normalized distance of container 6 : 0.2222222222222222
normalized distance of container 7 : 0.1111111111111111
normalized distance of container 8 : 0.2222222222222222
normalized distance of container 9 : 0.3333333333333333
normalized distance of container 10 : 0.6666666666666666
normalized distance of container 11 : 0.4444444444444444
normalized distance of container 12 : 0.3333333333333333
normalized distance of container 13 : 0.2222222222222222
normalized distance of container 14 : 0.2222222222222222
