Number of initial container : 3
Number of new container : 12
Total number of containers : 15
Level_num : 9
Container_level : [6, 1, 9, 1, 8, 6, 8, 1, 6, 6, 8, 8, 8, 3, 3]
ideal_configuration : 
 [[8. 0. 0. 0. 0. 0.]
 [6. 8. 0. 0. 0. 0.]
 [3. 6. 8. 0. 0. 0.]
 [1. 3. 6. 8. 0. 0.]
 [1. 1. 6. 8. 9. 0.]]
Centroid : {6: (1.25, 1.5), 1: (0.3333333333333333, 0.3333333333333333), 9: (4.0, 0.0), 8: (1.8, 2.0), 3: (0.5, 1.5)}
Repeat number : 21
Original weight : [20.52, 14.0, 23.93, 11.94, 13.1, 7.99, 9.53, 23.79, 7.41, 10.52, 18.5, 5.14, 11.23, 11.44, 21.82]
Group : [2, 0, 3, 0, 3, 2, 3, 0, 2, 2, 3, 3, 3, 1, 1]
Sequence : [0, 0, 0, 1, 2, 3, 4, 5, 6, 7, 8, 9, 10, 11, 12]
Scroe : [220.52, 14.0, 323.93, 11.94, 313.1, 207.99, 309.53, 23.79, 207.41, 210.52, 318.5, 305.14, 311.23, 111.44, 121.82]
Time taken to solve the MIP model : 0.0687 seconds
min_d : 0, max_d : 9
---------------------------------
solution for: IP model
objective: 0
x_0_1_0=1
x_1_2_0=1
x_2_0_0=1
x_3_4_0=1
x_4_4_1=1
x_5_5_0=1
x_6_1_1=1
x_7_3_0=1
x_8_3_1=1
x_9_5_1=1
x_10_1_2=1
x_11_3_2=1
x_12_5_2=1
x_13_2_1=1
x_14_2_2=1
d_0=3.000
d_1=3.000
d_2=4.000
d_3=5.000
d_4=4.000
d_5=6.000
d_6=2.000
d_7=4.000
d_8=3.000
d_9=5.000
d_10=1.000
d_11=2.000
d_12=4.000
d_13=3.000
d_14=3.000
d_x_0=1.000
d_x_1=2.000
d_x_2=4.000
d_x_3=4.000
d_x_4=3.000
d_x_5=4.000
d_x_6=1.000
d_x_7=3.000
d_x_8=2.000
d_x_9=4.000
d_x_10=1.000
d_x_11=2.000
d_x_12=4.000
d_x_13=2.000
d_x_14=2.000
d_y_0=2.000
d_y_1=1.000
d_y_3=1.000
d_y_4=1.000
d_y_5=2.000
d_y_6=1.000
d_y_7=1.000
d_y_8=1.000
d_y_9=1.000
d_y_13=1.000
d_y_14=1.000
normalized distance of container 0 : 0.3333333333333333
normalized distance of container 1 : 0.3333333333333333
normalized distance of container 2 : 0.4444444444444444
normalized distance of container 3 : 0.5555555555555556
normalized distance of container 4 : 0.4444444444444444
normalized distance of container 5 : 0.6666666666666666
normalized distance of container 6 : 0.2222222222222222
normalized distance of container 7 : 0.4444444444444444
normalized distance of container 8 : 0.3333333333333333
normalized distance of container 9 : 0.5555555555555556
normalized distance of container 10 : 0.1111111111111111
normalized distance of container 11 : 0.2222222222222222
normalized distance of container 12 : 0.4444444444444444
normalized distance of container 13 : 0.3333333333333333
normalized distance of container 14 : 0.3333333333333333
