Number of initial container : 3
Number of new container : 12
Total number of containers : 15
Level_num : 9
Container_level : [1, 8, 8, 3, 1, 6, 6, 9, 8, 1, 1, 8, 8, 3, 3]
ideal_configuration : 
 [[8. 0. 0. 0. 0. 0.]
 [3. 8. 0. 0. 0. 0.]
 [1. 6. 8. 0. 0. 0.]
 [1. 3. 6. 8. 0. 0.]
 [1. 1. 3. 8. 9. 0.]]
Centroid : {1: (0.25, 0.75), 8: (1.8, 2.0), 3: (1.0, 1.3333333333333333), 6: (1.5, 1.5), 9: (4.0, 0.0)}
Repeat number : 8
Original weight : [13.22, 8.2, 7.0, 7.48, 7.97, 23.67, 11.67, 21.92, 11.16, 17.75, 17.38, 12.96, 15.1, 15.81, 19.06]
Group : [0, 3, 3, 1, 0, 2, 2, 3, 3, 0, 0, 3, 3, 1, 1]
Sequence : [0, 0, 0, 1, 2, 3, 4, 5, 6, 7, 8, 9, 10, 11, 12]
Scroe : [13.22, 308.2, 307.0, 107.48, 7.97, 223.67000000000002, 211.67, 321.92, 311.16, 17.75, 17.38, 312.96, 315.1, 115.81, 119.06]
Time taken to solve the MIP model : 0.0193 seconds
min_d : 0, max_d : 9
---------------------------------
solution for: IP model
objective: 0
x_0_5_0=1
x_1_3_0=1
x_2_0_0=1
x_3_5_1=1
x_4_4_0=1
x_5_4_1=1
x_6_5_2=1
x_7_4_2=1
x_8_3_1=1
x_9_1_0=1
x_10_2_0=1
x_11_1_1=1
x_12_3_2=1
x_13_2_1=1
x_14_2_2=1
d_0=6.000
d_1=4.000
d_2=4.000
d_3=5.000
d_4=5.000
d_5=4.000
d_6=5.000
d_7=2.000
d_8=3.000
d_9=2.000
d_10=3.000
d_11=2.000
d_12=2.000
d_13=2.000
d_14=2.000
d_x_0=5.000
d_x_1=2.000
d_x_2=2.000
d_x_3=4.000
d_x_4=4.000
d_x_5=3.000
d_x_6=4.000
d_x_8=2.000
d_x_9=1.000
d_x_10=2.000
d_x_11=1.000
d_x_12=2.000
d_x_13=1.000
d_x_14=1.000
d_y_0=1.000
d_y_1=2.000
d_y_2=2.000
d_y_3=1.000
d_y_4=1.000
d_y_5=1.000
d_y_6=1.000
d_y_7=2.000
d_y_8=1.000
d_y_9=1.000
d_y_10=1.000
d_y_11=1.000
d_y_13=1.000
d_y_14=1.000
normalized distance of container 0 : 0.6666666666666666
normalized distance of container 1 : 0.4444444444444444
normalized distance of container 2 : 0.4444444444444444
normalized distance of container 3 : 0.5555555555555556
normalized distance of container 4 : 0.5555555555555556
normalized distance of container 5 : 0.4444444444444444
normalized distance of container 6 : 0.5555555555555556
normalized distance of container 7 : 0.2222222222222222
normalized distance of container 8 : 0.3333333333333333
normalized distance of container 9 : 0.2222222222222222
normalized distance of container 10 : 0.3333333333333333
normalized distance of container 11 : 0.2222222222222222
normalized distance of container 12 : 0.2222222222222222
normalized distance of container 13 : 0.2222222222222222
normalized distance of container 14 : 0.2222222222222222
