Number of initial container : 3
Number of new container : 12
Total number of containers : 15
Level_num : 9
Container_level : [3, 8, 6, 1, 3, 3, 3, 8, 8, 3, 6, 3, 6, 9, 3]
ideal_configuration : 
 [[6. 0. 0. 0. 0. 0.]
 [3. 8. 0. 0. 0. 0.]
 [3. 3. 8. 0. 0. 0.]
 [3. 3. 6. 8. 0. 0.]
 [1. 3. 3. 6. 9. 0.]]
Centroid : {3: (0.7142857142857143, 1.2857142857142858), 8: (2.0, 2.0), 6: (1.6666666666666667, 1.6666666666666667), 1: (0.0, 0.0), 9: (4.0, 0.0)}
Repeat number : 27
Original weight : [18.06, 6.24, 22.08, 10.41, 16.08, 21.6, 23.23, 10.55, 10.3, 7.95, 20.99, 8.71, 21.73, 23.54, 11.13]
Group : [1, 3, 2, 0, 1, 1, 1, 3, 3, 1, 2, 1, 2, 3, 1]
Sequence : [0, 0, 0, 1, 2, 3, 4, 5, 6, 7, 8, 9, 10, 11, 12]
Scroe : [118.06, 306.24, 222.07999999999998, 10.41, 116.08, 121.6, 123.23, 310.55, 310.3, 107.95, 220.99, 108.71000000000001, 221.73, 323.54, 111.13]
Time taken to solve the MIP model : 0.0189 seconds
min_d : 0, max_d : 9
---------------------------------
solution for: IP model
objective: 2
x_0_3_0=1
x_1_3_1=1
x_2_3_2=1
x_3_5_0=1
x_4_0_0=1
x_5_5_1=1
x_6_0_1=1
x_7_5_2=1
x_8_0_2=1
x_9_1_0=1
x_10_2_0=1
x_11_4_0=1
x_12_2_1=1
x_13_4_1=1
x_14_1_1=1
r_3_1=1
r_3_2=1
d_0=5.000
d_1=2.000
d_2=3.000
d_3=5.000
d_4=3.000
d_5=6.000
d_6=2.000
d_7=3.000
d_8=2.000
d_9=3.000
d_10=3.000
d_11=6.000
d_12=2.000
d_13=1.000
d_14=2.000
d_x_0=3.000
d_x_1=1.000
d_x_2=2.000
d_x_3=5.000
d_x_4=1.000
d_x_5=5.000
d_x_6=1.000
d_x_7=3.000
d_x_8=2.000
d_x_9=1.000
d_x_10=1.000
d_x_11=4.000
d_x_12=1.000
d_x_14=1.000
d_y_0=2.000
d_y_1=1.000
d_y_2=1.000
d_y_4=2.000
d_y_5=1.000
d_y_6=1.000
d_y_9=2.000
d_y_10=2.000
d_y_11=2.000
d_y_12=1.000
d_y_13=1.000
d_y_14=1.000
normalized distance of container 0 : 0.5555555555555556
normalized distance of container 1 : 0.2222222222222222
normalized distance of container 2 : 0.3333333333333333
normalized distance of container 3 : 0.5555555555555556
normalized distance of container 4 : 0.3333333333333333
normalized distance of container 5 : 0.6666666666666666
normalized distance of container 6 : 0.2222222222222222
normalized distance of container 7 : 0.3333333333333333
normalized distance of container 8 : 0.2222222222222222
normalized distance of container 9 : 0.3333333333333333
normalized distance of container 10 : 0.3333333333333333
normalized distance of container 11 : 0.6666666666666666
normalized distance of container 12 : 0.2222222222222222
normalized distance of container 13 : 0.1111111111111111
normalized distance of container 14 : 0.2222222222222222
