Number of initial container : 3
Number of new container : 12
Total number of containers : 15
Level_num : 9
Container_level : [3, 1, 1, 9, 3, 1, 6, 1, 1, 3, 3, 8, 6, 1, 1]
ideal_configuration : 
 [[3. 0. 0. 0. 0. 0.]
 [1. 6. 0. 0. 0. 0.]
 [1. 3. 6. 0. 0. 0.]
 [1. 1. 3. 8. 0. 0.]
 [1. 1. 1. 3. 9. 0.]]
Centroid : {3: (1.5, 1.75), 1: (0.5714285714285714, 1.0), 9: (4.0, 0.0), 6: (1.5, 2.5), 8: (3.0, 1.0)}
Repeat number : 9
Original weight : [11.43, 21.22, 20.44, 22.18, 9.17, 17.5, 23.4, 21.88, 17.03, 16.49, 18.09, 7.18, 9.87, 10.59, 11.63]
Group : [1, 0, 0, 3, 1, 0, 2, 0, 0, 1, 1, 3, 2, 0, 0]
Sequence : [0, 0, 0, 1, 2, 3, 4, 5, 6, 7, 8, 9, 10, 11, 12]
Scroe : [111.43, 21.22, 20.44, 322.18, 109.17, 17.5, 223.4, 21.88, 17.03, 116.49, 118.09, 307.18, 209.87, 10.59, 11.63]
Time taken to solve the MIP model : 0.0449 seconds
min_d : 0, max_d : 9
---------------------------------
solution for: IP model
objective: 2
x_0_5_0=1
x_1_4_0=1
x_2_4_1=1
x_3_5_1=1
x_4_0_0=1
x_5_2_0=1
x_6_0_1=1
x_7_2_1=1
x_8_1_0=1
x_9_2_2=1
x_10_1_1=1
x_11_2_3=1
x_12_1_2=1
x_13_3_0=1
x_14_3_1=1
r_4_0=1
r_4_1=1
d_0=6.000
d_1=5.000
d_2=4.000
d_3=2.000
d_4=4.000
d_5=3.000
d_6=4.000
d_7=2.000
d_8=2.000
d_9=2.000
d_10=2.000
d_11=3.000
d_12=2.000
d_13=4.000
d_14=3.000
d_x_0=4.000
d_x_1=4.000
d_x_2=4.000
d_x_3=1.000
d_x_4=2.000
d_x_5=2.000
d_x_6=2.000
d_x_7=2.000
d_x_8=1.000
d_x_9=1.000
d_x_10=1.000
d_x_11=1.000
d_x_12=1.000
d_x_13=3.000
d_x_14=3.000
d_y_0=2.000
d_y_1=1.000
d_y_3=1.000
d_y_4=2.000
d_y_5=1.000
d_y_6=2.000
d_y_8=1.000
d_y_9=1.000
d_y_10=1.000
d_y_11=2.000
d_y_12=1.000
d_y_13=1.000
normalized distance of container 0 : 0.6666666666666666
normalized distance of container 1 : 0.5555555555555556
normalized distance of container 2 : 0.4444444444444444
normalized distance of container 3 : 0.2222222222222222
normalized distance of container 4 : 0.4444444444444444
normalized distance of container 5 : 0.3333333333333333
normalized distance of container 6 : 0.4444444444444444
normalized distance of container 7 : 0.2222222222222222
normalized distance of container 8 : 0.2222222222222222
normalized distance of container 9 : 0.2222222222222222
normalized distance of container 10 : 0.2222222222222222
normalized distance of container 11 : 0.3333333333333333
normalized distance of container 12 : 0.2222222222222222
normalized distance of container 13 : 0.4444444444444444
normalized distance of container 14 : 0.3333333333333333
