Number of initial container : 0
Number of new container : 10
Total number of containers : 10
Level_num : 9
Container_level : [8, 9, 8, 1, 1, 5, 7, 1, 1, 2]
ideal_configuration : 
 [[0. 0. 0. 0. 0. 0.]
 [7. 0. 0. 0. 0. 0.]
 [1. 8. 0. 0. 0. 0.]
 [1. 2. 8. 0. 0. 0.]
 [1. 1. 5. 9. 0. 0.]]
Centroid : {8: (1.5, 1.5), 9: (3.0, 0.0), 1: (0.25, 0.75), 5: (2.0, 0.0), 7: (0.0, 3.0), 2: (1.0, 1.0)}
Repeat number : 22
Original weight : [20.7, 22.61, 22.3, 7.45, 5.6, 15.83, 18.71, 5.69, 7.08, 8.02]
Sequence : [1, 2, 3, 4, 5, 6, 7, 8, 9, 10]
Emergency : [0, 0, 0, 0, 0, 0, 0, 0, 0, 0]
Time taken to solve the MIP model : 0.0550 seconds
min_d : 0, max_d : 9
---------------------------------
solution for: IP model
objective: 0.805556
status: OPTIMAL_SOLUTION(2)
x_0_2_0=1
x_1_4_0=1
x_2_2_1=1
x_3_1_0=1
x_4_0_0=1
x_5_3_0=1
x_6_3_1=1
x_7_0_1=1
x_8_0_2=1
x_9_1_1=1
d_0=2.000
d_1=1.000
d_2=1.000
d_3=1.500
d_4=1.000
d_5=1.000
d_6=5.000
d_7=0.500
d_8=1.500
d_x_0=0.500
d_x_1=1.000
d_x_2=0.500
d_x_3=0.750
d_x_4=0.250
d_x_5=1.000
d_x_6=3.000
d_x_7=0.250
d_x_8=0.250
d_y_0=1.500
d_y_2=0.500
d_y_3=0.750
d_y_4=0.750
d_y_6=2.000
d_y_7=0.250
d_y_8=1.250
normalized distance of container 0 : 0.22222222222222202
normalized distance of container 1 : 0.1111111111111111
normalized distance of container 2 : 0.11111111111111033
normalized distance of container 3 : 0.16666666666666508
normalized distance of container 4 : 0.1111111111111111
normalized distance of container 5 : 0.1111111111111111
normalized distance of container 6 : 0.5555555555555556
normalized distance of container 7 : 0.05555555555555477
normalized distance of container 8 : 0.16666666666666588
normalized distance of container 9 : 0.0
