Number of initial container : 0
Number of new container : 10
Total number of containers : 10
Level_num : 9
Container_level : [7, 5, 1, 5, 4, 2, 9, 8, 8, 1]
ideal_configuration : 
 [[0. 0. 0. 0. 0. 0.]
 [7. 0. 0. 0. 0. 0.]
 [4. 8. 0. 0. 0. 0.]
 [1. 5. 8. 0. 0. 0.]
 [1. 2. 5. 9. 0. 0.]]
Centroid : {7: (0.0, 3.0), 5: (1.5, 0.5), 1: (0.0, 0.5), 4: (0.0, 2.0), 2: (1.0, 0.0), 9: (3.0, 0.0), 8: (1.5, 1.5)}
Repeat number : 2
Original weight : [16.19, 13.91, 8.47, 13.56, 12.78, 10.66, 17.91, 17.01, 17.57, 9.63]
Sequence : [1, 2, 3, 4, 5, 6, 7, 8, 9, 10]
Emergency : [0, 0, 0, 0, 0, 0, 0, 0, 0, 0]
Time taken to solve the MIP model : 0.0948 seconds
min_d : 0, max_d : 9
---------------------------------
solution for: IP model
objective: 1.11111
status: OPTIMAL_SOLUTION(2)
x_0_3_0=1
x_1_2_0=1
x_2_0_0=1
x_3_5_0=1
x_4_0_1=1
x_5_1_0=1
x_6_3_1=1
x_7_2_1=1
x_8_2_2=1
x_9_4_0=1
d_0=6.000
d_1=1.000
d_2=0.500
d_3=4.000
d_4=1.000
d_6=1.000
d_7=1.000
d_8=1.000
d_9=4.500
d_x_0=3.000
d_x_1=0.500
d_x_3=3.500
d_x_7=0.500
d_x_8=0.500
d_x_9=4.000
d_y_0=3.000
d_y_1=0.500
d_y_2=0.500
d_y_3=0.500
d_y_4=1.000
d_y_6=1.000
d_y_7=0.500
d_y_8=0.500
d_y_9=0.500
normalized distance of container 0 : 0.6666666666666666
normalized distance of container 1 : 0.11111111111111072
normalized distance of container 2 : 0.05555555555555555
normalized distance of container 3 : 0.44444444444444364
normalized distance of container 4 : 0.1111111111111111
normalized distance of container 5 : 0.0
normalized distance of container 6 : 0.1111111111111111
normalized distance of container 7 : 0.11111111111111033
normalized distance of container 8 : 0.11111111111110954
normalized distance of container 9 : 0.5
