Number of initial container : 10
Number of new container : 10
Total number of containers : 20
Level_num : 9
Container_level : [5, 5, 4, 8, 6, 8, 8, 8, 4, 2, 4, 8, 9, 8, 5, 7, 6, 3, 1, 5]
ideal_configuration : 
 [[6. 8. 0. 0. 0. 0.]
 [5. 6. 8. 0. 0. 0.]
 [4. 5. 7. 8. 0. 0.]
 [2. 4. 5. 8. 8. 0.]
 [1. 3. 4. 5. 8. 9.]]
Centroid : {5: (1.5, 1.5), 4: (1.0, 1.0), 8: (2.8333333333333335, 1.8333333333333333), 6: (0.5, 3.5), 2: (0.0, 1.0), 9: (5.0, 0.0), 7: (2.0, 2.0), 3: (1.0, 0.0), 1: (0.0, 0.0)}
Repeat number : 12
Original weight : [15.86, 15.09, 12.52, 23.22, 18.66, 23.21, 23.78, 22.02, 13.5, 9.46, 13.57, 23.8, 23.91, 23.61, 15.93, 19.65, 19.13, 10.3, 5.38, 16.51]
Sequence : [0, 0, 0, 0, 0, 0, 0, 0, 0, 0, 1, 2, 3, 4, 5, 6, 7, 8, 9, 10]
Emergency : [0, 0, 0, 0, 0, 0, 0, 0, 0, 0, 0, 0, 0, 0, 0, 0, 0, 0, 0, 0]
Time taken to solve the MIP model : 0.0737 seconds
min_d : 0, max_d : 9
---------------------------------
solution for: IP model
objective: 7.98148
status: OPTIMAL_SOLUTION(2)
x_0_1_0=1
x_1_1_1=1
x_2_4_0=1
x_3_4_1=1
x_4_1_2=1
x_5_3_0=1
x_6_5_0=1
x_7_5_1=1
x_8_1_3=1
x_9_3_1=1
x_10_2_0=1
x_11_4_2=1
x_12_4_3=1
x_13_3_2=1
x_14_2_1=1
x_15_2_2=1
x_16_3_3=1
x_17_5_2=1
x_18_0_0=1
x_19_0_1=1
r_1_0=1
r_1_1=1
r_1_2=1
r_1_3=1
r_3_0=1
r_3_1=1
r_3_2=1
r_3_3=1
r_5_0=1
r_5_1=1
r_5_2=1
d_0=2.000
d_1=1.000
d_2=4.000
d_3=2.000
d_4=2.000
d_5=2.000
d_6=4.000
d_7=3.000
d_8=2.000
d_9=3.000
d_10=2.000
d_11=1.333
d_12=4.000
d_13=0.333
d_14=1.000
d_16=3.000
d_17=6.000
d_19=2.000
d_x_0=0.500
d_x_1=0.500
d_x_2=3.000
d_x_3=1.167
d_x_4=0.500
d_x_5=0.167
d_x_6=2.167
d_x_7=2.167
d_x_9=3.000
d_x_10=1.000
d_x_11=1.167
d_x_12=1.000
d_x_13=0.167
d_x_14=0.500
d_x_16=2.500
d_x_17=4.000
d_x_19=1.500
d_y_0=1.500
d_y_1=0.500
d_y_2=1.000
d_y_3=0.833
d_y_4=1.500
d_y_5=1.833
d_y_6=1.833
d_y_7=0.833
d_y_8=2.000
d_y_10=1.000
d_y_11=0.167
d_y_12=3.000
d_y_13=0.167
d_y_14=0.500
d_y_16=0.500
d_y_17=2.000
d_y_19=0.500
normalized distance of container 0 : 0.2222222222222222
normalized distance of container 1 : 0.1111111111111111
normalized distance of container 2 : 0.4444444444444444
normalized distance of container 3 : 0.2222222222222222
normalized distance of container 4 : 0.2222222222222222
normalized distance of container 5 : 0.2222222222222222
normalized distance of container 6 : 0.4444444444444444
normalized distance of container 7 : 0.3333333333333333
normalized distance of container 8 : 0.2222222222222222
normalized distance of container 9 : 0.3333333333333333
normalized distance of container 10 : 0.2222222222222222
normalized distance of container 11 : 0.1481481481481478
normalized distance of container 12 : 0.4444444444444444
normalized distance of container 13 : 0.03703703703703631
normalized distance of container 14 : 0.11111111111111033
normalized distance of container 15 : 0.0
normalized distance of container 16 : 0.3333333333333333
normalized distance of container 17 : 0.6666666666666666
normalized distance of container 18 : 0.0
normalized distance of container 19 : 0.22222222222222213
