Number of initial container : 5
Number of new container : 15
Total number of containers : 20
Level_num : 9
Container_level : [3, 3, 6, 6, 8, 2, 3, 9, 4, 3, 1, 3, 6, 3, 6, 7, 2, 2, 4, 2]
ideal_configuration : 
 [[6. 0. 0. 0. 0. 0. 0. 0. 0. 0.]
 [3. 6. 0. 0. 0. 0. 0. 0. 0. 0.]
 [3. 4. 7. 0. 0. 0. 0. 0. 0. 0.]
 [2. 3. 4. 8. 0. 0. 0. 0. 0. 0.]
 [2. 2. 3. 6. 9. 0. 0. 0. 0. 0.]
 [1. 2. 3. 3. 6. 0. 0. 0. 0. 0.]]
Centroid : {3: (2.3333333333333335, 1.6666666666666667), 6: (3.0, 2.5), 8: (4.0, 2.0), 2: (1.5, 1.0), 9: (5.0, 1.0), 4: (2.5, 2.5), 1: (1.0, 0.0), 7: (3.0, 3.0)}
Repeat number : 20
Original weight : [11.8, 11.29, 17.95, 18.58, 23.29, 10.62, 10.79, 23.95, 15.03, 11.8, 6.2, 12.05, 18.43, 12.34, 19.02, 19.7, 10.2, 9.68, 13.93, 8.67]
Group : [0, 0, 0, 0, 0, 0, 0, 0, 0, 0, 0, 0, 0, 0, 0, 0, 0, 0, 0, 0]
Sequence : [0, 0, 0, 0, 0, 1, 2, 3, 4, 5, 6, 7, 8, 9, 10, 11, 12, 13, 14, 15]
Scroe : [11.8, 11.29, 17.95, 18.58, 23.29, 10.62, 10.79, 23.95, 15.03, 11.8, 6.2, 12.05, 18.43, 12.34, 19.02, 19.7, 10.2, 9.68, 13.93, 8.67]
Time taken to solve the MIP model : 0.0708 seconds
---------------------------------
solution for: IP model
objective: 0
x_1_2_0=1
x_2_10_0=1
x_3_10_1=1
x_4_2_1=1
x_5_4_0=1
x_6_5_0=1
x_7_8_0=1
x_8_4_1=1
x_9_7_0=1
x_10_3_0=1
x_11_9_0=1
x_12_5_1=1
x_13_3_1=1
x_14_8_1=1
x_15_2_2=1
x_16_10_2=1
x_17_1_0=1
x_18_9_1=1
x_19_1_1=1
x_20_6_0=1
d_1=2.000
d_2=9.333
d_3=8.500
d_4=2.500
d_5=2.000
d_6=5.000
d_7=8.000
d_8=1.000
d_9=8.000
d_10=3.000
d_11=8.000
d_12=4.000
d_13=2.000
d_14=7.000
d_15=2.000
d_16=8.000
d_17=2.000
d_18=8.000
d_19=4.000
d_20=6.000
d_x_1=0.333
d_x_2=7.667
d_x_3=7.000
d_x_4=1.000
d_x_6=4.000
d_x_7=6.000
d_x_8=1.000
d_x_9=5.000
d_x_10=1.000
d_x_11=8.000
d_x_12=3.000
d_x_14=6.000
d_x_15=1.000
d_x_16=7.000
d_x_17=1.000
d_x_18=8.000
d_x_19=2.000
d_x_20=5.000
d_y_1=1.667
d_y_2=1.667
d_y_3=1.500
d_y_4=1.500
d_y_5=2.000
d_y_6=1.000
d_y_7=2.000
d_y_9=3.000
d_y_10=2.000
d_y_12=1.000
d_y_13=2.000
d_y_14=1.000
d_y_15=1.000
d_y_16=1.000
d_y_17=1.000
d_y_19=2.000
d_y_20=1.000
