Number of initial container : 5
Number of new container : 15
Total number of containers : 20
Level_num : 9
Container_level : [2, 6, 5, 8, 2, 2, 2, 5, 6, 7, 6, 3, 3, 9, 7, 6, 2, 3, 2, 1]
ideal_configuration : 
 [[6. 0. 0. 0. 0. 0. 0. 0. 0. 0.]
 [5. 7. 0. 0. 0. 0. 0. 0. 0. 0.]
 [2. 5. 7. 0. 0. 0. 0. 0. 0. 0.]
 [2. 3. 6. 8. 0. 0. 0. 0. 0. 0.]
 [2. 2. 3. 6. 9. 0. 0. 0. 0. 0.]
 [1. 2. 2. 3. 6. 0. 0. 0. 0. 0.]]
Centroid : {2: (1.6666666666666667, 1.1666666666666667), 6: (3.25, 2.0), 5: (1.5, 3.5), 8: (4.0, 2.0), 7: (2.5, 3.5), 3: (3.0, 1.0), 9: (5.0, 1.0), 1: (1.0, 0.0)}
Repeat number : 14
Original weight : [8.97, 18.09, 14.66, 23.88, 8.64, 9.13, 9.52, 15.31, 17.64, 20.19, 19.13, 12.14, 11.73, 23.9, 19.79, 18.88, 9.81, 10.41, 7.6, 5.15]
Group : [0, 0, 0, 0, 0, 0, 0, 0, 0, 0, 0, 0, 0, 0, 0, 0, 0, 0, 0, 0]
Sequence : [0, 0, 0, 0, 0, 1, 2, 3, 4, 5, 6, 7, 8, 9, 10, 11, 12, 13, 14, 15]
Scroe : [8.97, 18.09, 14.66, 23.88, 8.64, 9.13, 9.52, 15.31, 17.64, 20.19, 19.13, 12.14, 11.73, 23.9, 19.79, 18.88, 9.81, 10.41, 7.6, 5.15]
Time taken to solve the MIP model : 0.0957 seconds
---------------------------------
solution for: IP model
objective: 0
x_1_6_0=1
x_2_3_0=1
x_3_8_0=1
x_4_8_1=1
x_5_9_0=1
x_6_1_0=1
x_7_1_1=1
x_8_2_0=1
x_9_1_2=1
x_10_2_1=1
x_11_1_3=1
x_12_4_0=1
x_13_9_1=1
x_14_2_2=1
x_15_1_4=1
x_16_3_1=1
x_17_5_0=1
x_18_5_1=1
x_19_7_0=1
x_20_10_0=1
d_1=5.500
d_2=2.250
d_3=10.000
d_4=5.000
d_5=8.500
d_6=3.000
d_7=2.000
d_8=5.000
d_9=3.000
d_10=4.000
d_11=4.000
d_12=2.000
d_13=6.000
d_14=4.000
d_15=3.000
d_16=2.000
d_17=6.000
d_18=2.000
d_19=8.000
d_20=9.000
d_x_1=4.333
d_x_2=0.250
d_x_3=6.500
d_x_4=4.000
d_x_5=7.333
d_x_6=1.000
d_x_7=1.000
d_x_8=1.000
d_x_9=3.000
d_x_10=1.000
d_x_11=3.000
d_x_12=1.000
d_x_13=6.000
d_x_14=3.000
d_x_15=2.000
d_x_16=1.000
d_x_17=4.000
d_x_18=2.000
d_x_19=6.000
d_x_20=9.000
d_y_1=1.167
d_y_2=2.000
d_y_3=3.500
d_y_4=1.000
d_y_5=1.167
d_y_6=2.000
d_y_7=1.000
d_y_8=4.000
d_y_10=3.000
d_y_11=1.000
d_y_12=1.000
d_y_14=1.000
d_y_15=1.000
d_y_16=1.000
d_y_17=2.000
d_y_19=2.000
