Number of initial container : 5
Number of new container : 15
Total number of containers : 20
Level_num : 9
Container_level : [4, 5, 2, 8, 4, 6, 3, 5, 2, 3, 4, 6, 1, 3, 8, 4, 2, 4, 6, 4]
ideal_configuration : 
 [[6. 0. 0. 0. 0. 0. 0. 0. 0. 0.]
 [4. 6. 0. 0. 0. 0. 0. 0. 0. 0.]
 [3. 4. 6. 0. 0. 0. 0. 0. 0. 0.]
 [2. 4. 4. 8. 0. 0. 0. 0. 0. 0.]
 [2. 3. 4. 5. 8. 0. 0. 0. 0. 0.]
 [1. 2. 3. 4. 5. 0. 0. 0. 0. 0.]]
Centroid : {4: (2.5, 2.0), 5: (4.5, 0.5), 2: (1.3333333333333333, 1.0), 8: (4.5, 1.5), 6: (2.0, 4.0), 3: (2.0, 1.3333333333333333), 1: (1.0, 0.0)}
Repeat number : 3
Original weight : [12.33, 14.4, 8.83, 22.44, 13.61, 17.54, 10.74, 14.08, 7.63, 10.66, 13.27, 16.6, 5.24, 11.14, 21.85, 11.96, 8.34, 13.71, 17.99, 13.69]
Group : [0, 0, 0, 0, 0, 0, 0, 0, 0, 0, 0, 0, 0, 0, 0, 0, 0, 0, 0, 0]
Sequence : [0, 0, 0, 0, 0, 1, 2, 3, 4, 5, 6, 7, 8, 9, 10, 11, 12, 13, 14, 15]
Scroe : [12.33, 14.4, 8.83, 22.44, 13.61, 17.54, 10.74, 14.08, 7.63, 10.66, 13.27, 16.6, 5.24, 11.14, 21.85, 11.96, 8.34, 13.71, 17.99, 13.69]
Time taken to solve the MIP model : 0.0698 seconds
---------------------------------
solution for: IP model
objective: 0
x_1_10_0=1
x_2_6_0=1
x_3_3_0=1
x_4_10_1=1
x_5_1_0=1
x_6_3_1=1
x_7_4_0=1
x_8_4_1=1
x_9_2_0=1
x_10_2_1=1
x_11_9_0=1
x_12_9_1=1
x_13_5_0=1
x_14_5_1=1
x_15_6_1=1
x_16_5_2=1
x_17_7_0=1
x_18_7_1=1
x_19_9_2=1
x_20_8_0=1
d_1=9.500
d_2=2.000
d_3=2.667
d_4=6.000
d_5=3.500
d_6=4.000
d_7=4.000
d_8=2.000
d_9=2.000
d_10=1.000
d_11=9.000
d_12=10.000
d_13=4.000
d_14=4.000
d_15=3.000
d_16=3.000
d_17=7.000
d_18=6.000
d_19=9.000
d_20=8.000
d_x_1=7.500
d_x_2=1.500
d_x_3=1.667
d_x_4=5.500
d_x_5=1.500
d_x_6=1.000
d_x_7=2.000
d_x_8=1.000
d_x_9=1.000
d_x_11=7.000
d_x_12=7.000
d_x_13=4.000
d_x_14=3.000
d_x_15=2.000
d_x_16=3.000
d_x_17=6.000
d_x_18=5.000
d_x_19=7.000
d_x_20=6.000
d_y_1=2.000
d_y_2=0.500
d_y_3=1.000
d_y_4=0.500
d_y_5=2.000
d_y_6=3.000
d_y_7=2.000
d_y_8=1.000
d_y_9=1.000
d_y_10=1.000
d_y_11=2.000
d_y_12=3.000
d_y_14=1.000
d_y_15=1.000
d_y_17=1.000
d_y_18=1.000
d_y_19=2.000
d_y_20=2.000
