Number of initial container : 5
Number of new container : 15
Total number of containers : 20
Level_num : 9
Container_level : [3, 1, 8, 2, 7, 6, 9, 8, 5, 5, 1, 2, 6, 8, 3, 1, 5, 7, 2, 1]
ideal_configuration : 
 [[7. 0. 0. 0. 0. 0. 0. 0. 0. 0.]
 [5. 8. 0. 0. 0. 0. 0. 0. 0. 0.]
 [2. 5. 8. 0. 0. 0. 0. 0. 0. 0.]
 [1. 3. 6. 8. 0. 0. 0. 0. 0. 0.]
 [1. 2. 3. 6. 9. 0. 0. 0. 0. 0.]
 [1. 1. 2. 5. 7. 0. 0. 0. 0. 0.]]
Centroid : {3: (2.5, 1.5), 1: (1.25, 0.75), 8: (3.0, 3.0), 2: (2.0, 1.3333333333333333), 7: (3.0, 2.5), 6: (3.5, 1.5), 9: (5.0, 1.0), 5: (2.3333333333333335, 2.3333333333333335)}
Repeat number : 25
Original weight : [11.39, 6.56, 21.98, 9.38, 19.65, 18.8, 23.27, 21.77, 14.81, 15.54, 6.5, 8.63, 18.18, 22.83, 10.97, 6.02, 16.07, 20.46, 9.78, 8.04]
Group : [0, 0, 0, 0, 0, 0, 0, 0, 0, 0, 0, 0, 0, 0, 0, 0, 0, 0, 0, 0]
Sequence : [0, 0, 0, 0, 0, 1, 2, 3, 4, 5, 6, 7, 8, 9, 10, 11, 12, 13, 14, 15]
Scroe : [11.39, 6.56, 21.98, 9.38, 19.65, 18.8, 23.27, 21.77, 14.81, 15.54, 6.5, 8.63, 18.18, 22.83, 10.97, 6.02, 16.07, 20.46, 9.78, 8.04]
Time taken to solve the MIP model : 0.1428 seconds
---------------------------------
solution for: IP model
objective: 0
x_1_10_0=1
x_2_7_0=1
x_3_5_0=1
x_4_7_1=1
x_5_10_1=1
x_6_3_0=1
x_7_5_1=1
x_8_1_0=1
x_9_7_2=1
x_10_9_0=1
x_11_8_0=1
x_12_8_1=1
x_13_9_1=1
x_14_9_2=1
x_15_6_0=1
x_16_2_0=1
x_17_4_0=1
x_18_10_2=1
x_19_8_2=1
x_20_2_1=1
d_1=9.000
d_2=6.500
d_3=5.000
d_4=5.333
d_5=8.500
d_6=3.000
d_8=5.000
d_9=6.000
d_10=10.000
d_11=8.000
d_12=7.000
d_13=7.000
d_14=7.000
d_15=6.000
d_16=2.000
d_17=5.000
d_18=8.000
d_19=7.000
d_20=2.000
d_x_1=7.500
d_x_2=5.750
d_x_3=2.000
d_x_4=5.000
d_x_5=7.000
d_x_6=1.000
d_x_8=2.000
d_x_9=5.000
d_x_10=7.000
d_x_11=7.000
d_x_12=6.000
d_x_13=6.000
d_x_14=6.000
d_x_15=4.000
d_x_16=1.000
d_x_17=2.000
d_x_18=7.000
d_x_19=6.000
d_x_20=1.000
d_y_1=1.500
d_y_2=0.750
d_y_3=3.000
d_y_4=0.333
d_y_5=1.500
d_y_6=2.000
d_y_8=3.000
d_y_9=1.000
d_y_10=3.000
d_y_11=1.000
d_y_12=1.000
d_y_13=1.000
d_y_14=1.000
d_y_15=2.000
d_y_16=1.000
d_y_17=3.000
d_y_18=1.000
d_y_19=1.000
d_y_20=1.000
