Number of initial container : 0
Number of new container : 30
Total number of containers : 30
Level_num : 9
Container_level : [7, 1, 2, 6, 1, 1, 5, 7, 1, 9, 4, 1, 4, 1, 8, 5, 7, 3, 2, 1, 7, 6, 8, 4, 6, 2, 3, 7, 8, 2]
ideal_configuration : 
 [[4. 7. 8. 0. 0. 0. 0. 0. 0. 0.]
 [2. 5. 7. 8. 0. 0. 0. 0. 0. 0.]
 [1. 3. 5. 7. 9. 0. 0. 0. 0. 0.]
 [1. 2. 3. 6. 7. 0. 0. 0. 0. 0.]
 [1. 1. 2. 4. 6. 7. 0. 0. 0. 0.]
 [1. 1. 1. 2. 4. 6. 8. 0. 0. 0.]]
Centroid : {7: (4.0, 3.0), 1: (1.5714285714285714, 1.0), 2: (2.5, 1.75), 6: (5.0, 1.0), 5: (2.5, 3.5), 9: (5.0, 3.0), 4: (3.3333333333333335, 2.0), 8: (4.666666666666667, 3.0), 3: (2.5, 2.5)}
Repeat number : 1
Original weight : [20.05, 5.52, 8.15, 16.82, 5.72, 6.26, 14.0, 18.88, 6.66, 22.37, 13.07, 5.19, 13.41, 6.77, 20.43, 14.93, 18.33, 11.36, 8.0, 7.18, 18.92, 16.87, 22.0, 13.36, 17.62, 8.32, 10.34, 19.21, 21.98, 7.56]
Group : [0, 0, 0, 0, 0, 0, 0, 0, 0, 0, 0, 0, 0, 0, 0, 0, 0, 0, 0, 0, 0, 0, 0, 0, 0, 0, 0, 0, 0, 0]
Sequence : [1, 2, 3, 4, 5, 6, 7, 8, 9, 10, 11, 12, 13, 14, 15, 16, 17, 18, 19, 20, 21, 22, 23, 24, 25, 26, 27, 28, 29, 30]
Scroe : [20.05, 5.52, 8.15, 16.82, 5.72, 6.26, 14.0, 18.88, 6.66, 22.37, 13.07, 5.19, 13.41, 6.77, 20.43, 14.93, 18.33, 11.36, 8.0, 7.18, 18.92, 16.87, 22.0, 13.36, 17.62, 8.32, 10.34, 19.21, 21.98, 7.56]
Time taken to solve the MIP model : 1.1144 seconds
---------------------------------
solution for: IP model
objective: 0
status: OPTIMAL_SOLUTION(2)
x_1_5_0=1
x_2_9_0=1
x_3_10_0=1
x_4_9_1=1
x_5_8_0=1
x_6_7_0=1
x_7_7_1=1
x_8_6_0=1
x_9_2_0=1
x_10_6_1=1
x_11_10_1=1
x_12_3_0=1
x_13_10_2=1
x_14_3_1=1
x_15_5_1=1
x_16_7_2=1
x_17_10_3=1
x_18_8_1=1
x_19_1_0=1
x_20_4_0=1
x_21_8_2=1
x_22_9_2=1
x_23_5_2=1
x_24_1_1=1
x_25_1_2=1
x_26_2_1=1
x_27_2_2=1
x_28_1_3=1
x_29_8_3=1
x_30_3_2=1
d_1=4.000
d_2=9.000
d_3=10.000
d_4=4.000
d_5=8.000
d_6=7.000
d_7=8.000
d_8=5.000
d_9=2.000
d_10=3.000
d_11=8.000
d_12=3.000
d_13=7.000
d_14=2.000
d_15=3.000
d_16=7.000
d_17=6.000
d_18=8.000
d_19=4.000
d_20=4.000
d_21=5.000
d_22=5.000
d_23=2.000
d_24=4.000
d_25=5.000
d_26=2.000
d_27=2.000
d_28=3.000
d_29=4.000
d_30=2.000
d_x_1=1.000
d_x_2=8.000
d_x_3=8.000
d_x_4=4.000
d_x_5=7.000
d_x_6=6.000
d_x_7=5.000
d_x_8=2.000
d_x_9=1.000
d_x_10=1.000
d_x_11=7.000
d_x_12=2.000
d_x_13=7.000
d_x_14=2.000
d_x_15=1.000
d_x_16=5.000
d_x_17=6.000
d_x_18=6.000
d_x_19=2.000
d_x_20=3.000
d_x_21=4.000
d_x_22=4.000
d_x_23=1.000
d_x_24=3.000
d_x_25=4.000
d_x_26=1.000
d_x_27=1.000
d_x_28=3.000
d_x_29=4.000
d_x_30=1.000
d_y_1=3.000
d_y_2=1.000
d_y_3=2.000
d_y_5=1.000
d_y_6=1.000
d_y_7=3.000
d_y_8=3.000
d_y_9=1.000
d_y_10=2.000
d_y_11=1.000
d_y_12=1.000
d_y_15=2.000
d_y_16=2.000
d_y_18=2.000
d_y_19=2.000
d_y_20=1.000
d_y_21=1.000
d_y_22=1.000
d_y_23=1.000
d_y_24=1.000
d_y_25=1.000
d_y_26=1.000
d_y_27=1.000
d_y_30=1.000
