Number of initial container : 10
Number of new container : 5
Total number of containers : 15
Level_num : 9
Container_level : [2, 2, 6, 6, 1, 3, 9, 3, 7, 4, 3, 8, 5, 3, 2]
ideal_configuration : 
 [[6. 0. 0. 0. 0. 0.]
 [3. 6. 0. 0. 0. 0.]
 [2. 3. 7. 0. 0. 0.]
 [2. 3. 4. 8. 0. 0.]
 [1. 2. 3. 5. 9. 0.]]
Centroid : {2: (0.3333333333333333, 1.0), 6: (0.5, 3.5), 1: (0.0, 0.0), 3: (1.0, 1.5), 9: (4.0, 0.0), 7: (2.0, 2.0), 4: (2.0, 1.0), 8: (3.0, 1.0), 5: (3.0, 0.0)}
Repeat number : 4
Original weight : [9.25, 8.34, 17.9, 16.72, 5.37, 10.86, 22.38, 10.8, 20.22, 12.72, 10.75, 22.13, 14.31, 9.95, 9.14]
Sequence : [0, 0, 0, 0, 0, 0, 0, 0, 0, 0, 1, 2, 3, 4, 5]
Emergency : [0, 0, 0, 0, 0, 0, 0, 0, 0, 0, 0, 0, 0, 0, 0]
Time taken to solve the MIP model : 0.0117 seconds
min_d : 0, max_d : 9
---------------------------------
solution for: IP model
objective: 4.44444
status: OPTIMAL_SOLUTION(2)
x_0_0_0=1
x_1_0_1=1
x_2_2_0=1
x_3_1_0=1
x_4_1_1=1
x_5_5_0=1
x_6_1_2=1
x_7_5_1=1
x_8_5_2=1
x_9_1_3=1
x_10_2_1=1
x_11_4_0=1
x_12_3_0=1
x_13_2_2=1
x_14_0_2=1
r_0_0=1
r_0_1=1
r_0_2=1
r_1_0=1
r_1_1=1
r_1_2=1
r_1_3=1
r_2_0=1
r_2_1=1
r_2_2=1
r_5_0=1
r_5_1=1
r_5_2=1
d_0=1.333
d_1=0.333
d_2=5.000
d_3=4.000
d_4=2.000
d_5=5.500
d_6=5.000
d_7=4.500
d_8=3.000
d_9=3.000
d_10=1.500
d_11=2.000
d_13=1.500
d_14=1.333
d_x_0=0.333
d_x_1=0.333
d_x_2=1.500
d_x_3=0.500
d_x_4=1.000
d_x_5=4.000
d_x_6=3.000
d_x_7=4.000
d_x_8=3.000
d_x_9=1.000
d_x_10=1.000
d_x_11=1.000
d_x_13=1.000
d_x_14=0.333
d_y_0=1.000
d_y_2=3.500
d_y_3=3.500
d_y_4=1.000
d_y_5=1.500
d_y_6=2.000
d_y_7=0.500
d_y_9=2.000
d_y_10=0.500
d_y_11=1.000
d_y_13=0.500
d_y_14=1.000
normalized distance of container 0 : 0.14814814814814814
normalized distance of container 1 : 0.037037037037037035
normalized distance of container 2 : 0.5555555555555556
normalized distance of container 3 : 0.4444444444444444
normalized distance of container 4 : 0.2222222222222222
normalized distance of container 5 : 0.6111111111111112
normalized distance of container 6 : 0.5555555555555556
normalized distance of container 7 : 0.5
normalized distance of container 8 : 0.3333333333333333
normalized distance of container 9 : 0.3333333333333333
normalized distance of container 10 : 0.16666666666666657
normalized distance of container 11 : 0.2222222222222222
normalized distance of container 12 : 0.0
normalized distance of container 13 : 0.16666666666666624
normalized distance of container 14 : 0.14814814814814684
