Number of initial container : 10
Number of new container : 5
Total number of containers : 15
Level_num : 9
Container_level : [2, 9, 2, 3, 3, 4, 5, 4, 8, 3, 2, 1, 3, 8, 8]
ideal_configuration : 
 [[5. 0. 0. 0. 0. 0.]
 [3. 8. 0. 0. 0. 0.]
 [2. 3. 8. 0. 0. 0.]
 [2. 3. 4. 8. 0. 0.]
 [1. 2. 3. 4. 9. 0.]]
Centroid : {2: (0.3333333333333333, 1.0), 9: (4.0, 0.0), 3: (1.0, 1.5), 4: (2.5, 0.5), 5: (0.0, 4.0), 8: (2.0, 2.0), 1: (0.0, 0.0)}
Repeat number : 13
Original weight : [7.93, 23.22, 8.46, 10.04, 10.32, 12.28, 14.9, 12.2, 23.09, 10.21, 8.64, 5.13, 10.59, 21.06, 21.22]
Group : [0, 0, 0, 0, 0, 0, 0, 0, 0, 0, 0, 0, 0, 0, 0]
Sequence : [0, 0, 0, 0, 0, 0, 0, 0, 0, 0, 1, 2, 3, 4, 5]
Scroe : [7.93, 23.22, 8.46, 10.04, 10.32, 12.28, 14.9, 12.2, 23.09, 10.21, 8.64, 5.13, 10.59, 21.06, 21.22]
Time taken to solve the MIP model : 0.0651 seconds
min_d : 0, max_d : 9
---------------------------------
solution for: IP model
objective: 4.25926
x_0_0_0=1
x_1_0_1=1
x_2_0_2=1
x_3_1_0=1
x_4_0_3=1
x_5_4_0=1
x_6_2_0=1
x_7_0_4=1
x_8_3_0=1
x_9_4_1=1
x_10_2_1=1
x_11_1_1=1
x_12_1_2=1
x_13_2_2=1
x_14_1_3=1
r_0_1=1
r_0_2=1
r_0_3=1
r_0_4=1
r_1_0=1
r_1_1=1
r_1_2=1
r_1_3=1
r_2_0=1
r_2_1=1
r_2_2=1
r_3_0=1
r_4_0=1
r_4_1=1
d_0=1.333
d_1=5.000
d_2=1.333
d_3=1.500
d_4=2.500
d_5=2.000
d_6=6.000
d_7=6.000
d_8=3.000
d_9=3.500
d_10=1.667
d_11=2.000
d_12=0.500
d_14=2.000
d_x_0=0.333
d_x_1=4.000
d_x_2=0.333
d_x_4=1.000
d_x_5=1.500
d_x_6=2.000
d_x_7=2.500
d_x_8=1.000
d_x_9=3.000
d_x_10=1.667
d_x_11=1.000
d_x_14=1.000
d_y_0=1.000
d_y_1=1.000
d_y_2=1.000
d_y_3=1.500
d_y_4=1.500
d_y_5=0.500
d_y_6=4.000
d_y_7=3.500
d_y_8=2.000
d_y_9=0.500
d_y_11=1.000
d_y_12=0.500
d_y_14=1.000
normalized distance of container 0 : 0.14814814814814814
normalized distance of container 1 : 0.5555555555555556
normalized distance of container 2 : 0.14814814814814814
normalized distance of container 3 : 0.16666666666666666
normalized distance of container 4 : 0.2777777777777778
normalized distance of container 5 : 0.2222222222222222
normalized distance of container 6 : 0.6666666666666666
normalized distance of container 7 : 0.6666666666666666
normalized distance of container 8 : 0.3333333333333333
normalized distance of container 9 : 0.3888888888888889
normalized distance of container 10 : 0.1851851851851852
normalized distance of container 11 : 0.2222222222222222
normalized distance of container 12 : 0.05555555555555533
normalized distance of container 13 : 0.0
normalized distance of container 14 : 0.2222222222222222
