Number of initial container : 0
Number of new container : 25
Total number of containers : 25
Level_num : 9
Container_level : [1, 5, 2, 4, 6, 5, 2, 1, 3, 4, 6, 1, 2, 6, 4, 1, 2, 7, 4, 5, 7, 4, 8, 9, 4]
ideal_configuration : 
 [[4. 5. 6. 9. 0. 0.]
 [2. 4. 5. 7. 0. 0.]
 [1. 2. 4. 5. 7. 0.]
 [1. 2. 3. 4. 6. 8.]
 [1. 1. 2. 4. 4. 6.]]
Centroid : {1: (0.25, 0.75), 5: (2.0, 3.0), 2: (1.0, 1.5), 4: (2.1666666666666665, 1.6666666666666667), 6: (3.6666666666666665, 1.6666666666666667), 3: (2.0, 1.0), 7: (3.5, 2.5), 8: (5.0, 1.0), 9: (3.0, 4.0)}
Repeat number : 19
Original weight : [6.06, 14.76, 9.21, 12.65, 17.1, 15.43, 8.6, 5.02, 9.6, 12.69, 16.42, 7.04, 8.13, 17.14, 13.15, 6.96, 8.94, 18.78, 13.27, 15.51, 19.17, 11.97, 21.93, 22.16, 12.26]
Group : [0, 0, 0, 0, 0, 0, 0, 0, 0, 0, 0, 0, 0, 0, 0, 0, 0, 0, 0, 0, 0, 0, 0, 0, 0]
Sequence : [1, 2, 3, 4, 5, 6, 7, 8, 9, 10, 11, 12, 13, 14, 15, 16, 17, 18, 19, 20, 21, 22, 23, 24, 25]
Scroe : [6.06, 14.76, 9.21, 12.65, 17.1, 15.43, 8.6, 5.02, 9.6, 12.69, 16.42, 7.04, 8.13, 17.14, 13.15, 6.96, 8.94, 18.78, 13.27, 15.51, 19.17, 11.97, 21.93, 22.16, 12.26]
Time taken to solve the MIP model : 0.3093 seconds
min_d : 0, max_d : 9
---------------------------------
solution for: IP model
objective: 3.7963
x_0_1_0=1
x_1_2_0=1
x_2_2_1=1
x_3_2_2=1
x_4_4_0=1
x_5_2_3=1
x_6_1_1=1
x_7_0_0=1
x_8_3_0=1
x_9_3_1=1
x_10_4_1=1
x_11_0_1=1
x_12_1_2=1
x_13_5_0=1
x_14_4_2=1
x_15_0_2=1
x_16_1_3=1
x_17_4_3=1
x_18_3_2=1
x_19_2_4=1
x_20_4_4=1
x_21_3_3=1
x_22_5_1=1
x_23_3_4=1
x_24_5_2=1
r_0_1=1
r_0_2=1
r_1_1=1
r_1_2=1
r_1_3=1
r_2_0=1
r_2_1=1
r_2_2=1
r_2_3=1
r_2_4=1
r_3_0=1
r_3_1=1
r_3_2=1
r_3_3=1
r_3_4=1
r_4_0=1
r_4_1=1
r_4_2=1
r_4_3=1
r_4_4=1
r_5_0=1
r_5_1=1
r_5_2=1
d_0=1.500
d_1=3.000
d_2=1.500
d_3=0.500
d_4=2.000
d_6=0.500
d_7=1.000
d_8=2.000
d_9=1.500
d_10=1.000
d_11=0.500
d_12=0.500
d_13=3.000
d_14=2.167
d_15=1.500
d_16=1.500
d_17=1.000
d_18=1.167
d_19=1.000
d_20=2.000
d_21=2.167
d_24=3.167
d_x_0=0.750
d_x_2=1.000
d_x_3=0.167
d_x_4=0.333
d_x_7=0.250
d_x_8=1.000
d_x_9=0.833
d_x_10=0.333
d_x_11=0.250
d_x_13=1.333
d_x_14=1.833
d_x_15=0.250
d_x_17=0.500
d_x_18=0.833
d_x_20=0.500
d_x_21=0.833
d_x_24=2.833
d_y_0=0.750
d_y_1=3.000
d_y_2=0.500
d_y_3=0.333
d_y_4=1.667
d_y_6=0.500
d_y_7=0.750
d_y_8=1.000
d_y_9=0.667
d_y_10=0.667
d_y_11=0.250
d_y_12=0.500
d_y_13=1.667
d_y_14=0.333
d_y_15=1.250
d_y_16=1.500
d_y_17=0.500
d_y_18=0.333
d_y_19=1.000
d_y_20=1.500
d_y_21=1.333
d_y_24=0.333
normalized distance of container 0 : 0.16666666666666627
normalized distance of container 1 : 0.3333333333333333
normalized distance of container 2 : 0.16666666666666666
normalized distance of container 3 : 0.05555555555555541
normalized distance of container 4 : 0.2222222222222221
normalized distance of container 5 : 0.0
normalized distance of container 6 : 0.05555555555555555
normalized distance of container 7 : 0.1111111111111111
normalized distance of container 8 : 0.2222222222222222
normalized distance of container 9 : 0.16666666666666574
normalized distance of container 10 : 0.11111111111111113
normalized distance of container 11 : 0.055555555555553186
normalized distance of container 12 : 0.05555555555555477
normalized distance of container 13 : 0.33333333333333315
normalized distance of container 14 : 0.24074074074073928
normalized distance of container 15 : 0.1666666666666643
normalized distance of container 16 : 0.16666666666666666
normalized distance of container 17 : 0.11111111111111052
normalized distance of container 18 : 0.12962962962962818
normalized distance of container 19 : 0.1111111111111111
normalized distance of container 20 : 0.22222222222222163
normalized distance of container 21 : 0.24074074074073928
normalized distance of container 22 : 0.0
normalized distance of container 23 : 0.0
normalized distance of container 24 : 0.35185185185185136
