Number of initial container : 0
Number of new container : 25
Total number of containers : 25
Level_num : 9
Container_level : [5, 2, 6, 1, 8, 7, 2, 7, 3, 8, 9, 1, 2, 1, 6, 8, 1, 2, 4, 8, 1, 2, 3, 1, 3]
ideal_configuration : 
 [[2. 5. 8. 9. 0. 0.]
 [2. 3. 6. 8. 0. 0.]
 [1. 2. 3. 6. 8. 0.]
 [1. 1. 2. 3. 7. 8.]
 [1. 1. 1. 2. 4. 7.]]
Centroid : {5: (1.0, 4.0), 2: (1.2, 2.0), 6: (2.5, 2.5), 1: (0.6666666666666666, 0.6666666666666666), 8: (3.5, 2.5), 7: (4.5, 0.5), 3: (2.0, 2.0), 9: (3.0, 4.0), 4: (4.0, 0.0)}
Repeat number : 25
Original weight : [16.08, 8.4, 18.61, 6.77, 21.38, 18.9, 8.53, 20.53, 10.17, 22.03, 23.19, 7.25, 9.67, 7.19, 18.01, 22.78, 5.22, 7.57, 13.47, 22.12, 6.53, 7.48, 10.15, 6.97, 11.23]
Group : [0, 0, 0, 0, 0, 0, 0, 0, 0, 0, 0, 0, 0, 0, 0, 0, 0, 0, 0, 0, 0, 0, 0, 0, 0]
Sequence : [1, 2, 3, 4, 5, 6, 7, 8, 9, 10, 11, 12, 13, 14, 15, 16, 17, 18, 19, 20, 21, 22, 23, 24, 25]
Scroe : [16.08, 8.4, 18.61, 6.77, 21.38, 18.9, 8.53, 20.53, 10.17, 22.03, 23.19, 7.25, 9.67, 7.19, 18.01, 22.78, 5.22, 7.57, 13.47, 22.12, 6.53, 7.48, 10.15, 6.97, 11.23]
Time taken to solve the MIP model : 0.5094 seconds
min_d : 0, max_d : 9
---------------------------------
solution for: IP model
objective: 4.24444
x_0_2_0=1
x_1_2_1=1
x_2_3_0=1
x_3_1_0=1
x_4_3_1=1
x_5_5_0=1
x_6_2_2=1
x_7_5_1=1
x_8_3_2=1
x_9_3_3=1
x_10_3_4=1
x_11_1_1=1
x_12_1_2=1
x_13_0_0=1
x_14_2_3=1
x_15_5_2=1
x_16_0_1=1
x_17_1_3=1
x_18_4_0=1
x_19_4_1=1
x_20_0_2=1
x_21_1_4=1
x_22_2_4=1
x_23_0_3=1
x_24_4_2=1
r_0_0=1
r_0_1=1
r_0_2=1
r_0_3=1
r_1_0=1
r_1_1=1
r_1_2=1
r_1_3=1
r_1_4=1
r_2_0=1
r_2_1=1
r_2_2=1
r_2_3=1
r_2_4=1
r_3_0=1
r_3_1=1
r_3_2=1
r_3_3=1
r_3_4=1
r_4_0=1
r_4_1=1
r_4_2=1
d_0=5.000
d_1=1.800
d_2=3.000
d_3=1.000
d_4=2.000
d_5=1.000
d_6=0.800
d_7=1.000
d_8=1.000
d_9=1.000
d_11=0.667
d_12=0.200
d_13=1.333
d_14=1.000
d_15=2.000
d_16=1.000
d_17=1.200
d_19=2.000
d_20=2.000
d_21=2.200
d_22=2.000
d_23=3.000
d_24=2.000
d_x_0=1.000
d_x_1=0.800
d_x_2=0.500
d_x_3=0.333
d_x_4=0.500
d_x_5=0.500
d_x_6=0.800
d_x_7=0.500
d_x_8=1.000
d_x_9=0.500
d_x_11=0.333
d_x_12=0.200
d_x_13=0.667
d_x_14=0.500
d_x_15=1.500
d_x_16=0.667
d_x_17=0.200
d_x_19=0.500
d_x_20=0.667
d_x_21=0.200
d_x_23=0.667
d_x_24=2.000
d_y_0=4.000
d_y_1=1.000
d_y_2=2.500
d_y_3=0.667
d_y_4=1.500
d_y_5=0.500
d_y_7=0.500
d_y_9=0.500
d_y_11=0.333
d_y_13=0.667
d_y_14=0.500
d_y_15=0.500
d_y_16=0.333
d_y_17=1.000
d_y_19=1.500
d_y_20=1.333
d_y_21=2.000
d_y_22=2.000
d_y_23=2.333
normalized distance of container 0 : 0.5555555555555556
normalized distance of container 1 : 0.19999999999999968
normalized distance of container 2 : 0.3333333333333329
normalized distance of container 3 : 0.11111111111111058
normalized distance of container 4 : 0.2222222222222222
normalized distance of container 5 : 0.11111111111110944
normalized distance of container 6 : 0.08888888888888778
normalized distance of container 7 : 0.11111111111110944
normalized distance of container 8 : 0.1111111111111111
normalized distance of container 9 : 0.11111111111111072
normalized distance of container 10 : 0.0
normalized distance of container 11 : 0.07407407407407222
normalized distance of container 12 : 0.022222222222222216
normalized distance of container 13 : 0.14814814814814814
normalized distance of container 14 : 0.11111111111111072
normalized distance of container 15 : 0.22222222222222163
normalized distance of container 16 : 0.11111111111111058
normalized distance of container 17 : 0.13333333333333333
normalized distance of container 18 : 0.0
normalized distance of container 19 : 0.22222222222222202
normalized distance of container 20 : 0.22222222222222168
normalized distance of container 21 : 0.24444444444444446
normalized distance of container 22 : 0.2222222222222222
normalized distance of container 23 : 0.3333333333333328
normalized distance of container 24 : 0.22222222222222227
