Number of initial container : 0
Number of new container : 25
Total number of containers : 25
Level_num : 9
Container_level : [2, 6, 5, 5, 8, 7, 2, 4, 4, 7, 2, 5, 1, 8, 2, 7, 8, 1, 8, 4, 9, 4, 8, 3, 2]
ideal_configuration : 
 [[4. 6. 8. 9. 0. 0.]
 [2. 4. 7. 8. 0. 0.]
 [2. 3. 5. 7. 8. 0.]
 [1. 2. 4. 5. 7. 8.]
 [1. 2. 2. 4. 5. 8.]]
Centroid : {2: (0.8, 1.2), 6: (1.0, 4.0), 5: (3.0, 1.0), 8: (3.8, 2.0), 7: (3.0, 2.0), 4: (1.5, 2.0), 1: (0.0, 0.5), 9: (3.0, 4.0), 3: (1.0, 2.0)}
Repeat number : 6
Original weight : [10.22, 17.86, 16.82, 17.2, 22.2, 20.89, 10.84, 13.61, 14.22, 20.05, 10.33, 15.92, 8.76, 22.74, 10.33, 19.44, 22.53, 7.8, 22.52, 15.04, 23.25, 15.42, 22.19, 11.79, 11.57]
Sequence : [1, 2, 3, 4, 5, 6, 7, 8, 9, 10, 11, 12, 13, 14, 15, 16, 17, 18, 19, 20, 21, 22, 23, 24, 25]
Emergency : [0, 0, 0, 0, 0, 0, 0, 0, 0, 0, 0, 0, 0, 0, 0, 0, 0, 0, 0, 0, 0, 0, 0, 0, 0]
Time taken to solve the MIP model : 0.1364 seconds
min_d : 0, max_d : 9
---------------------------------
solution for: IP model
objective: 3.75556
status: OPTIMAL_SOLUTION(2)
x_0_2_0=1
x_1_1_0=1
x_2_3_0=1
x_3_5_0=1
x_4_4_0=1
x_5_3_1=1
x_6_2_1=1
x_7_2_2=1
x_8_2_3=1
x_9_3_2=1
x_10_1_1=1
x_11_4_1=1
x_12_0_0=1
x_13_4_2=1
x_14_1_2=1
x_15_3_3=1
x_16_5_1=1
x_17_0_1=1
x_18_5_2=1
x_19_1_3=1
x_20_3_4=1
x_21_2_4=1
x_22_4_3=1
x_23_0_2=1
x_24_0_3=1
r_0_0=1
r_0_1=1
r_0_2=1
r_0_3=1
r_1_0=1
r_1_1=1
r_1_2=1
r_1_3=1
r_2_0=1
r_2_1=1
r_2_2=1
r_2_3=1
r_2_4=1
r_3_0=1
r_3_1=1
r_3_2=1
r_3_3=1
r_3_4=1
r_4_0=1
r_4_1=1
r_4_2=1
r_4_3=1
r_5_1=1
r_5_2=1
d_0=2.400
d_1=4.000
d_2=1.000
d_3=3.000
d_4=2.200
d_5=1.000
d_6=1.400
d_7=0.500
d_8=1.500
d_10=0.400
d_11=1.000
d_12=0.500
d_13=0.200
d_14=1.000
d_15=1.000
d_16=2.200
d_17=0.500
d_18=1.200
d_19=1.500
d_21=2.500
d_22=1.200
d_23=1.000
d_24=2.600
d_x_0=1.200
d_x_3=2.000
d_x_4=0.200
d_x_6=1.200
d_x_7=0.500
d_x_8=0.500
d_x_10=0.200
d_x_11=1.000
d_x_13=0.200
d_x_14=0.200
d_x_16=1.200
d_x_18=1.200
d_x_19=0.500
d_x_21=0.500
d_x_22=0.200
d_x_23=1.000
d_x_24=0.800
d_y_0=1.200
d_y_1=4.000
d_y_2=1.000
d_y_3=1.000
d_y_4=2.000
d_y_5=1.000
d_y_6=0.200
d_y_8=1.000
d_y_10=0.200
d_y_12=0.500
d_y_14=0.800
d_y_15=1.000
d_y_16=1.000
d_y_17=0.500
d_y_19=1.000
d_y_21=2.000
d_y_22=1.000
d_y_24=1.800
normalized distance of container 0 : 0.2666666666666666
normalized distance of container 1 : 0.4444444444444444
normalized distance of container 2 : 0.1111111111111111
normalized distance of container 3 : 0.3333333333333333
normalized distance of container 4 : 0.24444444444444427
normalized distance of container 5 : 0.1111111111111111
normalized distance of container 6 : 0.15555555555555428
normalized distance of container 7 : 0.05555555555555477
normalized distance of container 8 : 0.16666666666666588
normalized distance of container 9 : 0.0
normalized distance of container 10 : 0.044444444444443176
normalized distance of container 11 : 0.1111111111111111
normalized distance of container 12 : 0.05555555555555398
normalized distance of container 13 : 0.022222222222222046
normalized distance of container 14 : 0.11111111111110913
normalized distance of container 15 : 0.1111111111111111
normalized distance of container 16 : 0.24444444444444427
normalized distance of container 17 : 0.05555555555555555
normalized distance of container 18 : 0.13333333333333336
normalized distance of container 19 : 0.16666666666666666
normalized distance of container 20 : 0.0
normalized distance of container 21 : 0.2777777777777778
normalized distance of container 22 : 0.13333333333333364
normalized distance of container 23 : 0.1111111111111111
normalized distance of container 24 : 0.2888888888888889
