Number of initial container : 0
Number of new container : 25
Total number of containers : 25
Level_num : 9
Container_level : [2, 4, 3, 9, 7, 3, 5, 1, 3, 6, 7, 4, 2, 4, 7, 1, 2, 6, 5, 1, 6, 1, 1, 8, 7]
ideal_configuration : 
 [[3. 5. 7. 9. 0. 0.]
 [2. 4. 6. 7. 0. 0.]
 [1. 2. 4. 6. 7. 0.]
 [1. 1. 3. 4. 6. 8.]
 [1. 1. 2. 3. 5. 7.]]
Centroid : {2: (1.0, 1.6666666666666667), 4: (2.0, 2.0), 3: (1.6666666666666667, 1.6666666666666667), 9: (3.0, 4.0), 7: (3.5, 2.25), 5: (2.5, 2.0), 1: (0.4, 0.8), 6: (3.0, 2.0), 8: (5.0, 1.0)}
Repeat number : 11
Original weight : [7.84, 13.42, 12.04, 23.95, 19.92, 11.95, 14.77, 6.69, 11.43, 17.35, 20.09, 13.96, 9.99, 12.96, 19.71, 7.4, 7.94, 17.09, 16.3, 5.97, 18.29, 5.53, 6.69, 21.99, 21.22]
Group : [0, 0, 0, 0, 0, 0, 0, 0, 0, 0, 0, 0, 0, 0, 0, 0, 0, 0, 0, 0, 0, 0, 0, 0, 0]
Sequence : [1, 2, 3, 4, 5, 6, 7, 8, 9, 10, 11, 12, 13, 14, 15, 16, 17, 18, 19, 20, 21, 22, 23, 24, 25]
Scroe : [7.84, 13.42, 12.04, 23.95, 19.92, 11.95, 14.77, 6.69, 11.43, 17.35, 20.09, 13.96, 9.99, 12.96, 19.71, 7.4, 7.94, 17.09, 16.3, 5.97, 18.29, 5.53, 6.69, 21.99, 21.22]
Time taken to solve the MIP model : 0.2870 seconds
min_d : 0, max_d : 9
---------------------------------
solution for: IP model
objective: 4.36667
x_0_1_0=1
x_1_2_0=1
x_2_2_1=1
x_3_3_0=1
x_4_4_0=1
x_5_2_2=1
x_6_4_1=1
x_7_1_1=1
x_8_1_2=1
x_9_3_1=1
x_10_4_2=1
x_11_2_3=1
x_12_1_3=1
x_13_2_4=1
x_14_4_3=1
x_15_0_0=1
x_16_1_4=1
x_17_3_2=1
x_18_3_3=1
x_19_0_1=1
x_20_3_4=1
x_21_0_2=1
x_22_0_3=1
x_23_5_0=1
x_24_5_1=1
r_0_0=1
r_0_1=1
r_0_2=1
r_0_3=1
r_1_0=1
r_1_1=1
r_1_2=1
r_1_3=1
r_1_4=1
r_2_0=1
r_2_1=1
r_2_2=1
r_2_3=1
r_2_4=1
r_3_0=1
r_3_1=1
r_3_2=1
r_3_3=1
r_3_4=1
r_4_0=1
r_4_1=1
r_4_2=1
r_4_3=1
r_5_0=1
r_5_1=1
d_0=1.667
d_1=2.000
d_2=1.000
d_3=4.000
d_4=2.750
d_5=0.667
d_6=2.500
d_7=0.800
d_8=1.000
d_9=1.000
d_10=0.750
d_11=1.000
d_12=1.333
d_13=2.000
d_14=1.250
d_15=1.200
d_16=2.333
d_18=1.500
d_19=0.600
d_20=2.000
d_21=1.600
d_22=2.600
d_23=1.000
d_24=2.750
d_x_2=0.333
d_x_4=0.500
d_x_5=0.333
d_x_6=1.500
d_x_7=0.600
d_x_8=0.667
d_x_10=0.500
d_x_14=0.500
d_x_15=0.400
d_x_18=0.500
d_x_19=0.400
d_x_21=0.400
d_x_22=0.400
d_x_24=1.500
d_y_0=1.667
d_y_1=2.000
d_y_2=0.667
d_y_3=4.000
d_y_4=2.250
d_y_5=0.333
d_y_6=1.000
d_y_7=0.200
d_y_8=0.333
d_y_9=1.000
d_y_10=0.250
d_y_11=1.000
d_y_12=1.333
d_y_13=2.000
d_y_14=0.750
d_y_15=0.800
d_y_16=2.333
d_y_18=1.000
d_y_19=0.200
d_y_20=2.000
d_y_21=1.200
d_y_22=2.200
d_y_23=1.000
d_y_24=1.250
normalized distance of container 0 : 0.1851851851851852
normalized distance of container 1 : 0.2222222222222222
normalized distance of container 2 : 0.11111111111111059
normalized distance of container 3 : 0.4444444444444444
normalized distance of container 4 : 0.3055555555555556
normalized distance of container 5 : 0.07407407407407302
normalized distance of container 6 : 0.2777777777777774
normalized distance of container 7 : 0.0888888888888862
normalized distance of container 8 : 0.11111111111111059
normalized distance of container 9 : 0.1111111111111111
normalized distance of container 10 : 0.08333333333333333
normalized distance of container 11 : 0.1111111111111111
normalized distance of container 12 : 0.14814814814814764
normalized distance of container 13 : 0.2222222222222222
normalized distance of container 14 : 0.13888888888888828
normalized distance of container 15 : 0.13333333333333336
normalized distance of container 16 : 0.25925925925925875
normalized distance of container 17 : 0.0
normalized distance of container 18 : 0.16666666666666627
normalized distance of container 19 : 0.0666666666666662
normalized distance of container 20 : 0.2222222222222222
normalized distance of container 21 : 0.1777777777777778
normalized distance of container 22 : 0.28888888888888986
normalized distance of container 23 : 0.1111111111111111
normalized distance of container 24 : 0.3055555555555556
