Number of initial container : 0
Number of new container : 25
Total number of containers : 25
Level_num : 9
Container_level : [4, 8, 1, 2, 1, 4, 8, 1, 5, 2, 8, 4, 7, 8, 3, 1, 9, 6, 7, 7, 7, 6, 3, 8, 3]
ideal_configuration : 
 [[4. 7. 8. 9. 0. 0.]
 [3. 4. 7. 8. 0. 0.]
 [1. 3. 5. 7. 8. 0.]
 [1. 2. 3. 6. 7. 8.]
 [1. 1. 2. 4. 6. 8.]]
Centroid : {4: (1.3333333333333333, 2.3333333333333335), 8: (3.8, 2.0), 1: (0.25, 0.75), 2: (1.5, 0.5), 5: (2.0, 2.0), 7: (2.5, 2.5), 3: (1.0, 2.0), 9: (3.0, 4.0), 6: (3.5, 0.5)}
Repeat number : 14
Original weight : [14.4, 20.95, 8.16, 8.83, 7.12, 14.58, 22.61, 6.47, 16.33, 9.93, 21.45, 12.58, 19.06, 22.53, 11.57, 6.19, 23.03, 17.58, 20.83, 20.77, 20.91, 17.62, 12.25, 21.97, 11.67]
Group : [0, 0, 0, 0, 0, 0, 0, 0, 0, 0, 0, 0, 0, 0, 0, 0, 0, 0, 0, 0, 0, 0, 0, 0, 0]
Sequence : [1, 2, 3, 4, 5, 6, 7, 8, 9, 10, 11, 12, 13, 14, 15, 16, 17, 18, 19, 20, 21, 22, 23, 24, 25]
Scroe : [14.4, 20.95, 8.16, 8.83, 7.12, 14.58, 22.61, 6.47, 16.33, 9.93, 21.45, 12.58, 19.06, 22.53, 11.57, 6.19, 23.03, 17.58, 20.83, 20.77, 20.91, 17.62, 12.25, 21.97, 11.67]
Time taken to solve the MIP model : 0.2232 seconds
min_d : 0, max_d : 9
---------------------------------
solution for: IP model
objective: 3.62963
x_0_2_0=1
x_1_4_0=1
x_2_1_0=1
x_3_2_1=1
x_4_1_1=1
x_5_1_2=1
x_6_4_1=1
x_7_0_0=1
x_8_2_2=1
x_9_3_0=1
x_10_4_2=1
x_11_1_3=1
x_12_2_3=1
x_13_4_3=1
x_14_1_4=1
x_15_0_1=1
x_16_2_4=1
x_17_3_1=1
x_18_3_2=1
x_19_3_3=1
x_20_3_4=1
x_21_5_0=1
x_22_0_2=1
x_23_5_1=1
x_24_0_3=1
r_0_0=1
r_0_1=1
r_0_2=1
r_0_3=1
r_1_0=1
r_1_1=1
r_1_2=1
r_1_3=1
r_1_4=1
r_2_0=1
r_2_1=1
r_2_2=1
r_2_3=1
r_2_4=1
r_3_2=1
r_3_3=1
r_3_4=1
r_4_0=1
r_4_1=1
r_4_2=1
r_4_3=1
d_0=3.000
d_1=2.200
d_2=1.500
d_3=1.000
d_4=1.000
d_5=0.667
d_6=1.200
d_7=1.000
d_9=2.000
d_10=0.200
d_11=1.000
d_12=1.000
d_13=1.200
d_14=2.000
d_15=0.500
d_16=1.000
d_17=1.000
d_18=1.000
d_19=1.000
d_20=2.000
d_21=2.000
d_22=1.000
d_23=2.200
d_24=2.000
d_x_0=0.667
d_x_1=0.200
d_x_2=0.750
d_x_3=0.500
d_x_4=0.750
d_x_5=0.333
d_x_6=0.200
d_x_7=0.250
d_x_9=1.500
d_x_10=0.200
d_x_11=0.333
d_x_12=0.500
d_x_13=0.200
d_x_15=0.250
d_x_16=1.000
d_x_17=0.500
d_x_18=0.500
d_x_19=0.500
d_x_20=0.500
d_x_21=1.500
d_x_22=1.000
d_x_23=1.200
d_x_24=1.000
d_y_0=2.333
d_y_1=2.000
d_y_2=0.750
d_y_3=0.500
d_y_4=0.250
d_y_5=0.333
d_y_6=1.000
d_y_7=0.750
d_y_9=0.500
d_y_11=0.667
d_y_12=0.500
d_y_13=1.000
d_y_14=2.000
d_y_15=0.250
d_y_17=0.500
d_y_18=0.500
d_y_19=0.500
d_y_20=1.500
d_y_21=0.500
d_y_23=1.000
d_y_24=1.000
normalized distance of container 0 : 0.33333333333333326
normalized distance of container 1 : 0.24444444444444435
normalized distance of container 2 : 0.16666666666666588
normalized distance of container 3 : 0.11111111111110954
normalized distance of container 4 : 0.11111111111110875
normalized distance of container 5 : 0.07407407407407408
normalized distance of container 6 : 0.13333333333333316
normalized distance of container 7 : 0.1111111111111111
normalized distance of container 8 : 0.0
normalized distance of container 9 : 0.2222222222222222
normalized distance of container 10 : 0.022222222222222046
normalized distance of container 11 : 0.11111111111111065
normalized distance of container 12 : 0.11111111111111072
normalized distance of container 13 : 0.13333333333333316
normalized distance of container 14 : 0.2222222222222222
normalized distance of container 15 : 0.05555555555555477
normalized distance of container 16 : 0.1111111111111111
normalized distance of container 17 : 0.1111111111111111
normalized distance of container 18 : 0.11111111111111072
normalized distance of container 19 : 0.11111111111111033
normalized distance of container 20 : 0.22222222222222143
normalized distance of container 21 : 0.2222222222222222
normalized distance of container 22 : 0.1111111111111111
normalized distance of container 23 : 0.24444444444444477
normalized distance of container 24 : 0.2222222222222222
