Number of initial container : 0
Number of new container : 25
Total number of containers : 25
Level_num : 9
Container_level : [1, 5, 2, 2, 2, 3, 5, 2, 4, 6, 5, 4, 9, 7, 2, 1, 1, 3, 3, 3, 3, 8, 3, 6, 4]
ideal_configuration : 
 [[3. 4. 6. 9. 0. 0.]
 [2. 3. 4. 6. 0. 0.]
 [2. 2. 3. 5. 7. 0.]
 [1. 2. 3. 3. 5. 8.]
 [1. 1. 2. 3. 4. 5.]]
Centroid : {1: (0.3333333333333333, 0.3333333333333333), 5: (4.0, 1.0), 2: (0.8, 1.6), 3: (1.8333333333333333, 1.8333333333333333), 4: (2.3333333333333335, 2.3333333333333335), 6: (2.5, 3.5), 9: (3.0, 4.0), 7: (4.0, 2.0), 8: (5.0, 1.0)}
Repeat number : 5
Original weight : [5.45, 14.84, 8.07, 8.03, 8.15, 11.45, 13.69, 9.29, 12.93, 16.44, 13.62, 13.02, 21.71, 18.79, 8.19, 6.31, 7.32, 10.97, 11.19, 10.16, 10.71, 20.23, 10.35, 17.22, 12.58]
Group : [0, 0, 0, 0, 0, 0, 0, 0, 0, 0, 0, 0, 0, 0, 0, 0, 0, 0, 0, 0, 0, 0, 0, 0, 0]
Sequence : [1, 2, 3, 4, 5, 6, 7, 8, 9, 10, 11, 12, 13, 14, 15, 16, 17, 18, 19, 20, 21, 22, 23, 24, 25]
Scroe : [5.45, 14.84, 8.07, 8.03, 8.15, 11.45, 13.69, 9.29, 12.93, 16.44, 13.62, 13.02, 21.71, 18.79, 8.19, 6.31, 7.32, 10.97, 11.19, 10.16, 10.71, 20.23, 10.35, 17.22, 12.58]
Time taken to solve the MIP model : 0.2860 seconds
min_d : 0, max_d : 9
---------------------------------
solution for: IP model
objective: 3.62222
x_0_1_0=1
x_1_4_0=1
x_2_1_1=1
x_3_3_0=1
x_4_1_2=1
x_5_3_1=1
x_6_5_0=1
x_7_1_3=1
x_8_3_2=1
x_9_1_4=1
x_10_4_1=1
x_11_3_3=1
x_12_3_4=1
x_13_4_2=1
x_14_2_0=1
x_15_0_0=1
x_16_0_1=1
x_17_0_2=1
x_18_0_3=1
x_19_2_1=1
x_20_2_2=1
x_21_5_1=1
x_22_2_3=1
x_23_2_4=1
x_24_4_3=1
r_0_2=1
r_0_3=1
r_1_0=1
r_1_1=1
r_1_2=1
r_1_3=1
r_1_4=1
r_2_1=1
r_2_2=1
r_2_3=1
r_2_4=1
r_3_2=1
r_3_3=1
r_3_4=1
r_4_0=1
r_4_1=1
r_4_2=1
r_4_3=1
d_0=1.000
d_1=1.000
d_2=0.800
d_3=3.800
d_4=0.600
d_5=2.000
d_6=2.000
d_7=1.600
d_8=1.000
d_9=2.000
d_11=1.333
d_14=2.800
d_15=0.667
d_16=1.000
d_17=2.000
d_18=3.000
d_19=1.000
d_20=0.333
d_22=1.333
d_23=1.000
d_24=2.333
d_x_0=0.667
d_x_2=0.200
d_x_3=2.200
d_x_4=0.200
d_x_5=1.167
d_x_6=1.000
d_x_7=0.200
d_x_8=0.667
d_x_9=1.500
d_x_11=0.667
d_x_14=1.200
d_x_15=0.333
d_x_16=0.333
d_x_17=1.833
d_x_18=1.833
d_x_19=0.167
d_x_20=0.167
d_x_22=0.167
d_x_23=0.500
d_x_24=1.667
d_y_0=0.333
d_y_1=1.000
d_y_2=0.600
d_y_3=1.600
d_y_4=0.400
d_y_5=0.833
d_y_6=1.000
d_y_7=1.400
d_y_8=0.333
d_y_9=0.500
d_y_11=0.667
d_y_14=1.600
d_y_15=0.333
d_y_16=0.667
d_y_17=0.167
d_y_18=1.167
d_y_19=0.833
d_y_20=0.167
d_y_22=1.167
d_y_23=0.500
d_y_24=0.667
normalized distance of container 0 : 0.11111111111111065
normalized distance of container 1 : 0.1111111111111111
normalized distance of container 2 : 0.08888888888888818
normalized distance of container 3 : 0.4222222222222218
normalized distance of container 4 : 0.06666666666666446
normalized distance of container 5 : 0.22222222222222113
normalized distance of container 6 : 0.2222222222222222
normalized distance of container 7 : 0.17777777777777615
normalized distance of container 8 : 0.11111111111111047
normalized distance of container 9 : 0.22222222222222213
normalized distance of container 10 : 0.0
normalized distance of container 11 : 0.1481481481481481
normalized distance of container 12 : 0.0
normalized distance of container 13 : 0.0
normalized distance of container 14 : 0.31111111111110984
normalized distance of container 15 : 0.07407407407407407
normalized distance of container 16 : 0.1111111111111111
normalized distance of container 17 : 0.2222222222222166
normalized distance of container 18 : 0.33333333333333287
normalized distance of container 19 : 0.11111111111111005
normalized distance of container 20 : 0.037037037037035724
normalized distance of container 21 : 0.0
normalized distance of container 22 : 0.14814814814814822
normalized distance of container 23 : 0.11111111111111109
normalized distance of container 24 : 0.2592592592592593
