Number of initial container : 2
Number of new container : 5
Total number of containers : 7
Level_num : 9
Container_level : [9, 6, 8, 1, 8, 5, 5]
ideal_configuration : 
 [[0. 0. 0. 0. 0. 0.]
 [9. 0. 0. 0. 0. 0.]
 [6. 0. 0. 0. 0. 0.]
 [5. 8. 0. 0. 0. 0.]
 [1. 5. 8. 0. 0. 0.]]
Centroid : {9: (0.0, 3.0), 6: (0.0, 2.0), 8: (1.5, 0.5), 1: (0.0, 0.0), 5: (0.5, 0.5)}
Repeat number : 28
Original weight : [20.66, 15.15, 18.84, 5.54, 19.44, 13.41, 14.91]
Sequence : [0, 0, 1, 2, 3, 4, 5]
Emergency : [0, 0, 0, 0, 0, 0, 0]
Time taken to solve the MIP model : 0.0099 seconds
min_d : 0, max_d : 9
---------------------------------
solution for: IP model
objective: 1.44444
status: OPTIMAL_SOLUTION(2)
x_0_2_0=1
x_1_0_0=1
x_2_2_1=1
x_3_1_0=1
x_4_1_1=1
x_5_0_1=1
x_6_1_2=1
r_0_0=1
r_0_1=1
r_1_1=1
r_1_2=1
r_2_0=1
r_2_1=1
d_0=5.000
d_1=2.000
d_2=1.000
d_3=1.000
d_4=1.000
d_5=1.000
d_6=2.000
d_x_0=2.000
d_x_2=0.500
d_x_3=1.000
d_x_4=0.500
d_x_5=0.500
d_x_6=0.500
d_y_0=3.000
d_y_1=2.000
d_y_2=0.500
d_y_4=0.500
d_y_5=0.500
d_y_6=1.500
normalized distance of container 0 : 0.5555555555555556
normalized distance of container 1 : 0.2222222222222222
normalized distance of container 2 : 0.11111111111111087
normalized distance of container 3 : 0.1111111111111111
normalized distance of container 4 : 0.11111111111110993
normalized distance of container 5 : 0.11111111111110875
normalized distance of container 6 : 0.22222222222222066
