Number of initial container : 5
Number of new container : 20
Total number of containers : 25
Level_num : 9
Container_level : [3, 8, 9, 8, 8, 3, 6, 6, 6, 3, 1, 6, 6, 6, 8, 1, 1, 6, 8, 8, 1, 3, 6, 6, 3]
ideal_configuration : 
 [[6. 6. 8. 9. 0. 0.]
 [3. 6. 6. 8. 0. 0.]
 [1. 3. 6. 6. 8. 0.]
 [1. 3. 3. 6. 8. 8.]
 [1. 1. 3. 6. 6. 8.]]
Centroid : {3: (1.2, 1.4), 8: (3.8333333333333335, 1.8333333333333333), 9: (3.0, 4.0), 6: (2.111111111111111, 2.111111111111111), 1: (0.25, 0.75)}
Repeat number : 30
Original weight : [11.0, 12.0, 23.53, 11.72, 21.64, 14.48, 13.9, 23.29, 13.34, 11.43, 14.06, 19.47, 18.23, 20.95, 10.9, 6.82, 21.61, 21.03, 8.53, 20.59, 7.15, 5.56, 5.5, 23.77, 9.88]
Group : [1, 3, 3, 3, 3, 1, 2, 2, 2, 1, 0, 2, 2, 2, 3, 0, 0, 2, 3, 3, 0, 1, 2, 2, 1]
Sequence : [0, 0, 0, 0, 0, 1, 2, 3, 4, 5, 6, 7, 8, 9, 10, 11, 12, 13, 14, 15, 16, 17, 18, 19, 20]
Scroe : [111.0, 312.0, 323.53, 311.72, 321.64, 114.48, 213.9, 223.29, 213.34, 111.43, 14.06, 219.47, 218.23, 220.95, 310.9, 6.82, 21.61, 221.03, 308.53, 320.59, 7.15, 105.56, 205.5, 223.77, 109.88]
Time taken to solve the MIP model : 0.3619 seconds
min_d : 0, max_d : 9
---------------------------------
solution for: IP model
objective: 14
x_0_3_0=1
x_1_1_0=1
x_2_0_0=1
x_3_1_1=1
x_4_3_1=1
x_5_2_0=1
x_6_2_1=1
x_7_3_2=1
x_8_1_2=1
x_9_4_0=1
x_10_4_1=1
x_11_1_3=1
x_12_2_2=1
x_13_2_3=1
x_14_0_1=1
x_15_5_0=1
x_16_4_2=1
x_17_2_4=1
x_18_0_2=1
x_19_0_3=1
x_20_5_1=1
x_21_5_2=1
x_22_5_3=1
x_23_5_4=1
x_24_4_3=1
r_0_0=1
r_0_1=1
r_0_2=1
r_0_3=1
r_1_0=1
r_1_1=1
r_1_2=1
r_1_3=1
r_3_1=1
r_3_2=1
r_4_0=1
r_4_1=1
r_4_2=1
r_4_3=1
d_0=4.000
d_1=5.000
d_2=7.000
d_3=4.000
d_4=2.000
d_5=3.000
d_6=3.000
d_7=2.000
d_8=3.000
d_9=5.000
d_10=5.000
d_11=3.000
d_12=2.000
d_13=2.000
d_14=5.000
d_15=6.000
d_16=6.000
d_17=3.000
d_18=5.000
d_19=6.000
d_20=6.000
d_21=5.000
d_22=4.000
d_23=5.000
d_24=5.000
d_x_0=2.000
d_x_1=3.000
d_x_2=3.000
d_x_3=3.000
d_x_4=1.000
d_x_5=1.000
d_x_6=1.000
d_x_7=1.000
d_x_8=2.000
d_x_9=3.000
d_x_10=4.000
d_x_11=2.000
d_x_12=1.000
d_x_13=1.000
d_x_14=4.000
d_x_15=5.000
d_x_16=4.000
d_x_17=1.000
d_x_18=4.000
d_x_19=4.000
d_x_20=5.000
d_x_21=4.000
d_x_22=3.000
d_x_23=3.000
d_x_24=3.000
d_y_0=2.000
d_y_1=2.000
d_y_2=4.000
d_y_3=1.000
d_y_4=1.000
d_y_5=2.000
d_y_6=2.000
d_y_7=1.000
d_y_8=1.000
d_y_9=2.000
d_y_10=1.000
d_y_11=1.000
d_y_12=1.000
d_y_13=1.000
d_y_14=1.000
d_y_15=1.000
d_y_16=2.000
d_y_17=2.000
d_y_18=1.000
d_y_19=2.000
d_y_20=1.000
d_y_21=1.000
d_y_22=1.000
d_y_23=2.000
d_y_24=2.000
normalized distance of container 0 : 0.4444444444444444
normalized distance of container 1 : 0.5555555555555556
normalized distance of container 2 : 0.7777777777777778
normalized distance of container 3 : 0.4444444444444444
normalized distance of container 4 : 0.2222222222222222
normalized distance of container 5 : 0.3333333333333333
normalized distance of container 6 : 0.3333333333333333
normalized distance of container 7 : 0.2222222222222222
normalized distance of container 8 : 0.3333333333333333
normalized distance of container 9 : 0.5555555555555556
normalized distance of container 10 : 0.5555555555555556
normalized distance of container 11 : 0.3333333333333333
normalized distance of container 12 : 0.2222222222222222
normalized distance of container 13 : 0.2222222222222222
normalized distance of container 14 : 0.5555555555555556
normalized distance of container 15 : 0.6666666666666666
normalized distance of container 16 : 0.6666666666666666
normalized distance of container 17 : 0.3333333333333333
normalized distance of container 18 : 0.5555555555555556
normalized distance of container 19 : 0.6666666666666666
normalized distance of container 20 : 0.6666666666666666
normalized distance of container 21 : 0.5555555555555556
normalized distance of container 22 : 0.4444444444444444
normalized distance of container 23 : 0.5555555555555556
normalized distance of container 24 : 0.5555555555555556
