Number of initial container : 5
Number of new container : 20
Total number of containers : 25
Level_num : 9
Container_level : [1, 1, 1, 8, 6, 8, 3, 8, 3, 8, 1, 6, 1, 8, 9, 3, 6, 6, 1, 1, 1, 6, 1, 6, 8]
ideal_configuration : 
 [[3. 6. 8. 9. 0. 0.]
 [1. 3. 6. 8. 0. 0.]
 [1. 1. 6. 6. 8. 0.]
 [1. 1. 1. 6. 8. 8.]
 [1. 1. 1. 3. 6. 8.]]
Centroid : {1: (0.7777777777777778, 1.1111111111111112), 8: (3.8333333333333335, 1.8333333333333333), 6: (2.5, 2.0), 3: (1.3333333333333333, 2.3333333333333335), 9: (3.0, 4.0)}
Repeat number : 17
Original weight : [9.85, 20.0, 12.89, 8.95, 20.5, 14.61, 22.33, 12.64, 23.5, 6.24, 13.22, 14.94, 12.72, 8.57, 15.1, 16.75, 7.47, 13.59, 20.21, 21.43, 10.11, 20.5, 15.14, 16.1, 6.06]
Group : [0, 0, 0, 3, 2, 3, 1, 3, 1, 3, 0, 2, 0, 3, 3, 1, 2, 2, 0, 0, 0, 2, 0, 2, 3]
Sequence : [0, 0, 0, 0, 0, 1, 2, 3, 4, 5, 6, 7, 8, 9, 10, 11, 12, 13, 14, 15, 16, 17, 18, 19, 20]
Scroe : [9.85, 20.0, 12.89, 308.95, 220.5, 314.61, 122.33, 312.64, 123.5, 306.24, 13.22, 214.94, 12.72, 308.57, 315.1, 116.75, 207.47, 213.59, 20.21, 21.43, 10.11, 220.5, 15.14, 216.1, 306.06]
Time taken to solve the MIP model : 0.3925 seconds
min_d : 0, max_d : 9
---------------------------------
solution for: IP model
objective: 2
x_0_0_0=1
x_1_5_0=1
x_2_1_0=1
x_3_2_0=1
x_4_4_0=1
x_5_4_1=1
x_6_5_1=1
x_7_2_1=1
x_8_5_2=1
x_9_4_2=1
x_10_1_1=1
x_11_5_3=1
x_12_3_0=1
x_13_5_4=1
x_14_2_2=1
x_15_3_1=1
x_16_3_2=1
x_17_3_3=1
x_18_1_2=1
x_19_1_3=1
x_20_0_1=1
x_21_3_4=1
x_22_0_2=1
x_23_0_3=1
x_24_1_4=1
r_4_1=1
r_4_2=1
d_0=3.000
d_1=7.000
d_2=3.000
d_3=4.000
d_4=4.000
d_5=2.000
d_6=6.000
d_7=3.000
d_8=5.000
d_9=2.000
d_10=2.000
d_11=4.000
d_12=5.000
d_13=5.000
d_14=3.000
d_15=4.000
d_16=1.000
d_17=2.000
d_18=2.000
d_19=3.000
d_20=2.000
d_21=3.000
d_22=2.000
d_23=4.000
d_24=6.000
d_x_0=1.000
d_x_1=5.000
d_x_2=1.000
d_x_3=2.000
d_x_4=2.000
d_x_5=1.000
d_x_6=4.000
d_x_7=2.000
d_x_8=4.000
d_x_9=1.000
d_x_10=1.000
d_x_11=3.000
d_x_12=3.000
d_x_13=2.000
d_x_14=1.000
d_x_15=2.000
d_x_16=1.000
d_x_17=1.000
d_x_18=1.000
d_x_19=1.000
d_x_20=1.000
d_x_21=1.000
d_x_22=1.000
d_x_23=3.000
d_x_24=3.000
d_y_0=2.000
d_y_1=2.000
d_y_2=2.000
d_y_3=2.000
d_y_4=2.000
d_y_5=1.000
d_y_6=2.000
d_y_7=1.000
d_y_8=1.000
d_y_9=1.000
d_y_10=1.000
d_y_11=1.000
d_y_12=2.000
d_y_13=3.000
d_y_14=2.000
d_y_15=2.000
d_y_17=1.000
d_y_18=1.000
d_y_19=2.000
d_y_20=1.000
d_y_21=2.000
d_y_22=1.000
d_y_23=1.000
d_y_24=3.000
normalized distance of container 0 : 0.3333333333333333
normalized distance of container 1 : 0.7777777777777778
normalized distance of container 2 : 0.3333333333333333
normalized distance of container 3 : 0.4444444444444444
normalized distance of container 4 : 0.4444444444444444
normalized distance of container 5 : 0.2222222222222222
normalized distance of container 6 : 0.6666666666666666
normalized distance of container 7 : 0.3333333333333333
normalized distance of container 8 : 0.5555555555555556
normalized distance of container 9 : 0.2222222222222222
normalized distance of container 10 : 0.2222222222222222
normalized distance of container 11 : 0.4444444444444444
normalized distance of container 12 : 0.5555555555555556
normalized distance of container 13 : 0.5555555555555556
normalized distance of container 14 : 0.3333333333333333
normalized distance of container 15 : 0.4444444444444444
normalized distance of container 16 : 0.1111111111111111
normalized distance of container 17 : 0.2222222222222222
normalized distance of container 18 : 0.2222222222222222
normalized distance of container 19 : 0.3333333333333333
normalized distance of container 20 : 0.2222222222222222
normalized distance of container 21 : 0.3333333333333333
normalized distance of container 22 : 0.2222222222222222
normalized distance of container 23 : 0.4444444444444444
normalized distance of container 24 : 0.6666666666666666
