Number of initial container : 4
Number of new container : 3
Total number of containers : 7
Level_num : 9
Container_level : [2, 2, 1, 2, 9, 7, 4]
ideal_configuration : 
 [[0. 0. 0. 0. 0. 0.]
 [9. 0. 0. 0. 0. 0.]
 [2. 0. 0. 0. 0. 0.]
 [2. 4. 0. 0. 0. 0.]
 [1. 2. 7. 0. 0. 0.]]
Centroid : {2: (0.3333333333333333, 1.0), 1: (0.0, 0.0), 9: (0.0, 3.0), 7: (2.0, 0.0), 4: (1.0, 1.0)}
Repeat number : 3
Original weight : [11.49, 10.79, 9.62, 10.85, 18.97, 16.66, 13.3]
Sequence : [0, 0, 0, 0, 1, 2, 3]
Emergency : [0, 0, 0, 0, 0, 0, 0]
Time taken to solve the MIP model : 0.0038 seconds
min_d : 0, max_d : 9
---------------------------------
solution for: IP model
objective: 3
status: OPTIMAL_SOLUTION(2)
x_0_4_0=1
x_1_5_0=1
x_2_5_1=1
x_3_5_2=1
x_4_0_0=1
x_5_1_0=1
x_6_2_0=1
r_5_0=1
r_5_1=1
r_5_2=1
d_0=4.667
d_1=5.667
d_2=6.000
d_3=5.667
d_4=3.000
d_5=1.000
d_6=2.000
d_x_0=3.667
d_x_1=4.667
d_x_2=5.000
d_x_3=4.667
d_x_5=1.000
d_x_6=1.000
d_y_0=1.000
d_y_1=1.000
d_y_2=1.000
d_y_3=1.000
d_y_4=3.000
d_y_6=1.000
normalized distance of container 0 : 0.5185185185185185
normalized distance of container 1 : 0.6296296296296297
normalized distance of container 2 : 0.6666666666666666
normalized distance of container 3 : 0.6296296296296297
normalized distance of container 4 : 0.3333333333333333
normalized distance of container 5 : 0.1111111111111111
normalized distance of container 6 : 0.2222222222222222
