Number of initial container : 4
Number of new container : 3
Total number of containers : 7
Level_num : 9
Container_level : [1, 7, 1, 4, 2, 7, 9]
ideal_configuration : 
 [[0. 0. 0. 0. 0. 0.]
 [9. 0. 0. 0. 0. 0.]
 [4. 0. 0. 0. 0. 0.]
 [1. 7. 0. 0. 0. 0.]
 [1. 2. 7. 0. 0. 0.]]
Centroid : {1: (0.0, 0.5), 7: (1.5, 0.5), 4: (0.0, 2.0), 2: (1.0, 0.0), 9: (0.0, 3.0)}
Repeat number : 14
Original weight : [5.75, 21.09, 5.59, 13.75, 9.57, 21.08, 23.52]
Sequence : [0, 0, 0, 0, 1, 2, 3]
Emergency : [0, 0, 0, 0, 0, 0, 0]
Time taken to solve the MIP model : 0.0023 seconds
min_d : 0, max_d : 9
---------------------------------
solution for: IP model
objective: 2
status: OPTIMAL_SOLUTION(2)
x_0_0_0=1
x_1_3_0=1
x_2_3_1=1
x_3_2_0=1
x_4_1_0=1
x_5_2_1=1
x_6_1_1=1
r_3_0=1
r_3_1=1
r_3_4=-0
d_0=0.500
d_1=2.000
d_2=3.500
d_3=4.000
d_5=2.000
d_6=3.000
d_x_1=1.500
d_x_2=3.000
d_x_3=2.000
d_x_5=1.000
d_x_6=1.000
d_y_0=0.500
d_y_1=0.500
d_y_2=0.500
d_y_3=2.000
d_y_5=1.000
d_y_6=2.000
normalized distance of container 0 : 0.05555555555555555
normalized distance of container 1 : 0.2222222222222222
normalized distance of container 2 : 0.3888888888888889
normalized distance of container 3 : 0.4444444444444444
normalized distance of container 4 : 0.0
normalized distance of container 5 : 0.2222222222222222
normalized distance of container 6 : 0.3333333333333333
