Number of initial container : 4
Number of new container : 3
Total number of containers : 7
Level_num : 9
Container_level : [5, 4, 1, 3, 9, 5, 8]
ideal_configuration : 
 [[0. 0. 0. 0. 0. 0.]
 [9. 0. 0. 0. 0. 0.]
 [5. 0. 0. 0. 0. 0.]
 [3. 5. 0. 0. 0. 0.]
 [1. 4. 8. 0. 0. 0.]]
Centroid : {5: (0.5, 1.5), 4: (1.0, 0.0), 1: (0.0, 0.0), 3: (0.0, 1.0), 9: (0.0, 3.0), 8: (2.0, 0.0)}
Repeat number : 19
Original weight : [14.66, 13.97, 5.16, 9.93, 23.46, 15.76, 23.14]
Sequence : [0, 0, 0, 0, 1, 2, 3]
Emergency : [0, 0, 0, 0, 0, 0, 0]
Time taken to solve the MIP model : 0.0036 seconds
min_d : 0, max_d : 9
---------------------------------
solution for: IP model
objective: 2
status: OPTIMAL_SOLUTION(2)
x_0_4_0=1
x_1_5_0=1
x_2_5_1=1
x_3_3_0=1
x_4_4_1=1
x_5_2_0=1
x_6_2_1=1
r_5_0=1
r_5_1=1
r_5_4=-0
d_0=5.000
d_1=4.000
d_2=6.000
d_3=4.000
d_4=6.000
d_5=4.000
d_6=1.000
d_x_0=3.500
d_x_1=4.000
d_x_2=5.000
d_x_3=3.000
d_x_4=4.000
d_x_5=2.000
d_y_0=1.500
d_y_2=1.000
d_y_3=1.000
d_y_4=2.000
d_y_5=2.000
d_y_6=1.000
normalized distance of container 0 : 0.5555555555555556
normalized distance of container 1 : 0.4444444444444444
normalized distance of container 2 : 0.6666666666666666
normalized distance of container 3 : 0.4444444444444444
normalized distance of container 4 : 0.6666666666666666
normalized distance of container 5 : 0.4444444444444444
normalized distance of container 6 : 0.1111111111111111
