Number of initial container : 10
Number of new container : 10
Total number of containers : 20
Level_num : 9
Container_level : [4, 1, 5, 4, 4, 5, 8, 1, 4, 5, 5, 4, 5, 8, 5, 1, 8, 9, 5, 1]
ideal_configuration : 
 [[5. 5. 0. 0. 0. 0.]
 [4. 5. 8. 0. 0. 0.]
 [1. 4. 5. 8. 0. 0.]
 [1. 4. 4. 5. 8. 0.]
 [1. 1. 4. 5. 5. 9.]]
Centroid : {4: (1.2, 1.4), 1: (0.25, 0.75), 5: (2.0, 2.0), 8: (3.0, 2.0), 9: (5.0, 0.0)}
Repeat number : 25
Original weight : [8.81, 7.09, 14.65, 11.05, 6.13, 19.06, 14.62, 10.46, 10.27, 16.7, 14.77, 7.2, 22.95, 13.07, 20.37, 12.5, 14.08, 15.8, 19.63, 21.04]
Group : [2, 1, 2, 2, 2, 2, 3, 1, 2, 2, 2, 2, 2, 3, 2, 1, 3, 3, 2, 1]
Sequence : [0, 0, 0, 0, 0, 0, 0, 0, 0, 0, 1, 2, 3, 4, 5, 6, 7, 8, 9, 10]
Scroe : [208.81, 107.09, 214.65, 211.05, 206.13, 219.06, 314.62, 110.46000000000001, 210.27, 216.7, 214.77, 207.2, 222.95, 313.07, 220.37, 112.5, 314.08, 315.8, 219.63, 121.03999999999999]
Time taken to solve the MIP model : 0.0893 seconds
min_d : 0, max_d : 9
---------------------------------
solution for: IP model
objective: 7.53889
x_0_1_0=1
x_1_0_0=1
x_2_2_0=1
x_3_2_1=1
x_4_1_1=1
x_5_3_0=1
x_6_4_0=1
x_7_5_0=1
x_8_3_1=1
x_9_3_2=1
x_10_5_1=1
x_11_0_1=1
x_12_5_2=1
x_13_5_3=1
x_14_0_2=1
x_15_1_2=1
x_16_0_3=1
x_17_4_1=1
x_18_2_2=1
x_19_1_3=1
r_1_0=1
r_1_1=1
r_1_2=1
r_1_3=1
r_2_0=1
r_2_1=1
r_2_2=1
r_2_3=-0
r_3_0=1
r_3_1=1
r_3_2=1
r_3_4=-0
d_0=1.600
d_1=1.000
d_2=2.000
d_3=1.200
d_4=0.600
d_5=3.000
d_6=3.000
d_7=5.500
d_8=2.200
d_9=1.000
d_10=4.000
d_11=1.600
d_12=3.000
d_13=3.000
d_14=2.000
d_15=2.000
d_16=4.000
d_17=2.000
d_19=3.000
d_x_0=0.200
d_x_1=0.250
d_x_3=0.800
d_x_4=0.200
d_x_5=1.000
d_x_6=1.000
d_x_7=4.750
d_x_8=1.800
d_x_9=1.000
d_x_10=3.000
d_x_11=1.200
d_x_12=3.000
d_x_13=2.000
d_x_14=2.000
d_x_15=0.750
d_x_16=3.000
d_x_17=1.000
d_x_19=0.750
d_y_0=1.400
d_y_1=0.750
d_y_2=2.000
d_y_3=0.400
d_y_4=0.400
d_y_5=2.000
d_y_6=2.000
d_y_7=0.750
d_y_8=0.400
d_y_10=1.000
d_y_11=0.400
d_y_13=1.000
d_y_15=1.250
d_y_16=1.000
d_y_17=1.000
d_y_19=2.250
normalized distance of container 0 : 0.17777777777777776
normalized distance of container 1 : 0.1111111111111111
normalized distance of container 2 : 0.2222222222222222
normalized distance of container 3 : 0.13333333333333333
normalized distance of container 4 : 0.06666666666666665
normalized distance of container 5 : 0.3333333333333333
normalized distance of container 6 : 0.3333333333333333
normalized distance of container 7 : 0.6111111111111112
normalized distance of container 8 : 0.24444444444444446
normalized distance of container 9 : 0.1111111111111111
normalized distance of container 10 : 0.4444444444444444
normalized distance of container 11 : 0.17777777777777762
normalized distance of container 12 : 0.3333333333333333
normalized distance of container 13 : 0.3333333333333333
normalized distance of container 14 : 0.2222222222222222
normalized distance of container 15 : 0.2222222222222222
normalized distance of container 16 : 0.4444444444444444
normalized distance of container 17 : 0.2222222222222222
normalized distance of container 18 : 0.0
normalized distance of container 19 : 0.3333333333333333
