Number of initial container : 3
Number of new container : 20
Total number of containers : 23
Level_num : 9
Container_level : [1, 6, 3, 6, 1, 3, 3, 1, 6, 6, 6, 1, 6, 1, 1, 3, 8, 3, 9, 3, 3, 4, 6]
ideal_configuration : 
 [[3. 6. 6. 0. 0. 0.]
 [3. 3. 6. 8. 0. 0.]
 [1. 3. 3. 6. 9. 0.]
 [1. 1. 3. 4. 6. 0.]
 [1. 1. 1. 3. 6. 6.]]
Centroid : {1: (0.6666666666666666, 0.6666666666666666), 6: (3.0, 2.0), 3: (1.2857142857142858, 2.142857142857143), 8: (3.0, 3.0), 9: (4.0, 2.0), 4: (3.0, 1.0)}
Repeat number : 21
Original weight : [21.46, 11.12, 14.6, 14.88, 10.99, 14.82, 7.16, 7.32, 19.86, 15.32, 5.31, 15.39, 14.76, 6.52, 13.66, 17.16, 8.14, 7.56, 9.58, 5.7, 8.58, 23.82, 17.7]
Group : [0, 2, 1, 2, 0, 1, 1, 0, 2, 2, 2, 0, 2, 0, 0, 1, 3, 1, 3, 1, 1, 1, 2]
Sequence : [0, 0, 0, 1, 2, 3, 4, 5, 6, 7, 8, 9, 10, 11, 12, 13, 14, 15, 16, 17, 18, 19, 20]
Scroe : [21.46, 211.12, 114.6, 214.88, 10.99, 114.82, 107.16, 7.32, 219.86, 215.32, 205.31, 15.39, 214.76, 6.52, 13.66, 117.16, 308.14, 107.56, 309.58, 105.7, 108.58, 123.82, 217.7]
Time taken to solve the MIP model : 0.1933 seconds
min_d : 0, max_d : 9
---------------------------------
solution for: IP model
objective: 0
x_0_3_0=1
x_1_3_1=1
x_2_0_0=1
x_3_3_2=1
x_4_1_0=1
x_5_1_1=1
x_6_4_0=1
x_7_2_0=1
x_8_4_1=1
x_9_3_3=1
x_10_1_2=1
x_11_2_1=1
x_12_1_3=1
x_13_5_0=1
x_14_5_1=1
x_15_0_1=1
x_16_3_4=1
x_17_5_2=1
x_18_4_2=1
x_19_2_2=1
x_20_2_3=1
x_21_5_3=1
x_22_2_4=1
d_0=4.000
d_1=1.000
d_2=5.000
d_4=2.000
d_5=3.000
d_6=6.000
d_7=3.000
d_8=2.000
d_9=1.000
d_10=2.000
d_11=3.000
d_12=3.000
d_13=6.000
d_14=6.000
d_15=4.000
d_16=1.000
d_17=5.000
d_19=2.000
d_20=2.000
d_21=4.000
d_22=3.000
d_x_0=3.000
d_x_2=2.000
d_x_4=1.000
d_x_5=1.000
d_x_6=3.000
d_x_7=2.000
d_x_8=1.000
d_x_10=2.000
d_x_11=2.000
d_x_12=2.000
d_x_13=5.000
d_x_14=5.000
d_x_15=2.000
d_x_17=4.000
d_x_19=1.000
d_x_20=1.000
d_x_21=2.000
d_x_22=1.000
d_y_0=1.000
d_y_1=1.000
d_y_2=3.000
d_y_4=1.000
d_y_5=2.000
d_y_6=3.000
d_y_7=1.000
d_y_8=1.000
d_y_9=1.000
d_y_11=1.000
d_y_12=1.000
d_y_13=1.000
d_y_14=1.000
d_y_15=2.000
d_y_16=1.000
d_y_17=1.000
d_y_19=1.000
d_y_20=1.000
d_y_21=2.000
d_y_22=2.000
normalized distance of container 0 : 0.4444444444444444
normalized distance of container 1 : 0.1111111111111111
normalized distance of container 2 : 0.5555555555555556
normalized distance of container 3 : 0.0
normalized distance of container 4 : 0.2222222222222222
normalized distance of container 5 : 0.3333333333333333
normalized distance of container 6 : 0.6666666666666666
normalized distance of container 7 : 0.3333333333333333
normalized distance of container 8 : 0.2222222222222222
normalized distance of container 9 : 0.1111111111111111
normalized distance of container 10 : 0.2222222222222222
normalized distance of container 11 : 0.3333333333333333
normalized distance of container 12 : 0.3333333333333333
normalized distance of container 13 : 0.6666666666666666
normalized distance of container 14 : 0.6666666666666666
normalized distance of container 15 : 0.4444444444444444
normalized distance of container 16 : 0.1111111111111111
normalized distance of container 17 : 0.5555555555555556
normalized distance of container 18 : 0.0
normalized distance of container 19 : 0.2222222222222222
normalized distance of container 20 : 0.2222222222222222
normalized distance of container 21 : 0.4444444444444444
normalized distance of container 22 : 0.3333333333333333
