Number of initial container : 3
Number of new container : 20
Total number of containers : 23
Level_num : 9
Container_level : [1, 8, 3, 1, 3, 8, 6, 1, 1, 6, 9, 8, 6, 8, 1, 6, 6, 8, 8, 3, 1, 3, 1]
ideal_configuration : 
 [[3. 6. 8. 0. 0. 0.]
 [1. 6. 8. 8. 0. 0.]
 [1. 3. 6. 8. 9. 0.]
 [1. 1. 3. 6. 8. 0.]
 [1. 1. 1. 3. 6. 8.]]
Centroid : {1: (0.5714285714285714, 1.0), 8: (3.1666666666666665, 2.1666666666666665), 3: (1.5, 1.75), 6: (2.2, 2.0), 9: (4.0, 2.0)}
Repeat number : 15
Original weight : [9.65, 11.52, 12.34, 21.1, 8.53, 17.45, 21.71, 7.46, 11.12, 12.61, 19.4, 14.85, 17.42, 16.84, 12.53, 17.63, 16.31, 17.78, 10.55, 20.28, 22.54, 20.9, 16.31]
Group : [0, 3, 1, 0, 1, 3, 2, 0, 0, 2, 3, 3, 2, 3, 0, 2, 2, 3, 3, 1, 0, 1, 0]
Sequence : [0, 0, 0, 1, 2, 3, 4, 5, 6, 7, 8, 9, 10, 11, 12, 13, 14, 15, 16, 17, 18, 19, 20]
Scroe : [9.65, 311.52, 112.34, 21.1, 108.53, 317.45, 221.71, 7.46, 11.12, 212.61, 319.4, 314.85, 217.42000000000002, 316.84, 12.53, 217.63, 216.31, 317.78, 310.55, 120.28, 22.54, 120.9, 16.31]
Time taken to solve the MIP model : 4.7613 seconds
min_d : 0, max_d : 9
---------------------------------
solution for: IP model
objective: 2
x_0_4_0=1
x_1_5_0=1
x_2_4_1=1
x_3_0_0=1
x_4_0_1=1
x_5_5_1=1
x_6_0_2=1
x_7_2_0=1
x_8_2_1=1
x_9_1_0=1
x_10_5_2=1
x_11_0_3=1
x_12_1_1=1
x_13_0_4=1
x_14_3_0=1
x_15_1_2=1
x_16_3_1=1
x_17_3_2=1
x_18_1_3=1
x_19_4_2=1
x_20_2_2=1
x_21_4_3=1
x_22_2_3=1
r_2_2=1
r_2_3=1
d_0=5.000
d_1=5.000
d_2=4.000
d_3=2.000
d_4=3.000
d_5=4.000
d_6=3.000
d_7=3.000
d_8=2.000
d_9=4.000
d_10=1.000
d_11=5.000
d_12=3.000
d_13=6.000
d_14=4.000
d_15=2.000
d_16=2.000
d_17=2.000
d_18=4.000
d_19=4.000
d_20=3.000
d_21=5.000
d_22=4.000
d_x_0=4.000
d_x_1=2.000
d_x_2=3.000
d_x_3=1.000
d_x_4=2.000
d_x_5=2.000
d_x_6=3.000
d_x_7=2.000
d_x_8=2.000
d_x_9=2.000
d_x_10=1.000
d_x_11=4.000
d_x_12=2.000
d_x_13=4.000
d_x_14=3.000
d_x_15=2.000
d_x_16=1.000
d_x_17=1.000
d_x_18=3.000
d_x_19=3.000
d_x_20=2.000
d_x_21=3.000
d_x_22=2.000
d_y_0=1.000
d_y_1=3.000
d_y_2=1.000
d_y_3=1.000
d_y_4=1.000
d_y_5=2.000
d_y_7=1.000
d_y_9=2.000
d_y_11=1.000
d_y_12=1.000
d_y_13=2.000
d_y_14=1.000
d_y_16=1.000
d_y_17=1.000
d_y_18=1.000
d_y_19=1.000
d_y_20=1.000
d_y_21=2.000
d_y_22=2.000
normalized distance of container 0 : 0.5555555555555556
normalized distance of container 1 : 0.5555555555555556
normalized distance of container 2 : 0.4444444444444444
normalized distance of container 3 : 0.2222222222222222
normalized distance of container 4 : 0.3333333333333333
normalized distance of container 5 : 0.4444444444444444
normalized distance of container 6 : 0.3333333333333333
normalized distance of container 7 : 0.3333333333333333
normalized distance of container 8 : 0.2222222222222222
normalized distance of container 9 : 0.4444444444444444
normalized distance of container 10 : 0.1111111111111111
normalized distance of container 11 : 0.5555555555555556
normalized distance of container 12 : 0.3333333333333333
normalized distance of container 13 : 0.6666666666666666
normalized distance of container 14 : 0.4444444444444444
normalized distance of container 15 : 0.2222222222222222
normalized distance of container 16 : 0.2222222222222222
normalized distance of container 17 : 0.2222222222222222
normalized distance of container 18 : 0.4444444444444444
normalized distance of container 19 : 0.4444444444444444
normalized distance of container 20 : 0.3333333333333333
normalized distance of container 21 : 0.5555555555555556
normalized distance of container 22 : 0.4444444444444444
