Number of initial container : 3
Number of new container : 20
Total number of containers : 23
Level_num : 9
Container_level : [1, 6, 3, 1, 6, 8, 8, 3, 6, 1, 9, 3, 8, 6, 6, 6, 1, 3, 8, 3, 6, 6, 3]
ideal_configuration : 
 [[6. 6. 8. 0. 0. 0.]
 [3. 6. 6. 8. 0. 0.]
 [1. 3. 6. 6. 9. 0.]
 [1. 3. 3. 6. 8. 0.]
 [1. 1. 3. 3. 6. 8.]]
Centroid : {1: (0.25, 0.75), 6: (2.0, 2.375), 3: (1.5, 1.1666666666666667), 8: (3.5, 2.0), 9: (4.0, 2.0)}
Repeat number : 17
Original weight : [12.68, 9.43, 10.74, 10.65, 20.84, 7.57, 12.33, 17.48, 14.24, 13.08, 20.45, 8.61, 17.28, 5.93, 14.99, 12.47, 13.47, 5.01, 11.75, 16.88, 6.12, 15.26, 19.25]
Group : [0, 2, 1, 0, 2, 3, 3, 1, 2, 0, 3, 1, 3, 2, 2, 2, 0, 1, 3, 1, 2, 2, 1]
Sequence : [0, 0, 0, 1, 2, 3, 4, 5, 6, 7, 8, 9, 10, 11, 12, 13, 14, 15, 16, 17, 18, 19, 20]
Scroe : [12.68, 209.43, 110.74, 10.65, 220.84, 307.57, 312.33, 117.48, 214.24, 13.08, 320.45, 108.61, 317.28, 205.93, 214.99, 212.47, 13.47, 105.01, 311.75, 116.88, 206.12, 215.26, 119.25]
Time taken to solve the MIP model : 3.4049 seconds
min_d : 0, max_d : 9
---------------------------------
solution for: IP model
objective: 3
x_0_1_0=1
x_1_5_0=1
x_2_5_1=1
x_3_0_0=1
x_4_0_1=1
x_5_0_2=1
x_6_0_3=1
x_7_3_0=1
x_8_3_1=1
x_9_2_0=1
x_10_5_2=1
x_11_4_0=1
x_12_0_4=1
x_13_4_1=1
x_14_3_2=1
x_15_4_2=1
x_16_1_1=1
x_17_2_1=1
x_18_3_3=1
x_19_2_2=1
x_20_1_2=1
x_21_1_3=1
x_22_2_3=1
r_5_0=1
r_5_1=1
r_5_2=1
d_0=2.000
d_1=6.000
d_2=5.000
d_3=2.000
d_4=4.000
d_5=4.000
d_6=5.000
d_7=4.000
d_8=3.000
d_9=3.000
d_10=1.000
d_11=5.000
d_12=6.000
d_13=4.000
d_14=2.000
d_15=3.000
d_16=2.000
d_17=2.000
d_18=2.000
d_19=2.000
d_20=2.000
d_21=2.000
d_22=3.000
d_x_0=1.000
d_x_1=3.000
d_x_2=4.000
d_x_3=1.000
d_x_4=2.000
d_x_5=4.000
d_x_6=4.000
d_x_7=2.000
d_x_8=1.000
d_x_9=2.000
d_x_10=1.000
d_x_11=3.000
d_x_12=4.000
d_x_13=2.000
d_x_14=1.000
d_x_15=2.000
d_x_16=1.000
d_x_17=1.000
d_x_18=1.000
d_x_19=1.000
d_x_20=1.000
d_x_21=1.000
d_x_22=1.000
d_y_0=1.000
d_y_1=3.000
d_y_2=1.000
d_y_3=1.000
d_y_4=2.000
d_y_6=1.000
d_y_7=2.000
d_y_8=2.000
d_y_9=1.000
d_y_11=2.000
d_y_12=2.000
d_y_13=2.000
d_y_14=1.000
d_y_15=1.000
d_y_16=1.000
d_y_17=1.000
d_y_18=1.000
d_y_19=1.000
d_y_20=1.000
d_y_21=1.000
d_y_22=2.000
normalized distance of container 0 : 0.2222222222222222
normalized distance of container 1 : 0.6666666666666666
normalized distance of container 2 : 0.5555555555555556
normalized distance of container 3 : 0.2222222222222222
normalized distance of container 4 : 0.4444444444444444
normalized distance of container 5 : 0.4444444444444444
normalized distance of container 6 : 0.5555555555555556
normalized distance of container 7 : 0.4444444444444444
normalized distance of container 8 : 0.3333333333333333
normalized distance of container 9 : 0.3333333333333333
normalized distance of container 10 : 0.1111111111111111
normalized distance of container 11 : 0.5555555555555556
normalized distance of container 12 : 0.6666666666666666
normalized distance of container 13 : 0.4444444444444444
normalized distance of container 14 : 0.2222222222222222
normalized distance of container 15 : 0.3333333333333333
normalized distance of container 16 : 0.2222222222222222
normalized distance of container 17 : 0.2222222222222222
normalized distance of container 18 : 0.2222222222222222
normalized distance of container 19 : 0.2222222222222222
normalized distance of container 20 : 0.2222222222222222
normalized distance of container 21 : 0.2222222222222222
normalized distance of container 22 : 0.3333333333333333
