Number of initial container : 3
Number of new container : 20
Total number of containers : 23
Level_num : 9
Container_level : [1, 6, 6, 6, 1, 1, 3, 8, 6, 6, 6, 6, 1, 3, 1, 4, 9, 1, 3, 8, 1, 1, 6]
ideal_configuration : 
 [[3. 6. 8. 0. 0. 0.]
 [1. 4. 6. 8. 0. 0.]
 [1. 1. 6. 6. 9. 0.]
 [1. 1. 3. 6. 6. 0.]
 [1. 1. 1. 3. 6. 6.]]
Centroid : {1: (0.625, 1.125), 6: (3.0, 1.625), 3: (1.6666666666666667, 1.6666666666666667), 8: (2.5, 3.5), 4: (1.0, 3.0), 9: (4.0, 2.0)}
Repeat number : 11
Original weight : [11.68, 14.87, 11.23, 12.88, 23.74, 11.61, 14.81, 8.37, 10.25, 7.59, 22.34, 19.27, 6.57, 9.48, 17.27, 21.72, 10.33, 7.01, 14.7, 9.4, 10.42, 15.9, 21.31]
Group : [0, 2, 2, 2, 0, 0, 1, 3, 2, 2, 2, 2, 0, 1, 0, 1, 3, 0, 1, 3, 0, 0, 2]
Sequence : [0, 0, 0, 1, 2, 3, 4, 5, 6, 7, 8, 9, 10, 11, 12, 13, 14, 15, 16, 17, 18, 19, 20]
Scroe : [11.68, 214.87, 211.23, 212.88, 23.74, 11.61, 114.81, 308.37, 210.25, 207.59, 222.34, 219.27, 6.57, 109.48, 17.27, 121.72, 310.33, 7.01, 114.7, 309.4, 10.42, 15.9, 221.31]
Time taken to solve the MIP model : 1.8154 seconds
min_d : 0, max_d : 9
---------------------------------
solution for: IP model
objective: 3
x_0_4_0=1
x_1_0_0=1
x_2_1_0=1
x_3_1_1=1
x_4_5_0=1
x_5_2_0=1
x_6_2_1=1
x_7_1_2=1
x_8_0_1=1
x_9_2_2=1
x_10_0_2=1
x_11_2_3=1
x_12_3_0=1
x_13_5_1=1
x_14_4_1=1
x_15_4_2=1
x_16_4_3=1
x_17_3_1=1
x_18_5_2=1
x_19_1_3=1
x_20_3_2=1
x_21_3_3=1
x_22_3_4=1
r_0_0=1
r_0_1=1
r_0_2=1
d_0=6.000
d_1=5.000
d_2=4.000
d_3=3.000
d_4=7.000
d_5=4.000
d_6=2.000
d_7=4.000
d_8=4.000
d_9=2.000
d_10=4.000
d_11=3.000
d_12=5.000
d_13=5.000
d_14=5.000
d_15=4.000
d_16=1.000
d_17=4.000
d_18=5.000
d_19=3.000
d_20=4.000
d_21=5.000
d_22=3.000
d_x_0=4.000
d_x_1=3.000
d_x_2=2.000
d_x_3=2.000
d_x_4=5.000
d_x_5=2.000
d_x_6=1.000
d_x_7=2.000
d_x_8=3.000
d_x_9=1.000
d_x_10=3.000
d_x_11=1.000
d_x_12=3.000
d_x_13=4.000
d_x_14=4.000
d_x_15=3.000
d_x_17=3.000
d_x_18=4.000
d_x_19=2.000
d_x_20=3.000
d_x_21=3.000
d_y_0=2.000
d_y_1=2.000
d_y_2=2.000
d_y_3=1.000
d_y_4=2.000
d_y_5=2.000
d_y_6=1.000
d_y_7=2.000
d_y_8=1.000
d_y_9=1.000
d_y_10=1.000
d_y_11=2.000
d_y_12=2.000
d_y_13=1.000
d_y_14=1.000
d_y_15=1.000
d_y_16=1.000
d_y_17=1.000
d_y_18=1.000
d_y_19=1.000
d_y_20=1.000
d_y_21=2.000
d_y_22=3.000
normalized distance of container 0 : 0.6666666666666666
normalized distance of container 1 : 0.5555555555555556
normalized distance of container 2 : 0.4444444444444444
normalized distance of container 3 : 0.3333333333333333
normalized distance of container 4 : 0.7777777777777778
normalized distance of container 5 : 0.4444444444444444
normalized distance of container 6 : 0.2222222222222222
normalized distance of container 7 : 0.4444444444444444
normalized distance of container 8 : 0.4444444444444444
normalized distance of container 9 : 0.2222222222222222
normalized distance of container 10 : 0.4444444444444444
normalized distance of container 11 : 0.3333333333333333
normalized distance of container 12 : 0.5555555555555556
normalized distance of container 13 : 0.5555555555555556
normalized distance of container 14 : 0.5555555555555556
normalized distance of container 15 : 0.4444444444444444
normalized distance of container 16 : 0.1111111111111111
normalized distance of container 17 : 0.4444444444444444
normalized distance of container 18 : 0.5555555555555556
normalized distance of container 19 : 0.3333333333333333
normalized distance of container 20 : 0.4444444444444444
normalized distance of container 21 : 0.5555555555555556
normalized distance of container 22 : 0.3333333333333333
