Number of initial container : 3
Number of new container : 20
Total number of containers : 23
Level_num : 9
Container_level : [3, 3, 6, 8, 6, 1, 9, 6, 6, 8, 6, 3, 1, 1, 1, 1, 8, 1, 3, 8, 3, 6, 1]
ideal_configuration : 
 [[3. 6. 8. 0. 0. 0.]
 [1. 3. 6. 8. 0. 0.]
 [1. 3. 6. 6. 9. 0.]
 [1. 1. 3. 6. 8. 0.]
 [1. 1. 1. 3. 6. 8.]]
Centroid : {3: (1.4, 2.0), 6: (2.5, 2.0), 8: (3.5, 2.0), 1: (0.5714285714285714, 1.0), 9: (4.0, 2.0)}
Repeat number : 1
Original weight : [13.2, 7.7, 9.81, 7.97, 5.02, 10.16, 22.69, 6.46, 22.71, 16.99, 6.91, 12.01, 15.18, 21.18, 21.96, 23.89, 10.48, 11.03, 8.86, 21.87, 20.91, 6.76, 6.39]
Group : [1, 1, 2, 3, 2, 0, 3, 2, 2, 3, 2, 1, 0, 0, 0, 0, 3, 0, 1, 3, 1, 2, 0]
Sequence : [0, 0, 0, 1, 2, 3, 4, 5, 6, 7, 8, 9, 10, 11, 12, 13, 14, 15, 16, 17, 18, 19, 20]
Scroe : [113.2, 107.7, 209.81, 307.97, 205.02, 10.16, 322.69, 206.46, 222.71, 316.99, 206.91, 112.01, 15.18, 21.18, 21.96, 23.89, 310.48, 11.03, 108.86, 321.87, 120.91, 206.76, 6.39]
Time taken to solve the MIP model : 1.1150 seconds
min_d : 0, max_d : 9
---------------------------------
solution for: IP model
objective: 2
x_0_4_0=1
x_1_3_0=1
x_2_4_1=1
x_3_4_2=1
x_4_1_0=1
x_5_2_0=1
x_6_4_3=1
x_7_1_1=1
x_8_2_1=1
x_9_2_2=1
x_10_1_2=1
x_11_3_1=1
x_12_0_0=1
x_13_0_1=1
x_14_0_2=1
x_15_0_3=1
x_16_1_3=1
x_17_5_0=1
x_18_0_4=1
x_19_1_4=1
x_20_3_2=1
x_21_3_3=1
x_22_5_1=1
r_5_0=1
r_5_1=1
d_0=5.000
d_1=4.000
d_2=3.000
d_3=1.000
d_4=4.000
d_5=3.000
d_6=1.000
d_7=3.000
d_8=2.000
d_9=2.000
d_10=2.000
d_11=3.000
d_12=2.000
d_13=1.000
d_14=2.000
d_15=3.000
d_16=4.000
d_17=6.000
d_18=4.000
d_19=5.000
d_20=2.000
d_21=2.000
d_22=5.000
d_x_0=3.000
d_x_1=2.000
d_x_2=2.000
d_x_3=1.000
d_x_4=2.000
d_x_5=2.000
d_x_7=2.000
d_x_8=1.000
d_x_9=2.000
d_x_10=2.000
d_x_11=2.000
d_x_12=1.000
d_x_13=1.000
d_x_14=1.000
d_x_15=1.000
d_x_16=3.000
d_x_17=5.000
d_x_18=2.000
d_x_19=3.000
d_x_20=2.000
d_x_21=1.000
d_x_22=5.000
d_y_0=2.000
d_y_1=2.000
d_y_2=1.000
d_y_4=2.000
d_y_5=1.000
d_y_6=1.000
d_y_7=1.000
d_y_8=1.000
d_y_11=1.000
d_y_12=1.000
d_y_14=1.000
d_y_15=2.000
d_y_16=1.000
d_y_17=1.000
d_y_18=2.000
d_y_19=2.000
d_y_21=1.000
normalized distance of container 0 : 0.5555555555555556
normalized distance of container 1 : 0.4444444444444444
normalized distance of container 2 : 0.3333333333333333
normalized distance of container 3 : 0.1111111111111111
normalized distance of container 4 : 0.4444444444444444
normalized distance of container 5 : 0.3333333333333333
normalized distance of container 6 : 0.1111111111111111
normalized distance of container 7 : 0.3333333333333333
normalized distance of container 8 : 0.2222222222222222
normalized distance of container 9 : 0.2222222222222222
normalized distance of container 10 : 0.2222222222222222
normalized distance of container 11 : 0.3333333333333333
normalized distance of container 12 : 0.2222222222222222
normalized distance of container 13 : 0.1111111111111111
normalized distance of container 14 : 0.2222222222222222
normalized distance of container 15 : 0.3333333333333333
normalized distance of container 16 : 0.4444444444444444
normalized distance of container 17 : 0.6666666666666666
normalized distance of container 18 : 0.4444444444444444
normalized distance of container 19 : 0.5555555555555556
normalized distance of container 20 : 0.2222222222222222
normalized distance of container 21 : 0.2222222222222222
normalized distance of container 22 : 0.5555555555555556
