Number of initial container : 3
Number of new container : 20
Total number of containers : 23
Level_num : 9
Container_level : [3, 3, 3, 3, 6, 3, 8, 6, 6, 1, 1, 8, 3, 3, 3, 1, 9, 1, 1, 3, 8, 3, 3]
ideal_configuration : 
 [[3. 3. 8. 0. 0. 0.]
 [3. 3. 6. 8. 0. 0.]
 [1. 3. 3. 6. 9. 0.]
 [1. 1. 3. 3. 6. 0.]
 [1. 1. 3. 3. 3. 8.]]
Centroid : {3: (1.7272727272727273, 1.8181818181818181), 6: (3.0, 2.0), 8: (3.3333333333333335, 2.3333333333333335), 1: (0.4, 0.8), 9: (4.0, 2.0)}
Repeat number : 20
Original weight : [5.65, 18.81, 8.75, 5.74, 20.4, 8.16, 6.79, 12.96, 14.22, 13.96, 20.62, 6.13, 16.1, 19.74, 22.17, 8.67, 20.94, 5.63, 13.94, 7.57, 18.87, 23.43, 15.1]
Group : [1, 1, 1, 1, 2, 1, 3, 2, 2, 0, 0, 3, 1, 1, 1, 0, 3, 0, 0, 1, 3, 1, 1]
Sequence : [0, 0, 0, 1, 2, 3, 4, 5, 6, 7, 8, 9, 10, 11, 12, 13, 14, 15, 16, 17, 18, 19, 20]
Scroe : [105.65, 118.81, 108.75, 105.74, 220.4, 108.16, 306.79, 212.96, 214.22, 13.96, 20.62, 306.13, 116.1, 119.74, 122.17, 8.67, 320.94, 5.63, 13.94, 107.57, 318.87, 123.43, 115.1]
Time taken to solve the MIP model : 0.3119 seconds
min_d : 0, max_d : 9
---------------------------------
solution for: IP model
objective: 0
x_0_4_0=1
x_1_3_0=1
x_2_2_0=1
x_3_4_1=1
x_4_2_1=1
x_5_4_2=1
x_6_2_2=1
x_7_3_1=1
x_8_3_2=1
x_9_1_0=1
x_10_1_1=1
x_11_3_3=1
x_12_1_2=1
x_13_4_3=1
x_14_4_4=1
x_15_5_0=1
x_16_2_3=1
x_17_0_0=1
x_18_0_1=1
x_19_5_1=1
x_20_3_4=1
x_21_5_2=1
x_22_0_2=1
d_0=5.000
d_1=4.000
d_2=3.000
d_3=4.000
d_4=2.000
d_5=4.000
d_6=3.000
d_7=1.000
d_9=2.000
d_10=2.000
d_11=2.000
d_12=2.000
d_13=5.000
d_14=6.000
d_15=6.000
d_16=3.000
d_17=2.000
d_18=2.000
d_19=5.000
d_20=3.000
d_21=5.000
d_22=3.000
d_x_0=3.000
d_x_1=2.000
d_x_2=1.000
d_x_3=3.000
d_x_4=1.000
d_x_5=3.000
d_x_6=2.000
d_x_9=1.000
d_x_10=1.000
d_x_11=1.000
d_x_12=1.000
d_x_13=3.000
d_x_14=3.000
d_x_15=5.000
d_x_16=2.000
d_x_17=1.000
d_x_18=1.000
d_x_19=4.000
d_x_20=1.000
d_x_21=4.000
d_x_22=2.000
d_y_0=2.000
d_y_1=2.000
d_y_2=2.000
d_y_3=1.000
d_y_4=1.000
d_y_5=1.000
d_y_6=1.000
d_y_7=1.000
d_y_9=1.000
d_y_10=1.000
d_y_11=1.000
d_y_12=1.000
d_y_13=2.000
d_y_14=3.000
d_y_15=1.000
d_y_16=1.000
d_y_17=1.000
d_y_18=1.000
d_y_19=1.000
d_y_20=2.000
d_y_21=1.000
d_y_22=1.000
normalized distance of container 0 : 0.5555555555555556
normalized distance of container 1 : 0.4444444444444444
normalized distance of container 2 : 0.3333333333333333
normalized distance of container 3 : 0.4444444444444444
normalized distance of container 4 : 0.2222222222222222
normalized distance of container 5 : 0.4444444444444444
normalized distance of container 6 : 0.3333333333333333
normalized distance of container 7 : 0.1111111111111111
normalized distance of container 8 : 0.0
normalized distance of container 9 : 0.2222222222222222
normalized distance of container 10 : 0.2222222222222222
normalized distance of container 11 : 0.2222222222222222
normalized distance of container 12 : 0.2222222222222222
normalized distance of container 13 : 0.5555555555555556
normalized distance of container 14 : 0.6666666666666666
normalized distance of container 15 : 0.6666666666666666
normalized distance of container 16 : 0.3333333333333333
normalized distance of container 17 : 0.2222222222222222
normalized distance of container 18 : 0.2222222222222222
normalized distance of container 19 : 0.5555555555555556
normalized distance of container 20 : 0.3333333333333333
normalized distance of container 21 : 0.5555555555555556
normalized distance of container 22 : 0.3333333333333333
