Number of initial container : 3
Number of new container : 20
Total number of containers : 23
Level_num : 9
Container_level : [1, 1, 1, 6, 3, 1, 8, 8, 3, 3, 3, 1, 9, 3, 6, 1, 3, 3, 1, 8, 8, 6, 8]
ideal_configuration : 
 [[3. 6. 8. 0. 0. 0.]
 [1. 3. 6. 8. 0. 0.]
 [1. 3. 3. 8. 9. 0.]
 [1. 1. 3. 3. 8. 0.]
 [1. 1. 1. 3. 6. 8.]]
Centroid : {1: (0.5714285714285714, 1.0), 6: (2.3333333333333335, 2.3333333333333335), 3: (1.7142857142857142, 1.8571428571428572), 8: (3.4, 2.0), 9: (4.0, 2.0)}
Repeat number : 27
Original weight : [5.95, 6.72, 11.58, 6.63, 12.67, 12.19, 8.37, 5.93, 8.76, 12.94, 10.59, 10.49, 23.42, 20.51, 19.92, 10.69, 17.61, 10.24, 20.75, 20.13, 10.6, 15.65, 7.69]
Group : [0, 0, 0, 2, 1, 0, 3, 3, 1, 1, 1, 0, 3, 1, 2, 0, 1, 1, 0, 3, 3, 2, 3]
Sequence : [0, 0, 0, 1, 2, 3, 4, 5, 6, 7, 8, 9, 10, 11, 12, 13, 14, 15, 16, 17, 18, 19, 20]
Scroe : [5.95, 6.72, 11.58, 206.63, 112.67, 12.19, 308.37, 305.93, 108.76, 112.94, 110.59, 10.49, 323.42, 120.51, 219.92000000000002, 10.69, 117.61, 110.24, 20.75, 320.13, 310.6, 215.65, 307.69]
Time taken to solve the MIP model : 0.2135 seconds
min_d : 0, max_d : 9
---------------------------------
solution for: IP model
objective: 0
x_0_0_0=1
x_1_4_0=1
x_2_2_0=1
x_3_0_1=1
x_4_5_0=1
x_5_3_0=1
x_6_2_1=1
x_7_0_2=1
x_8_3_1=1
x_9_5_1=1
x_10_3_2=1
x_11_1_0=1
x_12_0_3=1
x_13_5_2=1
x_14_5_3=1
x_15_1_1=1
x_16_3_3=1
x_17_1_2=1
x_18_4_1=1
x_19_1_3=1
x_20_5_4=1
x_21_4_2=1
x_22_4_3=1
d_0=2.000
d_1=5.000
d_2=3.000
d_3=5.000
d_4=6.000
d_5=4.000
d_6=3.000
d_7=4.000
d_8=3.000
d_9=5.000
d_10=3.000
d_11=2.000
d_12=5.000
d_13=5.000
d_14=4.000
d_15=1.000
d_16=4.000
d_17=2.000
d_18=4.000
d_19=4.000
d_20=4.000
d_21=3.000
d_22=2.000
d_x_0=1.000
d_x_1=4.000
d_x_2=2.000
d_x_3=3.000
d_x_4=4.000
d_x_5=3.000
d_x_6=2.000
d_x_7=4.000
d_x_8=2.000
d_x_9=4.000
d_x_10=2.000
d_x_11=1.000
d_x_12=4.000
d_x_13=4.000
d_x_14=3.000
d_x_15=1.000
d_x_16=2.000
d_x_17=1.000
d_x_18=4.000
d_x_19=3.000
d_x_20=2.000
d_x_21=2.000
d_x_22=1.000
d_y_0=1.000
d_y_1=1.000
d_y_2=1.000
d_y_3=2.000
d_y_4=2.000
d_y_5=1.000
d_y_6=1.000
d_y_8=1.000
d_y_9=1.000
d_y_10=1.000
d_y_11=1.000
d_y_12=1.000
d_y_13=1.000
d_y_14=1.000
d_y_16=2.000
d_y_17=1.000
d_y_19=1.000
d_y_20=2.000
d_y_21=1.000
d_y_22=1.000
normalized distance of container 0 : 0.2222222222222222
normalized distance of container 1 : 0.5555555555555556
normalized distance of container 2 : 0.3333333333333333
normalized distance of container 3 : 0.5555555555555556
normalized distance of container 4 : 0.6666666666666666
normalized distance of container 5 : 0.4444444444444444
normalized distance of container 6 : 0.3333333333333333
normalized distance of container 7 : 0.4444444444444444
normalized distance of container 8 : 0.3333333333333333
normalized distance of container 9 : 0.5555555555555556
normalized distance of container 10 : 0.3333333333333333
normalized distance of container 11 : 0.2222222222222222
normalized distance of container 12 : 0.5555555555555556
normalized distance of container 13 : 0.5555555555555556
normalized distance of container 14 : 0.4444444444444444
normalized distance of container 15 : 0.1111111111111111
normalized distance of container 16 : 0.4444444444444444
normalized distance of container 17 : 0.2222222222222222
normalized distance of container 18 : 0.4444444444444444
normalized distance of container 19 : 0.4444444444444444
normalized distance of container 20 : 0.4444444444444444
normalized distance of container 21 : 0.3333333333333333
normalized distance of container 22 : 0.2222222222222222
