Number of initial container : 5
Number of new container : 5
Total number of containers : 10
Level_num : 9
Container_level : [4, 1, 1, 8, 8, 1, 5, 9, 4, 5]
ideal_configuration : 
 [[0. 0. 0. 0. 0. 0.]
 [5. 0. 0. 0. 0. 0.]
 [4. 8. 0. 0. 0. 0.]
 [1. 4. 8. 0. 0. 0.]
 [1. 1. 5. 9. 0. 0.]]
Centroid : {4: (0.5, 1.5), 1: (0.3333333333333333, 0.3333333333333333), 8: (1.5, 1.5), 5: (1.0, 1.5), 9: (3.0, 0.0)}
Repeat number : 13
Original weight : [9.15, 20.65, 8.98, 6.58, 20.4, 11.05, 20.53, 22.46, 13.13, 16.04]
Group : [1, 0, 0, 2, 2, 0, 1, 2, 1, 1]
Sequence : [0, 0, 0, 0, 0, 1, 2, 3, 4, 5]
Scroe : [109.15, 20.65, 8.98, 206.58, 220.4, 11.05, 120.53, 222.46, 113.13, 116.03999999999999]
Time taken to solve the MIP model : 0.0120 seconds
min_d : 0, max_d : 9
---------------------------------
solution for: IP model
objective: 0
x_0_2_0=1
x_1_4_0=1
x_2_3_0=1
x_3_2_1=1
x_4_1_0=1
x_5_5_0=1
x_6_5_1=1
x_7_5_2=1
x_8_4_1=1
x_9_4_2=1
d_0=4.000
d_1=5.000
d_2=4.000
d_3=2.000
d_4=3.000
d_5=6.000
d_6=5.000
d_7=4.000
d_8=5.000
d_9=4.000
d_x_0=2.000
d_x_1=4.000
d_x_2=3.000
d_x_3=1.000
d_x_4=1.000
d_x_5=5.000
d_x_6=4.000
d_x_7=2.000
d_x_8=4.000
d_x_9=3.000
d_y_0=2.000
d_y_1=1.000
d_y_2=1.000
d_y_3=1.000
d_y_4=2.000
d_y_5=1.000
d_y_6=1.000
d_y_7=2.000
d_y_8=1.000
d_y_9=1.000
normalized distance of container 0 : 0.4444444444444444
normalized distance of container 1 : 0.5555555555555556
normalized distance of container 2 : 0.4444444444444444
normalized distance of container 3 : 0.2222222222222222
normalized distance of container 4 : 0.3333333333333333
normalized distance of container 5 : 0.6666666666666666
normalized distance of container 6 : 0.5555555555555556
normalized distance of container 7 : 0.4444444444444444
normalized distance of container 8 : 0.5555555555555556
normalized distance of container 9 : 0.4444444444444444
