Number of initial container : 5
Number of new container : 5
Total number of containers : 10
Level_num : 9
Container_level : [3, 1, 3, 1, 6, 9, 1, 3, 3, 1]
ideal_configuration : 
 [[0. 0. 0. 0. 0. 0.]
 [3. 0. 0. 0. 0. 0.]
 [1. 3. 0. 0. 0. 0.]
 [1. 3. 6. 0. 0. 0.]
 [1. 1. 3. 9. 0. 0.]]
Centroid : {3: (1.0, 1.5), 1: (0.25, 0.75), 6: (2.0, 1.0), 9: (3.0, 0.0)}
Repeat number : 21
Original weight : [12.33, 6.94, 10.3, 18.71, 20.22, 10.76, 7.36, 5.57, 9.37, 10.77]
Group : [1, 0, 1, 0, 2, 3, 0, 1, 1, 0]
Sequence : [0, 0, 0, 0, 0, 1, 2, 3, 4, 5]
Scroe : [112.33, 6.94, 110.3, 18.71, 220.22, 310.76, 7.36, 105.57, 109.37, 10.77]
Time taken to solve the MIP model : 0.0110 seconds
min_d : 0, max_d : 9
---------------------------------
solution for: IP model
objective: 0
x_0_0_0=1
x_1_2_0=1
x_2_2_1=1
x_3_3_0=1
x_4_5_0=1
x_5_5_1=1
x_6_4_0=1
x_7_3_1=1
x_8_4_1=1
x_9_1_0=1
d_0=3.000
d_1=3.000
d_2=2.000
d_3=4.000
d_4=4.000
d_5=3.000
d_6=5.000
d_7=3.000
d_8=4.000
d_9=2.000
d_x_0=1.000
d_x_1=2.000
d_x_2=1.000
d_x_3=3.000
d_x_4=3.000
d_x_5=2.000
d_x_6=4.000
d_x_7=2.000
d_x_8=3.000
d_x_9=1.000
d_y_0=2.000
d_y_1=1.000
d_y_2=1.000
d_y_3=1.000
d_y_4=1.000
d_y_5=1.000
d_y_6=1.000
d_y_7=1.000
d_y_8=1.000
d_y_9=1.000
normalized distance of container 0 : 0.3333333333333333
normalized distance of container 1 : 0.3333333333333333
normalized distance of container 2 : 0.2222222222222222
normalized distance of container 3 : 0.4444444444444444
normalized distance of container 4 : 0.4444444444444444
normalized distance of container 5 : 0.3333333333333333
normalized distance of container 6 : 0.5555555555555556
normalized distance of container 7 : 0.3333333333333333
normalized distance of container 8 : 0.4444444444444444
normalized distance of container 9 : 0.2222222222222222
