Number of initial container : 5
Number of new container : 5
Total number of containers : 10
Level_num : 9
Container_level : [9, 1, 6, 6, 6, 1, 3, 1, 6, 1]
ideal_configuration : 
 [[0. 0. 0. 0. 0. 0.]
 [6. 0. 0. 0. 0. 0.]
 [1. 6. 0. 0. 0. 0.]
 [1. 3. 6. 0. 0. 0.]
 [1. 1. 6. 9. 0. 0.]]
Centroid : {9: (3.0, 0.0), 1: (0.25, 0.75), 6: (1.25, 1.5), 3: (1.0, 1.0)}
Repeat number : 19
Original weight : [22.32, 12.21, 6.63, 20.66, 21.53, 22.34, 5.26, 18.51, 16.11, 17.8]
Group : [3, 0, 2, 2, 2, 0, 1, 0, 2, 0]
Sequence : [0, 0, 0, 0, 0, 1, 2, 3, 4, 5]
Scroe : [322.32, 12.21, 206.63, 220.66, 221.53, 22.34, 105.26, 18.51, 216.11, 17.8]
Time taken to solve the MIP model : 0.0098 seconds
min_d : 0, max_d : 9
---------------------------------
solution for: IP model
objective: 2
x_0_5_0=1
x_1_4_0=1
x_2_4_1=1
x_3_1_0=1
x_4_3_0=1
x_5_2_0=1
x_6_2_1=1
x_7_0_0=1
x_8_2_2=1
x_9_0_1=1
r_0_0=1
r_0_1=1
d_0=2.000
d_1=5.000
d_2=4.000
d_3=3.000
d_4=4.000
d_5=3.000
d_6=1.000
d_7=2.000
d_8=2.000
d_9=2.000
d_x_0=2.000
d_x_1=4.000
d_x_2=3.000
d_x_3=1.000
d_x_4=2.000
d_x_5=2.000
d_x_6=1.000
d_x_7=1.000
d_x_8=1.000
d_x_9=1.000
d_y_1=1.000
d_y_2=1.000
d_y_3=2.000
d_y_4=2.000
d_y_5=1.000
d_y_7=1.000
d_y_8=1.000
d_y_9=1.000
normalized distance of container 0 : 0.2222222222222222
normalized distance of container 1 : 0.5555555555555556
normalized distance of container 2 : 0.4444444444444444
normalized distance of container 3 : 0.3333333333333333
normalized distance of container 4 : 0.4444444444444444
normalized distance of container 5 : 0.3333333333333333
normalized distance of container 6 : 0.1111111111111111
normalized distance of container 7 : 0.2222222222222222
normalized distance of container 8 : 0.2222222222222222
normalized distance of container 9 : 0.2222222222222222
