Number of initial container : 5
Number of new container : 5
Total number of containers : 10
Level_num : 9
Container_level : [4, 8, 1, 9, 1, 1, 8, 8, 4, 4]
ideal_configuration : 
 [[0. 0. 0. 0. 0. 0.]
 [8. 0. 0. 0. 0. 0.]
 [4. 8. 0. 0. 0. 0.]
 [1. 4. 8. 0. 0. 0.]
 [1. 1. 4. 9. 0. 0.]]
Centroid : {4: (1.0, 1.0), 8: (1.0, 2.0), 1: (0.3333333333333333, 0.3333333333333333), 9: (3.0, 0.0)}
Repeat number : 22
Original weight : [9.33, 18.66, 7.93, 22.75, 7.89, 11.13, 14.29, 19.61, 7.46, 5.17]
Group : [1, 2, 0, 2, 0, 0, 2, 2, 1, 1]
Sequence : [0, 0, 0, 0, 0, 1, 2, 3, 4, 5]
Scroe : [109.33, 218.66, 7.93, 222.75, 7.89, 11.13, 214.29, 219.61, 107.46, 105.17]
Time taken to solve the MIP model : 0.0090 seconds
min_d : 0, max_d : 9
---------------------------------
solution for: IP model
objective: 0
x_0_3_0=1
x_1_0_0=1
x_2_2_0=1
x_3_5_0=1
x_4_4_0=1
x_5_4_1=1
x_6_3_1=1
x_7_3_2=1
x_8_2_1=1
x_9_4_2=1
d_0=3.000
d_1=3.000
d_2=3.000
d_3=2.000
d_4=5.000
d_5=5.000
d_6=3.000
d_7=2.000
d_8=1.000
d_9=4.000
d_x_0=2.000
d_x_1=1.000
d_x_2=2.000
d_x_3=2.000
d_x_4=4.000
d_x_5=4.000
d_x_6=2.000
d_x_7=2.000
d_x_8=1.000
d_x_9=3.000
d_y_0=1.000
d_y_1=2.000
d_y_2=1.000
d_y_4=1.000
d_y_5=1.000
d_y_6=1.000
d_y_9=1.000
normalized distance of container 0 : 0.3333333333333333
normalized distance of container 1 : 0.3333333333333333
normalized distance of container 2 : 0.3333333333333333
normalized distance of container 3 : 0.2222222222222222
normalized distance of container 4 : 0.5555555555555556
normalized distance of container 5 : 0.5555555555555556
normalized distance of container 6 : 0.3333333333333333
normalized distance of container 7 : 0.2222222222222222
normalized distance of container 8 : 0.1111111111111111
normalized distance of container 9 : 0.4444444444444444
