Number of initial container : 7
Number of new container : 13
Total number of containers : 20
Level_num : 9
Container_level : [1, 3, 7, 4, 7, 6, 5, 3, 1, 1, 7, 1, 9, 1, 5, 3, 3, 8, 7, 5]
ideal_configuration : 
 [[5. 7. 0. 0. 0. 0.]
 [3. 5. 7. 0. 0. 0.]
 [1. 3. 5. 7. 0. 0.]
 [1. 1. 3. 6. 8. 0.]
 [1. 1. 3. 4. 7. 9.]]
Centroid : {1: (0.4, 0.8), 3: (1.25, 1.5), 7: (2.5, 2.25), 4: (3.0, 0.0), 6: (3.0, 1.0), 5: (1.0, 3.0), 9: (5.0, 0.0), 8: (4.0, 1.0)}
Repeat number : 7
Original weight : [7.69, 11.27, 20.07, 14.81, 20.92, 18.37, 15.38, 12.35, 8.53, 7.44, 19.99, 7.67, 23.56, 6.71, 16.81, 11.07, 11.41, 23.48, 20.02, 15.79]
Sequence : [0, 0, 0, 0, 0, 0, 0, 1, 2, 3, 4, 5, 6, 7, 8, 9, 10, 11, 12, 13]
Emergency : [0, 0, 0, 0, 0, 0, 0, 0, 0, 0, 0, 0, 0, 0, 0, 0, 0, 0, 0, 0]
Time taken to solve the MIP model : 0.0234 seconds
min_d : 0, max_d : 9
---------------------------------
solution for: IP model
objective: 3.75556
status: OPTIMAL_SOLUTION(2)
x_0_4_0=1
x_1_2_0=1
x_2_3_0=1
x_3_4_1=1
x_4_0_0=1
x_5_2_1=1
x_6_4_2=1
x_7_3_1=1
x_8_1_0=1
x_9_0_1=1
x_10_3_2=1
x_11_1_1=1
x_12_5_0=1
x_13_0_2=1
x_14_0_3=1
x_15_2_2=1
x_16_1_2=1
x_17_5_1=1
x_18_2_3=1
x_19_1_3=1
r_0_0=1
r_0_1=1
r_0_2=1
r_0_3=1
r_1_0=1
r_1_1=1
r_1_2=1
r_1_3=1
r_2_0=1
r_2_1=1
r_2_2=1
r_2_3=1
r_3_0=1
r_3_1=1
r_3_2=1
r_4_2=1
r_5_0=1
r_5_1=1
d_0=4.400
d_1=2.250
d_2=2.750
d_3=2.000
d_4=4.750
d_5=1.000
d_6=4.000
d_7=2.250
d_8=1.400
d_9=0.600
d_10=0.750
d_11=0.800
d_13=1.600
d_14=1.000
d_15=1.250
d_16=0.750
d_17=1.000
d_18=1.250
d_x_0=3.600
d_x_1=0.750
d_x_2=0.500
d_x_3=1.000
d_x_4=2.500
d_x_5=1.000
d_x_6=3.000
d_x_7=1.750
d_x_8=0.600
d_x_9=0.400
d_x_10=0.500
d_x_11=0.600
d_x_13=0.400
d_x_14=1.000
d_x_15=0.750
d_x_16=0.250
d_x_17=1.000
d_x_18=0.500
d_y_0=0.800
d_y_1=1.500
d_y_2=2.250
d_y_3=1.000
d_y_4=2.250
d_y_6=1.000
d_y_7=0.500
d_y_8=0.800
d_y_9=0.200
d_y_10=0.250
d_y_11=0.200
d_y_13=1.200
d_y_15=0.500
d_y_16=0.500
d_y_18=0.750
normalized distance of container 0 : 0.48888888888888893
normalized distance of container 1 : 0.25
normalized distance of container 2 : 0.3055555555555556
normalized distance of container 3 : 0.2222222222222222
normalized distance of container 4 : 0.5277777777777778
normalized distance of container 5 : 0.1111111111111111
normalized distance of container 6 : 0.4444444444444444
normalized distance of container 7 : 0.2499999999999998
normalized distance of container 8 : 0.15555555555555453
normalized distance of container 9 : 0.0666666666666662
normalized distance of container 10 : 0.08333333333333294
normalized distance of container 11 : 0.08888888888888699
normalized distance of container 12 : 0.0
normalized distance of container 13 : 0.17777777777777728
normalized distance of container 14 : 0.1111111111111111
normalized distance of container 15 : 0.1388888888888873
normalized distance of container 16 : 0.08333333333333254
normalized distance of container 17 : 0.1111111111111111
normalized distance of container 18 : 0.1388888888888881
normalized distance of container 19 : 0.0
