Number of initial container : 7
Number of new container : 13
Total number of containers : 20
Level_num : 9
Container_level : [1, 8, 4, 1, 6, 3, 2, 3, 8, 2, 8, 3, 6, 9, 4, 3, 7, 6, 1, 5]
ideal_configuration : 
 [[4. 7. 0. 0. 0. 0.]
 [3. 5. 8. 0. 0. 0.]
 [2. 3. 6. 8. 0. 0.]
 [1. 2. 3. 6. 8. 0.]
 [1. 1. 3. 4. 6. 9.]]
Centroid : {1: (0.3333333333333333, 0.3333333333333333), 8: (3.0, 2.0), 4: (1.5, 2.0), 6: (3.0, 1.0), 3: (1.25, 1.5), 2: (0.5, 1.5), 9: (5.0, 0.0), 7: (1.0, 4.0), 5: (1.0, 3.0)}
Repeat number : 18
Original weight : [6.88, 22.92, 14.68, 7.8, 17.88, 11.24, 10.42, 10.65, 22.71, 10.62, 21.61, 11.55, 17.35, 23.46, 14.63, 12.2, 20.06, 17.6, 6.35, 15.0]
Sequence : [0, 0, 0, 0, 0, 0, 0, 1, 2, 3, 4, 5, 6, 7, 8, 9, 10, 11, 12, 13]
Emergency : [0, 0, 0, 0, 0, 0, 0, 0, 0, 0, 0, 0, 0, 0, 0, 0, 0, 0, 0, 0]
Time taken to solve the MIP model : 0.0355 seconds
min_d : 0, max_d : 9
---------------------------------
solution for: IP model
objective: 3.92593
status: OPTIMAL_SOLUTION(2)
x_0_3_0=1
x_1_4_0=1
x_2_3_1=1
x_3_4_1=1
x_4_1_0=1
x_5_0_0=1
x_6_3_2=1
x_7_1_1=1
x_8_4_2=1
x_9_1_2=1
x_10_3_3=1
x_11_2_0=1
x_12_2_1=1
x_13_5_0=1
x_14_2_2=1
x_15_2_3=1
x_16_2_4=1
x_17_5_1=1
x_18_0_1=1
x_19_1_3=1
r_0_0=1
r_0_1=1
r_1_0=1
r_1_1=1
r_1_2=1
r_1_3=1
r_2_1=1
r_2_2=1
r_2_3=1
r_2_4=1
r_3_0=1
r_3_1=1
r_3_2=1
r_3_3=1
r_4_0=1
r_4_1=1
r_4_2=1
r_5_0=1
r_5_1=1
d_0=3.000
d_1=3.000
d_2=2.500
d_3=4.333
d_4=3.000
d_5=2.750
d_6=3.000
d_7=0.750
d_8=1.000
d_9=1.000
d_10=1.000
d_11=2.250
d_12=1.000
d_14=0.500
d_15=2.250
d_16=1.000
d_17=2.000
d_18=1.000
d_x_0=2.667
d_x_1=1.000
d_x_2=1.500
d_x_3=3.667
d_x_4=2.000
d_x_5=1.250
d_x_6=2.500
d_x_7=0.250
d_x_8=1.000
d_x_9=0.500
d_x_11=0.750
d_x_12=1.000
d_x_14=0.500
d_x_15=0.750
d_x_16=1.000
d_x_17=2.000
d_x_18=0.333
d_y_0=0.333
d_y_1=2.000
d_y_2=1.000
d_y_3=0.667
d_y_4=1.000
d_y_5=1.500
d_y_6=0.500
d_y_7=0.500
d_y_9=0.500
d_y_10=1.000
d_y_11=1.500
d_y_15=1.500
d_y_18=0.667
normalized distance of container 0 : 0.3333333333333333
normalized distance of container 1 : 0.3333333333333333
normalized distance of container 2 : 0.2777777777777778
normalized distance of container 3 : 0.48148148148148145
normalized distance of container 4 : 0.3333333333333333
normalized distance of container 5 : 0.3055555555555556
normalized distance of container 6 : 0.3333333333333333
normalized distance of container 7 : 0.08333333333333333
normalized distance of container 8 : 0.1111111111111111
normalized distance of container 9 : 0.11111111111111072
normalized distance of container 10 : 0.1111111111111111
normalized distance of container 11 : 0.24999999999999922
normalized distance of container 12 : 0.1111111111111111
normalized distance of container 13 : 0.0
normalized distance of container 14 : 0.05555555555555477
normalized distance of container 15 : 0.24999999999999922
normalized distance of container 16 : 0.1111111111111111
normalized distance of container 17 : 0.2222222222222222
normalized distance of container 18 : 0.11111111111110926
normalized distance of container 19 : 0.0
