Number of initial container : 0
Number of new container : 20
Total number of containers : 20
Level_num : 9
Container_level : [4, 5, 1, 7, 8, 5, 4, 8, 3, 3, 7, 9, 8, 7, 3, 1, 8, 3, 7, 5]
ideal_configuration : 
 [[5. 8. 0. 0. 0. 0.]
 [4. 7. 8. 0. 0. 0.]
 [3. 4. 7. 8. 0. 0.]
 [1. 3. 5. 7. 8. 0.]
 [1. 3. 3. 5. 7. 9.]]
Centroid : {4: (1.5, 2.5), 5: (2.6666666666666665, 1.6666666666666667), 1: (1.0, 0.5), 7: (3.5, 1.5), 8: (3.5, 2.5), 3: (2.0, 0.75), 9: (6.0, 0.0)}
Repeat number : 28
Original weight : [14.01, 16.6, 8.16, 20.06, 23.06, 16.31, 14.27, 23.05, 12.37, 12.84, 20.8, 23.24, 21.7, 20.87, 12.37, 9.44, 22.25, 12.43, 20.56, 16.22]
Sequence : [1, 2, 3, 4, 5, 6, 7, 8, 9, 10, 11, 12, 13, 14, 15, 16, 17, 18, 19, 20]
Emergency : [0, 0, 0, 0, 0, 0, 0, 0, 0, 0, 0, 0, 0, 0, 0, 0, 0, 0, 0, 0]
Time taken to solve the MIP model : 5.4730 seconds
min_d : 0, max_d : 9
---------------------------------
solution for: IP model
objective: 2.22222
x_1_3_0=1
x_2_3_1=1
x_3_1_0=1
x_4_3_2=1
x_5_3_3=1
x_6_5_0=1
x_7_6_0=1
x_8_6_1=1
x_9_2_0=1
x_10_4_0=1
x_11_4_1=1
x_12_6_2=1
x_13_4_2=1
x_14_5_1=1
x_15_2_1=1
x_16_1_1=1
x_17_4_3=1
x_18_2_2=1
x_19_1_2=1
x_20_2_3=1
d_1=4.000
d_2=1.000
d_3=0.500
d_4=1.000
d_5=1.000
d_6=4.000
d_7=7.000
d_8=4.000
d_9=0.750
d_10=2.750
d_11=1.000
d_12=2.000
d_13=1.000
d_14=2.000
d_15=0.250
d_16=0.500
d_17=1.000
d_18=1.250
d_19=3.000
d_20=2.000
d_x_1=1.500
d_x_2=0.333
d_x_4=0.500
d_x_5=0.500
d_x_6=2.333
d_x_7=4.500
d_x_8=2.500
d_x_10=2.000
d_x_11=0.500
d_x_13=0.500
d_x_14=1.500
d_x_17=0.500
d_x_19=2.500
d_x_20=0.667
d_y_1=2.500
d_y_2=0.667
d_y_3=0.500
d_y_4=0.500
d_y_5=0.500
d_y_6=1.667
d_y_7=2.500
d_y_8=1.500
d_y_9=0.750
d_y_10=0.750
d_y_11=0.500
d_y_12=2.000
d_y_13=0.500
d_y_14=0.500
d_y_15=0.250
d_y_16=0.500
d_y_17=0.500
d_y_18=1.250
d_y_19=0.500
d_y_20=1.333
normalized distance of container 1 : 0.4444444444444444
normalized distance of container 2 : 0.11111111111111079
normalized distance of container 3 : 0.055555555555555164
normalized distance of container 4 : 0.11111111111111033
normalized distance of container 5 : 0.11111111111111072
normalized distance of container 6 : 0.44444444444444414
normalized distance of container 7 : 0.7777777777777778
normalized distance of container 8 : 0.4444444444444444
normalized distance of container 9 : 0.08333333333333333
normalized distance of container 10 : 0.30555555555555536
normalized distance of container 11 : 0.11111111111111072
normalized distance of container 12 : 0.2222222222222222
normalized distance of container 13 : 0.11111111111111033
normalized distance of container 14 : 0.22222222222222143
normalized distance of container 15 : 0.02777777777777779
normalized distance of container 16 : 0.05555555555555555
normalized distance of container 17 : 0.11111111111111072
normalized distance of container 18 : 0.1388888888888889
normalized distance of container 19 : 0.3333333333333333
normalized distance of container 20 : 0.2222222222222222
