Number of initial container : 0
Number of new container : 20
Total number of containers : 20
Level_num : 9
Container_level : [1, 3, 5, 7, 2, 1, 4, 1, 3, 4, 7, 4, 8, 1, 7, 8, 5, 3, 5, 9]
ideal_configuration : 
 [[4. 7. 0. 0. 0. 0.]
 [3. 5. 7. 0. 0. 0.]
 [1. 3. 5. 8. 0. 0.]
 [1. 2. 4. 5. 8. 0.]
 [1. 1. 3. 4. 7. 9.]]
Centroid : {1: (1.25, 0.75), 3: (2.0, 1.6666666666666667), 5: (3.0, 2.0), 7: (3.3333333333333335, 2.3333333333333335), 2: (2.0, 1.0), 4: (2.6666666666666665, 1.6666666666666667), 8: (4.5, 1.5), 9: (6.0, 0.0)}
Repeat number : 22
Original weight : [7.17, 10.51, 16.79, 19.38, 9.2, 5.39, 13.66, 7.08, 11.88, 14.02, 20.07, 12.38, 22.35, 7.66, 20.38, 23.39, 15.29, 11.89, 15.39, 23.89]
Sequence : [1, 2, 3, 4, 5, 6, 7, 8, 9, 10, 11, 12, 13, 14, 15, 16, 17, 18, 19, 20]
Emergency : [0, 0, 0, 0, 0, 0, 0, 0, 0, 0, 0, 0, 0, 0, 0, 0, 0, 0, 0, 0]
Time taken to solve the MIP model : 0.3723 seconds
min_d : 0, max_d : 9
---------------------------------
solution for: IP model
objective: 1.47222
x_1_2_0=1
x_2_4_0=1
x_3_4_1=1
x_4_4_2=1
x_5_2_1=1
x_6_1_0=1
x_7_3_0=1
x_8_1_1=1
x_9_2_2=1
x_10_3_1=1
x_11_4_3=1
x_12_5_0=1
x_13_5_1=1
x_14_1_2=1
x_15_4_4=1
x_16_5_2=1
x_17_3_2=1
x_18_2_3=1
x_19_3_3=1
x_20_6_0=1
d_1=1.500
d_2=3.667
d_3=2.000
d_4=1.000
d_6=1.000
d_7=2.000
d_8=0.500
d_9=0.333
d_10=1.000
d_11=1.333
d_12=4.000
d_13=1.000
d_14=1.500
d_15=2.333
d_16=1.000
d_18=1.333
d_19=1.000
d_x_1=0.750
d_x_2=2.000
d_x_3=1.000
d_x_4=0.667
d_x_6=0.250
d_x_7=0.333
d_x_8=0.250
d_x_10=0.333
d_x_11=0.667
d_x_12=2.333
d_x_13=0.500
d_x_14=0.250
d_x_15=0.667
d_x_16=0.500
d_y_1=0.750
d_y_2=1.667
d_y_3=1.000
d_y_4=0.333
d_y_6=0.750
d_y_7=1.667
d_y_8=0.250
d_y_9=0.333
d_y_10=0.667
d_y_11=0.667
d_y_12=1.667
d_y_13=0.500
d_y_14=1.250
d_y_15=1.667
d_y_16=0.500
d_y_18=1.333
d_y_19=1.000
normalized distance of container 1 : 0.16666666666666666
normalized distance of container 2 : 0.4074074074074074
normalized distance of container 3 : 0.2222222222222222
normalized distance of container 4 : 0.1111111111111111
normalized distance of container 5 : 0.0
normalized distance of container 6 : 0.11111111111111072
normalized distance of container 7 : 0.2222222222222217
normalized distance of container 8 : 0.055555555555553186
normalized distance of container 9 : 0.03703703703703651
normalized distance of container 10 : 0.11111111111111113
normalized distance of container 11 : 0.14814814814814767
normalized distance of container 12 : 0.4444444444444444
normalized distance of container 13 : 0.11111111111111033
normalized distance of container 14 : 0.16666666666666508
normalized distance of container 15 : 0.25925925925925924
normalized distance of container 16 : 0.1111111111111103
normalized distance of container 17 : 0.0
normalized distance of container 18 : 0.14814814814814764
normalized distance of container 19 : 0.1111111111111111
normalized distance of container 20 : 0.0
