Number of initial container : 0
Number of new container : 20
Total number of containers : 20
Level_num : 9
Container_level : [3, 6, 2, 9, 1, 7, 2, 5, 1, 5, 7, 3, 5, 4, 2, 8, 6, 3, 4, 4]
ideal_configuration : 
 [[4. 6. 0. 0. 0. 0.]
 [3. 5. 7. 0. 0. 0.]
 [2. 3. 5. 7. 0. 0.]
 [1. 2. 4. 5. 8. 0.]
 [1. 2. 3. 4. 6. 9.]]
Centroid : {3: (1.0, 1.6666666666666667), 6: (2.5, 2.0), 2: (0.6666666666666666, 1.0), 9: (5.0, 0.0), 1: (0.0, 0.5), 7: (2.5, 2.5), 5: (2.0, 2.0), 4: (1.6666666666666667, 1.6666666666666667), 8: (4.0, 1.0)}
Repeat number : 26
Original weight : [10.45, 16.75, 8.29, 23.26, 5.11, 19.5, 9.55, 15.36, 6.04, 14.79, 20.59, 10.2, 14.77, 13.46, 9.13, 21.03, 18.7, 9.69, 12.67, 12.03]
Sequence : [1, 2, 3, 4, 5, 6, 7, 8, 9, 10, 11, 12, 13, 14, 15, 16, 17, 18, 19, 20]
Emergency : [0, 0, 0, 0, 0, 0, 0, 0, 0, 0, 0, 0, 0, 0, 0, 0, 0, 0, 0, 0]
Time taken to solve the MIP model : 910.0864 seconds
min_d : 0, max_d : 9
---------------------------------
solution for: IP model
objective: 2.83333
status: OPTIMAL_SOLUTION(2)
x_0_0_0=0
x_0_2_0=0
x_0_3_0=1
x_0_4_0=0
x_1_1_1=-0
x_1_2_1=0
x_1_3_0=0
x_1_3_1=1
x_1_4_0=-0
x_1_4_1=0
x_2_1_0=1
x_2_2_0=0
x_3_5_0=1
x_4_0_0=0
x_4_2_0=1
x_5_3_0=-0
x_5_3_1=0
x_5_3_2=1
x_5_4_0=0
x_5_4_2=0
x_5_4_3=0
x_6_0_1=-0
x_6_1_0=0
x_6_1_1=-0
x_6_2_0=0
x_6_2_1=1
x_7_0_1=0
x_7_0_2=0
x_7_1_2=0
x_7_2_0=-0
x_7_2_2=-0
x_7_3_0=0
x_7_3_1=-0
x_7_3_2=0
x_7_4_0=1
x_7_4_1=-0
x_7_4_2=-0
x_8_0_0=1
x_8_0_1=0
x_8_1_0=0
x_8_1_2=-0
x_9_0_1=1
x_9_1_2=0
x_9_3_1=0
x_9_3_2=-0
x_9_4_0=0
x_9_4_1=0
x_10_3_1=-0
x_10_3_2=0
x_10_3_3=1
x_10_4_3=0
x_11_1_1=0
x_11_1_2=0
x_11_2_1=-0
x_11_2_2=1
x_11_3_1=-0
x_12_0_2=1
x_12_0_3=0
x_12_1_2=0
x_12_2_2=0
x_12_3_1=0
x_12_4_1=0
x_12_4_3=-0
x_13_0_1=0
x_13_1_2=-0
x_13_2_3=1
x_13_3_1=-0
x_13_3_2=-0
x_13_4_0=-0
x_13_4_1=-0
x_14_0_2=-0
x_14_1_0=0
x_14_1_1=1
x_14_1_2=0
x_14_3_1=-0
x_15_2_1=-0
x_15_3_0=-0
x_15_3_2=0
x_15_4_0=0
x_15_4_1=1
x_15_4_2=0
x_16_2_4=1
x_16_3_0=0
x_16_4_1=-0
x_16_4_2=0
x_17_0_2=0
x_17_1_2=1
x_17_2_1=0
x_17_3_1=-0
x_18_1_3=1
x_19_1_4=1
r_1_2=0
r_1_3=1
r_1_4=1
d_0=3.667
d_1=1.500
d_2=1.333
d_4=2.500
d_5=1.000
d_6=1.333
d_7=4.000
d_8=0.500
d_9=3.000
d_10=1.000
d_11=1.333
d_12=2.000
d_13=1.667
d_14=0.333
d_15=-0.000
d_16=2.500
d_17=0.333
d_18=2.000
d_19=3.000
d_x_0=2.000
d_x_1=0.500
d_x_2=0.333
d_x_4=2.000
d_x_5=0.500
d_x_6=1.333
d_x_7=2.000
d_x_8=0.000
d_x_9=2.000
d_x_10=0.500
d_x_11=1.000
d_x_12=2.000
d_x_13=0.333
d_x_14=0.333
d_x_15=-0.000
d_x_16=0.500
d_x_17=-0.000
d_x_18=0.667
d_x_19=0.667
d_y_0=1.667
d_y_1=1.000
d_y_2=1.000
d_y_4=0.500
d_y_5=0.500
d_y_6=0.000
d_y_7=2.000
d_y_8=0.500
d_y_9=1.000
d_y_10=0.500
d_y_11=0.333
d_y_12=0.000
d_y_13=1.333
d_y_14=0.000
d_y_15=0.000
d_y_16=2.000
d_y_17=0.333
d_y_18=1.333
d_y_19=2.333
normalized distance of container 0 : 0.4074073925968312
normalized distance of container 1 : 0.16666671727069093
normalized distance of container 2 : 0.1481485004583316
normalized distance of container 3 : 0.0
normalized distance of container 4 : 0.2777770559982787
normalized distance of container 5 : 0.11111126626253581
normalized distance of container 6 : 0.14814820603024575
normalized distance of container 7 : 0.44444391967447283
normalized distance of container 8 : 0.055555816778495665
normalized distance of container 9 : 0.33333377634178185
normalized distance of container 10 : 0.11111110810936327
normalized distance of container 11 : 0.1481480172528939
normalized distance of container 12 : 0.2222224836506609
normalized distance of container 13 : 0.1851851430408512
normalized distance of container 14 : 0.03703701563582685
normalized distance of container 15 : -4.0644682627969517e-08
normalized distance of container 16 : 0.2777777542555297
normalized distance of container 17 : 0.03703704231149992
normalized distance of container 18 : 0.22222222222222174
normalized distance of container 19 : 0.3333333333333328
