Number of initial container : 10
Number of new container : 5
Total number of containers : 15
Level_num : 9
Container_level : [4, 1, 5, 2, 6, 4, 5, 6, 4, 2, 2, 4, 8, 9, 2]
ideal_configuration : 
 [[5. 0. 0. 0. 0. 0.]
 [4. 6. 0. 0. 0. 0.]
 [2. 4. 6. 0. 0. 0.]
 [2. 2. 4. 8. 0. 0.]
 [1. 2. 4. 5. 9. 0.]]
Centroid : {4: (1.25, 1.5), 1: (0.0, 0.0), 5: (1.5, 2.0), 2: (0.5, 1.0), 6: (1.5, 2.5), 8: (3.0, 1.0), 9: (4.0, 0.0)}
Repeat number : 12
Original weight : [13.71, 7.62, 16.21, 10.45, 17.36, 13.6, 15.39, 17.64, 15.15, 10.06, 9.7, 14.37, 21.6, 22.9, 10.87]
Sequence : [0, 0, 0, 0, 0, 0, 0, 0, 0, 0, 1, 2, 3, 4, 5]
Emergency : [0, 0, 0, 0, 0, 0, 0, 0, 0, 0, 0, 0, 0, 0, 0]
Time taken to solve the MIP model : 0.0067 seconds
min_d : 0, max_d : 9
---------------------------------
solution for: IP model
objective: 9
status: OPTIMAL_SOLUTION(2)
x_0_4_0=1
x_1_4_1=1
x_2_3_0=1
x_3_1_0=1
x_4_0_0=1
x_5_0_1=1
x_6_1_1=1
x_7_2_0=1
x_8_3_1=1
x_9_2_1=1
x_10_5_0=1
x_11_5_1=1
x_12_1_2=1
x_13_1_3=1
x_14_0_2=1
r_0_0=1
r_0_1=1
r_0_2=1
r_2_0=1
r_2_1=1
r_3_0=1
r_3_1=1
r_4_0=1
r_4_1=1
d_0=4.250
d_1=5.000
d_2=3.500
d_3=1.500
d_4=4.000
d_5=1.750
d_6=1.500
d_7=3.000
d_8=2.250
d_9=1.500
d_10=6.000
d_11=5.000
d_12=3.000
d_13=6.000
d_14=2.000
d_x_0=2.750
d_x_1=4.000
d_x_2=1.500
d_x_3=0.500
d_x_4=1.500
d_x_5=1.250
d_x_6=0.500
d_x_7=0.500
d_x_8=1.750
d_x_9=1.500
d_x_10=5.000
d_x_11=4.000
d_x_12=2.000
d_x_13=3.000
d_x_14=1.000
d_y_0=1.500
d_y_1=1.000
d_y_2=2.000
d_y_3=1.000
d_y_4=2.500
d_y_5=0.500
d_y_6=1.000
d_y_7=2.500
d_y_8=0.500
d_y_10=1.000
d_y_11=1.000
d_y_12=1.000
d_y_13=3.000
d_y_14=1.000
normalized distance of container 0 : 0.4722222222222222
normalized distance of container 1 : 0.5555555555555556
normalized distance of container 2 : 0.3888888888888889
normalized distance of container 3 : 0.16666666666666666
normalized distance of container 4 : 0.4444444444444444
normalized distance of container 5 : 0.19444444444444445
normalized distance of container 6 : 0.16666666666666666
normalized distance of container 7 : 0.3333333333333333
normalized distance of container 8 : 0.25
normalized distance of container 9 : 0.16666666666666666
normalized distance of container 10 : 0.6666666666666666
normalized distance of container 11 : 0.5555555555555556
normalized distance of container 12 : 0.3333333333333333
normalized distance of container 13 : 0.6666666666666666
normalized distance of container 14 : 0.2222222222222222
