Number of initial container : 10
Number of new container : 5
Total number of containers : 15
Level_num : 9
Container_level : [6, 5, 2, 8, 2, 1, 1, 1, 8, 7, 2, 3, 9, 1, 4]
ideal_configuration : 
 [[6. 0. 0. 0. 0. 0.]
 [2. 7. 0. 0. 0. 0.]
 [1. 3. 8. 0. 0. 0.]
 [1. 2. 4. 8. 0. 0.]
 [1. 1. 2. 5. 9. 0.]]
Centroid : {6: (0.0, 4.0), 5: (3.0, 0.0), 2: (1.0, 1.3333333333333333), 8: (2.5, 1.5), 1: (0.25, 0.75), 7: (1.0, 3.0), 3: (1.0, 2.0), 9: (4.0, 0.0), 4: (2.0, 1.0)}
Repeat number : 26
Original weight : [18.47, 16.23, 9.84, 22.29, 8.75, 7.25, 6.23, 5.88, 20.65, 19.24, 9.01, 10.76, 22.75, 6.86, 13.76]
Group : [0, 0, 0, 0, 0, 0, 0, 0, 0, 0, 0, 0, 0, 0, 0]
Sequence : [0, 0, 0, 0, 0, 0, 0, 0, 0, 0, 1, 2, 3, 4, 5]
Scroe : [18.47, 16.23, 9.84, 22.29, 8.75, 7.25, 6.23, 5.88, 20.65, 19.24, 9.01, 10.76, 22.75, 6.86, 13.76]
Time taken to solve the MIP model : 0.0136 seconds
min_d : 0, max_d : 9
---------------------------------
solution for: IP model
objective: 3
x_0_2_0=1
x_1_0_0=1
x_2_5_0=1
x_3_2_1=1
x_4_1_0=1
x_5_3_0=1
x_6_3_1=1
x_7_4_0=1
x_8_0_1=1
x_9_4_1=1
x_10_1_1=1
x_11_1_2=1
x_12_4_2=1
x_13_3_2=1
x_14_5_1=1
r_3_0=1
r_3_1=1
r_3_2=1
d_0=6.000
d_1=3.000
d_2=5.333
d_3=1.000
d_4=1.333
d_5=3.500
d_6=3.000
d_7=4.500
d_8=3.000
d_9=5.000
d_10=1.000
d_12=2.000
d_13=5.000
d_14=3.000
d_x_0=2.000
d_x_1=3.000
d_x_2=4.000
d_x_3=0.500
d_x_5=2.750
d_x_6=2.750
d_x_7=3.750
d_x_8=2.500
d_x_9=3.000
d_x_13=3.000
d_x_14=3.000
d_y_0=4.000
d_y_2=1.333
d_y_3=0.500
d_y_4=1.333
d_y_5=0.750
d_y_6=0.250
d_y_7=0.750
d_y_8=0.500
d_y_9=2.000
d_y_10=1.000
d_y_12=2.000
d_y_13=2.000
normalized distance of container 0 : 0.6666666666666666
normalized distance of container 1 : 0.3333333333333333
normalized distance of container 2 : 0.5925925925925926
normalized distance of container 3 : 0.1111111111111111
normalized distance of container 4 : 0.14814814814814814
normalized distance of container 5 : 0.3888888888888889
normalized distance of container 6 : 0.3333333333333333
normalized distance of container 7 : 0.5
normalized distance of container 8 : 0.3333333333333333
normalized distance of container 9 : 0.5555555555555556
normalized distance of container 10 : 0.1111111111111111
normalized distance of container 11 : 0.0
normalized distance of container 12 : 0.2222222222222222
normalized distance of container 13 : 0.5555555555555556
normalized distance of container 14 : 0.3333333333333333
