Number of initial container : 10
Number of new container : 5
Total number of containers : 15
Level_num : 9
Container_level : [8, 3, 7, 6, 6, 8, 8, 3, 3, 3, 6, 1, 6, 8, 9]
ideal_configuration : 
 [[8. 0. 0. 0. 0. 0.]
 [6. 8. 0. 0. 0. 0.]
 [3. 6. 8. 0. 0. 0.]
 [3. 3. 6. 8. 0. 0.]
 [1. 3. 6. 7. 9. 0.]]
Centroid : {8: (1.5, 2.5), 3: (0.5, 1.0), 7: (3.0, 0.0), 6: (1.25, 1.5), 1: (0.0, 0.0), 9: (4.0, 0.0)}
Repeat number : 29
Original weight : [19.66, 12.32, 17.89, 16.26, 16.47, 19.29, 19.27, 12.53, 12.46, 11.7, 15.83, 8.2, 16.71, 19.67, 19.86]
Group : [0, 0, 0, 0, 0, 0, 0, 0, 0, 0, 0, 0, 0, 0, 0]
Sequence : [0, 0, 0, 0, 0, 0, 0, 0, 0, 0, 1, 2, 3, 4, 5]
Scroe : [19.66, 12.32, 17.89, 16.26, 16.47, 19.29, 19.27, 12.53, 12.46, 11.7, 15.83, 8.2, 16.71, 19.67, 19.86]
Time taken to solve the MIP model : 0.0142 seconds
min_d : 0, max_d : 9
---------------------------------
solution for: IP model
objective: 9
x_0_0_0=1
x_1_1_0=1
x_2_3_0=1
x_3_5_0=1
x_4_1_1=1
x_5_2_0=1
x_6_4_0=1
x_7_3_1=1
x_8_2_1=1
x_9_1_2=1
x_10_2_2=1
x_11_1_3=1
x_12_5_1=1
x_13_0_1=1
x_14_0_2=1
r_1_0=1
r_1_1=1
r_1_2=1
r_1_3=1
r_2_0=1
r_2_1=1
r_2_2=1
r_3_0=1
r_3_1=1
d_0=4.000
d_1=1.500
d_3=5.250
d_4=0.750
d_5=3.000
d_6=5.000
d_7=2.500
d_8=1.500
d_9=1.500
d_10=2.000
d_11=4.000
d_12=5.000
d_13=4.000
d_14=6.000
d_x_0=1.500
d_x_1=0.500
d_x_3=3.750
d_x_4=0.250
d_x_5=0.500
d_x_6=2.500
d_x_7=2.500
d_x_8=1.500
d_x_9=0.500
d_x_10=1.000
d_x_11=1.000
d_x_12=4.000
d_x_13=2.000
d_x_14=4.000
d_y_0=2.500
d_y_1=1.000
d_y_3=1.500
d_y_4=0.500
d_y_5=2.500
d_y_6=2.500
d_y_9=1.000
d_y_10=1.000
d_y_11=3.000
d_y_12=1.000
d_y_13=2.000
d_y_14=2.000
normalized distance of container 0 : 0.4444444444444444
normalized distance of container 1 : 0.16666666666666666
normalized distance of container 2 : 0.0
normalized distance of container 3 : 0.5833333333333334
normalized distance of container 4 : 0.08333333333333333
normalized distance of container 5 : 0.3333333333333333
normalized distance of container 6 : 0.5555555555555556
normalized distance of container 7 : 0.2777777777777778
normalized distance of container 8 : 0.16666666666666666
normalized distance of container 9 : 0.16666666666666666
normalized distance of container 10 : 0.2222222222222222
normalized distance of container 11 : 0.4444444444444444
normalized distance of container 12 : 0.5555555555555556
normalized distance of container 13 : 0.4444444444444444
normalized distance of container 14 : 0.6666666666666666
