Number of initial container : 10
Number of new container : 5
Total number of containers : 15
Level_num : 9
Container_level : [9, 7, 1, 1, 5, 1, 1, 6, 1, 7, 4, 4, 5, 3, 8]
ideal_configuration : 
 [[6. 0. 0. 0. 0. 0.]
 [4. 7. 0. 0. 0. 0.]
 [1. 4. 7. 0. 0. 0.]
 [1. 1. 5. 8. 0. 0.]
 [1. 1. 3. 5. 9. 0.]]
Centroid : {9: (4.0, 0.0), 7: (1.5, 2.5), 1: (0.4, 0.8), 5: (2.5, 0.5), 6: (0.0, 4.0), 4: (0.5, 2.5), 3: (2.0, 0.0), 8: (3.0, 1.0)}
Repeat number : 30
Original weight : [21.5, 17.82, 5.54, 6.05, 13.7, 5.47, 5.67, 15.92, 5.44, 19.36, 12.46, 13.19, 13.67, 10.74, 19.84]
Group : [0, 0, 0, 0, 0, 0, 0, 0, 0, 0, 0, 0, 0, 0, 0]
Sequence : [0, 0, 0, 0, 0, 0, 0, 0, 0, 0, 1, 2, 3, 4, 5]
Scroe : [21.5, 17.82, 5.54, 6.05, 13.7, 5.47, 5.67, 15.92, 5.44, 19.36, 12.46, 13.19, 13.67, 10.74, 19.84]
Time taken to solve the MIP model : 0.0566 seconds
min_d : 0, max_d : 9
---------------------------------
solution for: IP model
objective: 9
x_0_4_0=1
x_1_1_0=1
x_2_0_0=1
x_3_4_1=1
x_4_3_0=1
x_5_2_0=1
x_6_5_0=1
x_7_2_1=1
x_8_0_1=1
x_9_5_1=1
x_10_5_2=1
x_11_4_2=1
x_12_5_3=1
x_13_5_4=1
x_14_3_1=1
r_0_0=1
r_0_1=1
r_4_0=1
r_4_1=1
r_4_2=1
r_5_1=1
r_5_2=1
r_5_3=1
r_5_4=1
d_1=3.000
d_2=1.200
d_3=3.800
d_4=1.000
d_5=2.400
d_6=5.400
d_7=5.000
d_8=0.600
d_9=5.000
d_10=6.000
d_11=5.000
d_12=6.000
d_13=7.000
d_x_1=0.500
d_x_2=0.400
d_x_3=3.600
d_x_4=0.500
d_x_5=1.600
d_x_6=4.600
d_x_7=2.000
d_x_8=0.400
d_x_9=3.500
d_x_10=5.000
d_x_11=4.000
d_x_12=3.000
d_x_13=3.000
d_y_1=2.500
d_y_2=0.800
d_y_3=0.200
d_y_4=0.500
d_y_5=0.800
d_y_6=0.800
d_y_7=3.000
d_y_8=0.200
d_y_9=1.500
d_y_10=1.000
d_y_11=1.000
d_y_12=3.000
d_y_13=4.000
normalized distance of container 0 : 0.0
normalized distance of container 1 : 0.3333333333333333
normalized distance of container 2 : 0.13333333333333336
normalized distance of container 3 : 0.4222222222222222
normalized distance of container 4 : 0.1111111111111111
normalized distance of container 5 : 0.2666666666666667
normalized distance of container 6 : 0.6
normalized distance of container 7 : 0.5555555555555556
normalized distance of container 8 : 0.06666666666666667
normalized distance of container 9 : 0.5555555555555556
normalized distance of container 10 : 0.6666666666666666
normalized distance of container 11 : 0.5555555555555556
normalized distance of container 12 : 0.6666666666666666
normalized distance of container 13 : 0.7777777777777778
normalized distance of container 14 : 0.0
