Number of initial container : 10
Number of new container : 10
Total number of containers : 20
Level_num : 9
Container_level : [8, 3, 1, 1, 3, 1, 9, 1, 3, 1, 3, 8, 6, 3, 8, 3, 6, 6, 8, 3]
ideal_configuration : 
 [[3. 8. 0. 0. 0. 0.]
 [3. 3. 8. 0. 0. 0.]
 [1. 3. 6. 8. 0. 0.]
 [1. 1. 3. 6. 8. 0.]
 [1. 1. 3. 3. 6. 9.]]
Centroid : {8: (2.5, 2.5), 3: (1.2857142857142858, 1.8571428571428572), 1: (0.4, 0.8), 9: (5.0, 0.0), 6: (3.0, 1.0)}
Repeat number : 12
Original weight : [17.55, 10.22, 19.07, 8.04, 14.53, 12.12, 23.2, 8.54, 18.44, 15.27, 21.03, 9.33, 13.7, 20.52, 8.25, 23.76, 20.69, 19.02, 7.46, 23.17]
Group : [3, 1, 0, 0, 1, 0, 3, 0, 1, 0, 1, 3, 2, 1, 3, 1, 2, 2, 3, 1]
Sequence : [0, 0, 0, 0, 0, 0, 0, 0, 0, 0, 1, 2, 3, 4, 5, 6, 7, 8, 9, 10]
Scroe : [317.55, 110.22, 19.07, 8.04, 114.53, 12.12, 323.2, 8.54, 118.44, 15.27, 121.03, 309.33, 213.7, 120.52, 308.25, 123.76, 220.69, 219.02, 307.46, 123.17]
Time taken to solve the MIP model : 0.0697 seconds
min_d : 0, max_d : 9
---------------------------------
solution for: IP model
objective: 4.78095
x_0_3_0=1
x_1_4_0=1
x_2_1_0=1
x_3_0_0=1
x_4_4_1=1
x_5_1_1=1
x_6_3_1=1
x_7_5_0=1
x_8_1_2=1
x_9_4_2=1
x_10_0_1=1
x_11_3_2=1
x_12_5_1=1
x_13_0_2=1
x_14_4_3=1
x_15_1_3=1
x_16_2_0=1
x_17_2_1=1
x_18_3_3=1
x_19_2_2=1
r_0_1=1
r_0_2=1
r_1_0=1
r_1_1=1
r_1_2=1
r_1_3=1
r_1_4=-0
r_2_0=1
r_2_1=1
r_2_2=1
r_3_0=1
r_3_1=1
r_3_2=1
r_3_3=1
r_4_0=1
r_4_1=1
r_4_2=1
r_4_3=1
r_4_4=-0
d_0=3.000
d_1=4.571
d_2=1.400
d_3=1.200
d_4=3.571
d_5=0.800
d_6=3.000
d_7=5.400
d_8=0.429
d_9=4.800
d_10=2.143
d_11=1.000
d_12=2.000
d_13=1.429
d_14=2.000
d_15=1.429
d_16=2.000
d_17=1.000
d_18=1.000
d_19=0.857
d_x_0=0.500
d_x_1=2.714
d_x_2=0.600
d_x_3=0.400
d_x_4=2.714
d_x_5=0.600
d_x_6=2.000
d_x_7=4.600
d_x_8=0.286
d_x_9=3.600
d_x_10=1.286
d_x_11=0.500
d_x_12=2.000
d_x_13=1.286
d_x_14=1.500
d_x_15=0.286
d_x_16=1.000
d_x_17=1.000
d_x_18=0.500
d_x_19=0.714
d_y_0=2.500
d_y_1=1.857
d_y_2=0.800
d_y_3=0.800
d_y_4=0.857
d_y_5=0.200
d_y_6=1.000
d_y_7=0.800
d_y_8=0.143
d_y_9=1.200
d_y_10=0.857
d_y_11=0.500
d_y_13=0.143
d_y_14=0.500
d_y_15=1.143
d_y_16=1.000
d_y_18=0.500
d_y_19=0.143
normalized distance of container 0 : 0.3333333333333333
normalized distance of container 1 : 0.5079365079365079
normalized distance of container 2 : 0.15555555555555556
normalized distance of container 3 : 0.13333333333333336
normalized distance of container 4 : 0.39682539682539686
normalized distance of container 5 : 0.08888888888888888
normalized distance of container 6 : 0.3333333333333333
normalized distance of container 7 : 0.6
normalized distance of container 8 : 0.04761904761904762
normalized distance of container 9 : 0.5333333333333333
normalized distance of container 10 : 0.23809523809523814
normalized distance of container 11 : 0.11111111111111072
normalized distance of container 12 : 0.2222222222222222
normalized distance of container 13 : 0.15873015873015822
normalized distance of container 14 : 0.22222222222222182
normalized distance of container 15 : 0.15873015873015828
normalized distance of container 16 : 0.2222222222222222
normalized distance of container 17 : 0.1111111111111111
normalized distance of container 18 : 0.11111111111111012
normalized distance of container 19 : 0.09523809523809451
