Number of initial container : 3
Number of new container : 7
Total number of containers : 10
Level_num : 9
Container_level : [3, 1, 3, 6, 1, 6, 8, 1, 9, 3]
ideal_configuration : 
 [[0. 0. 0. 0. 0. 0.]
 [6. 0. 0. 0. 0. 0.]
 [3. 6. 0. 0. 0. 0.]
 [1. 3. 8. 0. 0. 0.]
 [1. 1. 3. 9. 0. 0.]]
Centroid : {3: (1.0, 1.0), 1: (0.3333333333333333, 0.3333333333333333), 6: (0.5, 2.5), 8: (2.0, 1.0), 9: (3.0, 0.0)}
Repeat number : 15
Original weight : [5.79, 8.16, 15.6, 13.34, 15.83, 14.38, 5.22, 5.52, 16.66, 18.0]
Group : [1, 0, 1, 2, 0, 2, 3, 0, 3, 1]
Sequence : [0, 0, 0, 1, 2, 3, 4, 5, 6, 7]
Scroe : [105.79, 8.16, 115.6, 213.34, 15.83, 214.38, 305.22, 5.52, 316.66, 118.0]
Time taken to solve the MIP model : 0.0120 seconds
min_d : 0, max_d : 9
---------------------------------
solution for: IP model
objective: 0
x_0_3_0=1
x_1_0_0=1
x_2_2_0=1
x_3_1_0=1
x_4_0_1=1
x_5_0_2=1
x_6_0_3=1
x_7_4_0=1
x_8_1_1=1
x_9_5_0=1
d_0=3.000
d_1=2.000
d_2=2.000
d_3=4.000
d_4=2.000
d_5=2.000
d_6=4.000
d_7=5.000
d_8=3.000
d_9=5.000
d_x_0=2.000
d_x_1=1.000
d_x_2=1.000
d_x_3=1.000
d_x_4=1.000
d_x_5=1.000
d_x_6=2.000
d_x_7=4.000
d_x_8=2.000
d_x_9=4.000
d_y_0=1.000
d_y_1=1.000
d_y_2=1.000
d_y_3=3.000
d_y_4=1.000
d_y_5=1.000
d_y_6=2.000
d_y_7=1.000
d_y_8=1.000
d_y_9=1.000
normalized distance of container 0 : 0.3333333333333333
normalized distance of container 1 : 0.2222222222222222
normalized distance of container 2 : 0.2222222222222222
normalized distance of container 3 : 0.4444444444444444
normalized distance of container 4 : 0.2222222222222222
normalized distance of container 5 : 0.2222222222222222
normalized distance of container 6 : 0.4444444444444444
normalized distance of container 7 : 0.5555555555555556
normalized distance of container 8 : 0.3333333333333333
normalized distance of container 9 : 0.5555555555555556
