Number of initial container : 3
Number of new container : 7
Total number of containers : 10
Level_num : 9
Container_level : [8, 6, 3, 1, 1, 3, 8, 3, 9, 1]
ideal_configuration : 
 [[0. 0. 0. 0. 0. 0.]
 [6. 0. 0. 0. 0. 0.]
 [3. 8. 0. 0. 0. 0.]
 [1. 3. 8. 0. 0. 0.]
 [1. 1. 3. 9. 0. 0.]]
Centroid : {8: (1.5, 1.5), 6: (0.0, 3.0), 3: (1.0, 1.0), 1: (0.3333333333333333, 0.3333333333333333), 9: (3.0, 0.0)}
Repeat number : 20
Original weight : [9.47, 18.64, 15.54, 9.52, 13.61, 15.15, 15.28, 14.45, 16.45, 21.81]
Group : [3, 2, 1, 0, 0, 1, 3, 1, 3, 0]
Sequence : [0, 0, 0, 1, 2, 3, 4, 5, 6, 7]
Scroe : [309.47, 218.64, 115.53999999999999, 9.52, 13.61, 115.15, 315.28, 114.45, 316.45, 21.81]
Time taken to solve the MIP model : 0.0140 seconds
min_d : 0, max_d : 9
---------------------------------
solution for: IP model
objective: 0
x_0_2_0=1
x_1_5_0=1
x_2_4_0=1
x_3_3_0=1
x_4_3_1=1
x_5_3_2=1
x_6_5_1=1
x_7_0_0=1
x_8_4_1=1
x_9_1_0=1
d_0=3.000
d_1=8.000
d_2=4.000
d_3=4.000
d_4=4.000
d_5=3.000
d_6=5.000
d_7=2.000
d_8=2.000
d_9=2.000
d_x_0=1.000
d_x_1=5.000
d_x_2=3.000
d_x_3=3.000
d_x_4=3.000
d_x_5=2.000
d_x_6=4.000
d_x_7=1.000
d_x_8=1.000
d_x_9=1.000
d_y_0=2.000
d_y_1=3.000
d_y_2=1.000
d_y_3=1.000
d_y_4=1.000
d_y_5=1.000
d_y_6=1.000
d_y_7=1.000
d_y_8=1.000
d_y_9=1.000
normalized distance of container 0 : 0.3333333333333333
normalized distance of container 1 : 0.8888888888888888
normalized distance of container 2 : 0.4444444444444444
normalized distance of container 3 : 0.4444444444444444
normalized distance of container 4 : 0.4444444444444444
normalized distance of container 5 : 0.3333333333333333
normalized distance of container 6 : 0.5555555555555556
normalized distance of container 7 : 0.2222222222222222
normalized distance of container 8 : 0.2222222222222222
normalized distance of container 9 : 0.2222222222222222
