Number of initial container : 3
Number of new container : 7
Total number of containers : 10
Level_num : 9
Container_level : [1, 8, 4, 4, 8, 5, 8, 9, 1, 8]
ideal_configuration : 
 [[0. 0. 0. 0. 0. 0.]
 [8. 0. 0. 0. 0. 0.]
 [4. 8. 0. 0. 0. 0.]
 [1. 5. 8. 0. 0. 0.]
 [1. 4. 8. 9. 0. 0.]]
Centroid : {1: (0.0, 0.5), 8: (1.25, 1.5), 4: (0.5, 1.0), 5: (1.0, 1.0), 9: (3.0, 0.0)}
Repeat number : 4
Original weight : [17.48, 13.16, 12.84, 5.41, 13.29, 14.72, 17.41, 20.25, 5.9, 12.23]
Group : [0, 2, 1, 1, 2, 1, 2, 2, 0, 2]
Sequence : [0, 0, 0, 1, 2, 3, 4, 5, 6, 7]
Scroe : [17.48, 213.16, 112.84, 105.41, 213.29, 114.72, 217.41, 220.25, 5.9, 212.23]
Time taken to solve the MIP model : 0.0125 seconds
min_d : 0, max_d : 9
---------------------------------
solution for: IP model
objective: 0
x_0_4_0=1
x_1_3_0=1
x_2_2_0=1
x_3_4_1=1
x_4_0_0=1
x_5_1_0=1
x_6_0_1=1
x_7_0_2=1
x_8_5_0=1
x_9_5_1=1
d_0=5.000
d_1=4.000
d_2=3.000
d_3=4.000
d_4=4.000
d_5=1.000
d_6=3.000
d_7=5.000
d_8=6.000
d_9=5.000
d_x_0=4.000
d_x_1=2.000
d_x_2=2.000
d_x_3=4.000
d_x_4=2.000
d_x_6=2.000
d_x_7=3.000
d_x_8=5.000
d_x_9=4.000
d_y_0=1.000
d_y_1=2.000
d_y_2=1.000
d_y_4=2.000
d_y_5=1.000
d_y_6=1.000
d_y_7=2.000
d_y_8=1.000
d_y_9=1.000
normalized distance of container 0 : 0.5555555555555556
normalized distance of container 1 : 0.4444444444444444
normalized distance of container 2 : 0.3333333333333333
normalized distance of container 3 : 0.4444444444444444
normalized distance of container 4 : 0.4444444444444444
normalized distance of container 5 : 0.1111111111111111
normalized distance of container 6 : 0.3333333333333333
normalized distance of container 7 : 0.5555555555555556
normalized distance of container 8 : 0.6666666666666666
normalized distance of container 9 : 0.5555555555555556
