Number of initial container : 3
Number of new container : 7
Total number of containers : 10
Level_num : 9
Container_level : [4, 4, 8, 8, 1, 4, 5, 1, 9, 8]
ideal_configuration : 
 [[0. 0. 0. 0. 0. 0.]
 [8. 0. 0. 0. 0. 0.]
 [4. 8. 0. 0. 0. 0.]
 [1. 4. 8. 0. 0. 0.]
 [1. 4. 5. 9. 0. 0.]]
Centroid : {4: (0.6666666666666666, 1.0), 8: (1.0, 2.0), 1: (0.0, 0.5), 5: (2.0, 0.0), 9: (3.0, 0.0)}
Repeat number : 30
Original weight : [9.11, 15.8, 6.08, 15.47, 18.7, 6.79, 22.83, 10.97, 23.09, 16.01]
Group : [1, 1, 2, 2, 0, 1, 1, 0, 2, 2]
Sequence : [0, 0, 0, 1, 2, 3, 4, 5, 6, 7]
Scroe : [109.11, 115.8, 206.08, 215.47, 18.7, 106.79, 122.83, 10.97, 223.09, 216.01]
Time taken to solve the MIP model : 0.0120 seconds
min_d : 0, max_d : 9
---------------------------------
solution for: IP model
objective: 0
x_0_1_0=1
x_1_4_0=1
x_2_1_1=1
x_3_1_2=1
x_4_0_0=1
x_5_5_0=1
x_6_5_1=1
x_7_3_0=1
x_8_0_1=1
x_9_2_0=1
d_0=2.000
d_1=5.000
d_2=1.000
d_4=1.000
d_5=6.000
d_6=4.000
d_7=4.000
d_8=4.000
d_9=3.000
d_x_0=1.000
d_x_1=4.000
d_x_5=5.000
d_x_6=3.000
d_x_7=3.000
d_x_8=3.000
d_x_9=1.000
d_y_0=1.000
d_y_1=1.000
d_y_2=1.000
d_y_4=1.000
d_y_5=1.000
d_y_6=1.000
d_y_7=1.000
d_y_8=1.000
d_y_9=2.000
normalized distance of container 0 : 0.2222222222222222
normalized distance of container 1 : 0.5555555555555556
normalized distance of container 2 : 0.1111111111111111
normalized distance of container 3 : 0.0
normalized distance of container 4 : 0.1111111111111111
normalized distance of container 5 : 0.6666666666666666
normalized distance of container 6 : 0.4444444444444444
normalized distance of container 7 : 0.4444444444444444
normalized distance of container 8 : 0.4444444444444444
normalized distance of container 9 : 0.3333333333333333
