Number of initial container : 3
Number of new container : 7
Total number of containers : 10
Level_num : 9
Container_level : [9, 6, 8, 1, 3, 8, 3, 6, 6, 8]
ideal_configuration : 
 [[0. 0. 0. 0. 0. 0.]
 [8. 0. 0. 0. 0. 0.]
 [6. 8. 0. 0. 0. 0.]
 [3. 6. 8. 0. 0. 0.]
 [1. 3. 6. 9. 0. 0.]]
Centroid : {9: (3.0, 0.0), 6: (1.0, 1.0), 8: (1.0, 2.0), 1: (0.0, 0.0), 3: (0.5, 0.5)}
Repeat number : 1
Original weight : [20.79, 21.63, 11.16, 5.57, 18.45, 12.24, 13.29, 15.16, 20.53, 9.47]
Group : [3, 2, 3, 0, 1, 3, 1, 2, 2, 3]
Sequence : [0, 0, 0, 1, 2, 3, 4, 5, 6, 7]
Scroe : [320.79, 221.63, 311.16, 5.57, 118.45, 312.24, 113.28999999999999, 215.16, 220.53, 309.47]
Time taken to solve the MIP model : 0.0120 seconds
min_d : 0, max_d : 9
---------------------------------
solution for: IP model
objective: 0
x_0_2_0=1
x_1_5_0=1
x_2_0_0=1
x_3_1_0=1
x_4_1_1=1
x_5_0_1=1
x_6_3_0=1
x_7_1_2=1
x_8_3_1=1
x_9_4_0=1
d_0=1.000
d_1=5.000
d_2=3.000
d_3=1.000
d_4=2.000
d_5=2.000
d_6=4.000
d_7=1.000
d_8=2.000
d_9=5.000
d_x_0=1.000
d_x_1=4.000
d_x_2=1.000
d_x_3=1.000
d_x_4=1.000
d_x_5=1.000
d_x_6=3.000
d_x_8=2.000
d_x_9=3.000
d_y_1=1.000
d_y_2=2.000
d_y_4=1.000
d_y_5=1.000
d_y_6=1.000
d_y_7=1.000
d_y_9=2.000
normalized distance of container 0 : 0.1111111111111111
normalized distance of container 1 : 0.5555555555555556
normalized distance of container 2 : 0.3333333333333333
normalized distance of container 3 : 0.1111111111111111
normalized distance of container 4 : 0.2222222222222222
normalized distance of container 5 : 0.2222222222222222
normalized distance of container 6 : 0.4444444444444444
normalized distance of container 7 : 0.1111111111111111
normalized distance of container 8 : 0.2222222222222222
normalized distance of container 9 : 0.5555555555555556
