Number of initial container : 3
Number of new container : 7
Total number of containers : 10
Level_num : 9
Container_level : [1, 6, 3, 9, 1, 3, 8, 6, 6, 1]
ideal_configuration : 
 [[0. 0. 0. 0. 0. 0.]
 [6. 0. 0. 0. 0. 0.]
 [3. 6. 0. 0. 0. 0.]
 [1. 3. 8. 0. 0. 0.]
 [1. 1. 6. 9. 0. 0.]]
Centroid : {1: (0.3333333333333333, 0.3333333333333333), 6: (1.0, 1.6666666666666667), 3: (0.5, 1.5), 9: (3.0, 0.0), 8: (2.0, 1.0)}
Repeat number : 13
Original weight : [13.85, 16.58, 6.08, 17.15, 13.59, 23.65, 11.78, 22.28, 5.69, 8.23]
Group : [0, 2, 1, 3, 0, 1, 3, 2, 2, 0]
Sequence : [0, 0, 0, 1, 2, 3, 4, 5, 6, 7]
Scroe : [13.85, 216.57999999999998, 106.08, 317.15, 13.59, 123.65, 311.78, 222.28, 205.69, 8.23]
Time taken to solve the MIP model : 0.0121 seconds
min_d : 0, max_d : 9
---------------------------------
solution for: IP model
objective: 0
x_0_3_0=1
x_1_3_1=1
x_2_0_0=1
x_3_5_0=1
x_4_2_0=1
x_5_2_1=1
x_6_1_0=1
x_7_3_2=1
x_8_0_1=1
x_9_4_0=1
d_0=4.000
d_1=3.000
d_2=3.000
d_3=2.000
d_4=3.000
d_5=3.000
d_6=2.000
d_7=3.000
d_8=2.000
d_9=5.000
d_x_0=3.000
d_x_1=2.000
d_x_2=1.000
d_x_3=2.000
d_x_4=2.000
d_x_5=2.000
d_x_6=1.000
d_x_7=2.000
d_x_8=1.000
d_x_9=4.000
d_y_0=1.000
d_y_1=1.000
d_y_2=2.000
d_y_4=1.000
d_y_5=1.000
d_y_6=1.000
d_y_7=1.000
d_y_8=1.000
d_y_9=1.000
normalized distance of container 0 : 0.4444444444444444
normalized distance of container 1 : 0.3333333333333333
normalized distance of container 2 : 0.3333333333333333
normalized distance of container 3 : 0.2222222222222222
normalized distance of container 4 : 0.3333333333333333
normalized distance of container 5 : 0.3333333333333333
normalized distance of container 6 : 0.2222222222222222
normalized distance of container 7 : 0.3333333333333333
normalized distance of container 8 : 0.2222222222222222
normalized distance of container 9 : 0.5555555555555556
