Number of initial container : 3
Number of new container : 7
Total number of containers : 10
Level_num : 9
Container_level : [1, 1, 6, 3, 6, 8, 8, 3, 3, 9]
ideal_configuration : 
 [[0. 0. 0. 0. 0. 0.]
 [6. 0. 0. 0. 0. 0.]
 [3. 8. 0. 0. 0. 0.]
 [1. 3. 8. 0. 0. 0.]
 [1. 3. 6. 9. 0. 0.]]
Centroid : {1: (0.0, 0.5), 6: (1.0, 1.5), 3: (0.6666666666666666, 1.0), 8: (1.5, 1.5), 9: (3.0, 0.0)}
Repeat number : 24
Original weight : [8.49, 21.65, 17.37, 17.11, 12.24, 5.17, 12.17, 12.84, 19.56, 22.66]
Group : [0, 0, 2, 1, 2, 3, 3, 1, 1, 3]
Sequence : [0, 0, 0, 1, 2, 3, 4, 5, 6, 7]
Scroe : [8.49, 21.65, 217.37, 117.11, 212.24, 305.17, 312.17, 112.84, 119.56, 322.66]
Time taken to solve the MIP model : 0.0115 seconds
min_d : 0, max_d : 9
---------------------------------
solution for: IP model
objective: 0
x_0_2_0=1
x_1_0_0=1
x_2_5_0=1
x_3_3_0=1
x_4_1_0=1
x_5_4_0=1
x_6_5_1=1
x_7_0_1=1
x_8_0_2=1
x_9_5_2=1
d_0=3.000
d_1=1.000
d_2=6.000
d_3=4.000
d_4=2.000
d_5=5.000
d_6=5.000
d_7=1.000
d_8=2.000
d_9=4.000
d_x_0=2.000
d_x_2=4.000
d_x_3=3.000
d_x_5=3.000
d_x_6=4.000
d_x_7=1.000
d_x_8=1.000
d_x_9=2.000
d_y_0=1.000
d_y_1=1.000
d_y_2=2.000
d_y_3=1.000
d_y_4=2.000
d_y_5=2.000
d_y_6=1.000
d_y_8=1.000
d_y_9=2.000
normalized distance of container 0 : 0.3333333333333333
normalized distance of container 1 : 0.1111111111111111
normalized distance of container 2 : 0.6666666666666666
normalized distance of container 3 : 0.4444444444444444
normalized distance of container 4 : 0.2222222222222222
normalized distance of container 5 : 0.5555555555555556
normalized distance of container 6 : 0.5555555555555556
normalized distance of container 7 : 0.1111111111111111
normalized distance of container 8 : 0.2222222222222222
normalized distance of container 9 : 0.4444444444444444
