Number of initial container : 3
Number of new container : 20
Total number of containers : 23
Level_num : 9
Container_level : [1, 5, 5, 1, 2, 8, 6, 6, 8, 6, 7, 4, 8, 5, 7, 3, 5, 3, 9, 2, 1, 8, 4]
ideal_configuration : 
 [[5. 6. 8. 0. 0. 0.]
 [3. 5. 7. 8. 0. 0.]
 [2. 4. 5. 7. 9. 0.]
 [1. 2. 4. 6. 8. 0.]
 [1. 1. 3. 5. 6. 8.]]
Centroid : {1: (0.3333333333333333, 0.3333333333333333), 5: (1.5, 2.25), 2: (0.5, 1.5), 8: (3.5, 2.0), 6: (2.6666666666666665, 1.6666666666666667), 7: (2.5, 2.5), 4: (1.5, 1.5), 3: (1.0, 1.5), 9: (4.0, 2.0)}
Repeat number : 5
Original weight : [6.93, 15.58, 16.79, 9.03, 11.14, 21.9, 17.78, 19.16, 21.78, 18.21, 19.9, 15.35, 22.44, 16.43, 20.09, 11.19, 16.76, 11.72, 23.89, 10.42, 8.94, 22.0, 13.56]
Group : [0, 0, 0, 0, 0, 0, 0, 0, 0, 0, 0, 0, 0, 0, 0, 0, 0, 0, 0, 0, 0, 0, 0]
Sequence : [0, 0, 0, 1, 2, 3, 4, 5, 6, 7, 8, 9, 10, 11, 12, 13, 14, 15, 16, 17, 18, 19, 20]
Scroe : [6.93, 15.58, 16.79, 9.03, 11.14, 21.9, 17.78, 19.16, 21.78, 18.21, 19.9, 15.35, 22.44, 16.43, 20.09, 11.19, 16.76, 11.72, 23.89, 10.42, 8.94, 22.0, 13.56]
Time taken to solve the MIP model : 5.1980 seconds
min_d : 0, max_d : 9
---------------------------------
solution for: IP model
objective: 3.93519
x_0_4_0=1
x_1_2_0=1
x_2_0_0=1
x_3_3_0=1
x_4_1_0=1
x_5_5_0=1
x_6_2_1=1
x_7_4_1=1
x_8_4_2=1
x_9_2_2=1
x_10_2_3=1
x_11_3_1=1
x_12_5_1=1
x_13_3_2=1
x_14_2_4=1
x_15_1_1=1
x_16_3_3=1
x_17_1_2=1
x_18_5_2=1
x_19_0_1=1
x_20_0_2=1
x_21_4_3=1
x_22_1_3=1
r_0_0=1
r_0_1=1
r_0_2=1
d_0=4.000
d_1=2.750
d_2=3.750
d_3=3.000
d_4=2.000
d_5=3.500
d_6=1.333
d_7=2.000
d_8=0.500
d_9=1.000
d_10=1.000
d_11=2.000
d_12=2.500
d_13=1.750
d_14=2.000
d_15=0.500
d_16=2.250
d_17=0.500
d_18=1.000
d_19=1.000
d_20=2.000
d_21=1.500
d_22=2.000
d_x_0=3.667
d_x_1=0.500
d_x_2=1.500
d_x_3=2.667
d_x_4=0.500
d_x_5=1.500
d_x_6=0.667
d_x_7=1.333
d_x_8=0.500
d_x_9=0.667
d_x_10=0.500
d_x_11=1.500
d_x_12=1.500
d_x_13=1.500
d_x_14=0.500
d_x_16=1.500
d_x_18=1.000
d_x_19=0.500
d_x_20=0.333
d_x_21=0.500
d_x_22=0.500
d_y_0=0.333
d_y_1=2.250
d_y_2=2.250
d_y_3=0.333
d_y_4=1.500
d_y_5=2.000
d_y_6=0.667
d_y_7=0.667
d_y_9=0.333
d_y_10=0.500
d_y_11=0.500
d_y_12=1.000
d_y_13=0.250
d_y_14=1.500
d_y_15=0.500
d_y_16=0.750
d_y_17=0.500
d_y_19=0.500
d_y_20=1.667
d_y_21=1.000
d_y_22=1.500
normalized distance of container 0 : 0.4444444444444444
normalized distance of container 1 : 0.3055555555555556
normalized distance of container 2 : 0.4166666666666667
normalized distance of container 3 : 0.3333333333333328
normalized distance of container 4 : 0.2222222222222222
normalized distance of container 5 : 0.3888888888888889
normalized distance of container 6 : 0.14814814814814814
normalized distance of container 7 : 0.2222222222222217
normalized distance of container 8 : 0.05555555555555536
normalized distance of container 9 : 0.11111111111111056
normalized distance of container 10 : 0.11111111111111072
normalized distance of container 11 : 0.2222222222222222
normalized distance of container 12 : 0.2777777777777778
normalized distance of container 13 : 0.19444444444444445
normalized distance of container 14 : 0.2222222222222222
normalized distance of container 15 : 0.05555555555555555
normalized distance of container 16 : 0.2499999999999996
normalized distance of container 17 : 0.05555555555555555
normalized distance of container 18 : 0.1111111111111111
normalized distance of container 19 : 0.11111111111110954
normalized distance of container 20 : 0.22222222222222038
normalized distance of container 21 : 0.16666666666666646
normalized distance of container 22 : 0.2222222222222222
