Number of initial container : 3
Number of new container : 20
Total number of containers : 23
Level_num : 9
Container_level : [2, 3, 6, 7, 9, 2, 4, 5, 5, 8, 1, 2, 7, 1, 1, 4, 5, 4, 1, 4, 1, 4, 5]
ideal_configuration : 
 [[4. 5. 7. 0. 0. 0.]
 [2. 4. 5. 8. 0. 0.]
 [1. 2. 4. 5. 9. 0.]
 [1. 1. 3. 4. 6. 0.]
 [1. 1. 2. 4. 5. 7.]]
Centroid : {2: (1.0, 1.6666666666666667), 3: (2.0, 1.0), 6: (4.0, 1.0), 7: (3.5, 2.0), 9: (4.0, 2.0), 4: (1.8, 2.0), 5: (2.5, 2.25), 8: (3.0, 3.0), 1: (0.4, 0.8)}
Repeat number : 26
Original weight : [10.15, 11.73, 17.47, 20.73, 23.51, 10.04, 13.49, 15.4, 15.64, 22.81, 6.98, 9.69, 20.01, 6.46, 6.23, 14.29, 15.09, 14.53, 7.67, 13.72, 6.63, 14.34, 15.66]
Group : [0, 0, 0, 0, 0, 0, 0, 0, 0, 0, 0, 0, 0, 0, 0, 0, 0, 0, 0, 0, 0, 0, 0]
Sequence : [0, 0, 0, 1, 2, 3, 4, 5, 6, 7, 8, 9, 10, 11, 12, 13, 14, 15, 16, 17, 18, 19, 20]
Scroe : [10.15, 11.73, 17.47, 20.73, 23.51, 10.04, 13.49, 15.4, 15.64, 22.81, 6.98, 9.69, 20.01, 6.46, 6.23, 14.29, 15.09, 14.53, 7.67, 13.72, 6.63, 14.34, 15.66]
Time taken to solve the MIP model : 4.4132 seconds
min_d : 0, max_d : 9
---------------------------------
solution for: IP model
objective: 4.36667
x_0_0_0=1
x_1_1_0=1
x_2_4_0=1
x_3_4_1=1
x_4_4_2=1
x_5_3_0=1
x_6_1_1=1
x_7_3_1=1
x_8_3_2=1
x_9_3_3=1
x_10_5_0=1
x_11_5_1=1
x_12_5_2=1
x_13_2_0=1
x_14_0_1=1
x_15_1_2=1
x_16_1_3=1
x_17_0_2=1
x_18_2_1=1
x_19_2_2=1
x_20_0_3=1
x_21_2_3=1
x_22_2_4=1
r_0_0=1
r_0_1=1
r_0_2=1
r_0_3=1
d_0=2.667
d_1=2.000
d_2=1.000
d_3=1.500
d_5=3.667
d_6=1.800
d_7=1.750
d_8=0.750
d_10=5.400
d_11=4.667
d_12=1.500
d_13=2.400
d_14=0.600
d_15=0.800
d_16=2.250
d_17=1.800
d_18=1.800
d_19=0.200
d_20=2.600
d_21=1.200
d_22=2.250
d_x_0=1.000
d_x_1=1.000
d_x_3=0.500
d_x_5=2.000
d_x_6=0.800
d_x_7=0.500
d_x_8=0.500
d_x_10=4.600
d_x_11=4.000
d_x_12=1.500
d_x_13=1.600
d_x_14=0.400
d_x_15=0.800
d_x_16=1.500
d_x_17=1.800
d_x_18=1.600
d_x_19=0.200
d_x_20=0.400
d_x_21=0.200
d_x_22=0.500
d_y_0=1.667
d_y_1=1.000
d_y_2=1.000
d_y_3=1.000
d_y_5=1.667
d_y_6=1.000
d_y_7=1.250
d_y_8=0.250
d_y_10=0.800
d_y_11=0.667
d_y_13=0.800
d_y_14=0.200
d_y_16=0.750
d_y_18=0.200
d_y_20=2.200
d_y_21=1.000
d_y_22=1.750
normalized distance of container 0 : 0.29629629629629634
normalized distance of container 1 : 0.2222222222222222
normalized distance of container 2 : 0.1111111111111111
normalized distance of container 3 : 0.16666666666666666
normalized distance of container 4 : 0.0
normalized distance of container 5 : 0.40740740740740744
normalized distance of container 6 : 0.2
normalized distance of container 7 : 0.19444444444444406
normalized distance of container 8 : 0.08333333333333294
normalized distance of container 9 : 0.0
normalized distance of container 10 : 0.6
normalized distance of container 11 : 0.5185185185185186
normalized distance of container 12 : 0.16666666666666646
normalized distance of container 13 : 0.2666666666666667
normalized distance of container 14 : 0.06666666666666449
normalized distance of container 15 : 0.08888888888888889
normalized distance of container 16 : 0.2499999999999996
normalized distance of container 17 : 0.2
normalized distance of container 18 : 0.19999999999999954
normalized distance of container 19 : 0.022222222222221352
normalized distance of container 20 : 0.28888888888888675
normalized distance of container 21 : 0.13333333333333247
normalized distance of container 22 : 0.2499999999999996
