Number of initial container : 3
Number of new container : 20
Total number of containers : 23
Level_num : 9
Container_level : [6, 8, 2, 4, 5, 5, 2, 8, 3, 7, 2, 6, 4, 7, 6, 3, 2, 2, 3, 9, 1, 1, 2]
ideal_configuration : 
 [[3. 6. 8. 0. 0. 0.]
 [2. 4. 6. 8. 0. 0.]
 [2. 2. 4. 6. 9. 0.]
 [1. 2. 3. 5. 7. 0.]
 [1. 2. 2. 3. 5. 7.]]
Centroid : {6: (2.0, 3.0), 8: (2.5, 3.5), 2: (0.8333333333333334, 1.3333333333333333), 4: (1.5, 2.5), 5: (3.5, 0.5), 3: (1.6666666666666667, 1.6666666666666667), 7: (4.5, 0.5), 9: (4.0, 2.0), 1: (0.0, 0.5)}
Repeat number : 28
Original weight : [17.48, 21.64, 7.97, 12.18, 14.73, 16.47, 9.57, 21.55, 10.44, 19.52, 9.59, 18.27, 12.2, 19.4, 18.62, 11.95, 8.6, 8.32, 11.37, 23.41, 5.18, 7.35, 7.88]
Group : [0, 0, 0, 0, 0, 0, 0, 0, 0, 0, 0, 0, 0, 0, 0, 0, 0, 0, 0, 0, 0, 0, 0]
Sequence : [0, 0, 0, 1, 2, 3, 4, 5, 6, 7, 8, 9, 10, 11, 12, 13, 14, 15, 16, 17, 18, 19, 20]
Scroe : [17.48, 21.64, 7.97, 12.18, 14.73, 16.47, 9.57, 21.55, 10.44, 19.52, 9.59, 18.27, 12.2, 19.4, 18.62, 11.95, 8.6, 8.32, 11.37, 23.41, 5.18, 7.35, 7.88]
Time taken to solve the MIP model : 5.4021 seconds
min_d : 0, max_d : 9
---------------------------------
solution for: IP model
objective: 5.22222
x_0_5_0=1
x_1_1_0=1
x_2_3_0=1
x_3_4_0=1
x_4_4_1=1
x_5_4_2=1
x_6_2_0=1
x_7_4_3=1
x_8_2_1=1
x_9_5_1=1
x_10_1_1=-0
x_10_3_1=1
x_11_3_2=1
x_12_2_2=1
x_12_3_1=-0
x_13_3_3=1
x_13_3_4=-0
x_14_2_3=1
x_14_3_3=-0
x_15_1_1=1
x_15_1_2=-0
x_16_1_1=0
x_16_1_2=1
x_16_1_3=-0
x_17_1_2=0
x_17_1_3=1
x_17_1_4=-0
x_18_1_3=0
x_18_1_4=1
x_18_2_2=-0
x_19_5_2=1
x_20_0_0=1
x_21_0_1=1
x_22_0_2=1
r_1_0=1
r_1_1=1
r_1_2=1
r_1_3=1
r_1_4=1
d_0=6.000
d_1=5.000
d_2=3.500
d_3=5.000
d_4=1.000
d_5=2.000
d_6=2.500
d_7=2.000
d_8=1.000
d_9=1.000
d_10=2.500
d_11=2.000
d_12=1.000
d_13=4.000
d_14=-0.000
d_15=1.333
d_16=0.833
d_17=1.833
d_18=3.000
d_19=1.000
d_20=0.500
d_21=0.500
d_22=1.500
d_x_0=3.000
d_x_1=1.500
d_x_2=2.167
d_x_3=2.500
d_x_4=0.500
d_x_5=0.500
d_x_6=1.167
d_x_7=1.500
d_x_8=0.333
d_x_9=0.500
d_x_10=2.167
d_x_11=1.000
d_x_12=0.500
d_x_13=1.500
d_x_14=-0.000
d_x_15=0.667
d_x_16=0.167
d_x_17=0.167
d_x_18=0.667
d_x_19=1.000
d_x_22=0.833
d_y_0=3.000
d_y_1=3.500
d_y_2=1.333
d_y_3=2.500
d_y_4=0.500
d_y_5=1.500
d_y_6=1.333
d_y_7=0.500
d_y_8=0.667
d_y_9=0.500
d_y_10=0.333
d_y_11=1.000
d_y_12=0.500
d_y_13=2.500
d_y_15=0.667
d_y_16=0.667
d_y_17=1.667
d_y_18=2.333
d_y_20=0.500
d_y_21=0.500
d_y_22=0.667
normalized distance of container 0 : 0.6666666666666666
normalized distance of container 1 : 0.5555555555555556
normalized distance of container 2 : 0.3888888888888889
normalized distance of container 3 : 0.5555555555555554
normalized distance of container 4 : 0.11111111111111101
normalized distance of container 5 : 0.22222222222222163
normalized distance of container 6 : 0.2777777777777767
normalized distance of container 7 : 0.22222222222222182
normalized distance of container 8 : 0.1111111111111102
normalized distance of container 9 : 0.11111111111111101
normalized distance of container 10 : 0.2777777777778485
normalized distance of container 11 : 0.2222222222222222
normalized distance of container 12 : 0.11111111111103848
normalized distance of container 13 : 0.44444444444440695
normalized distance of container 14 : -3.5921882752316175e-14
normalized distance of container 15 : 0.1481481481481549
normalized distance of container 16 : 0.09259259259256589
normalized distance of container 17 : 0.2037037037036645
normalized distance of container 18 : 0.33333333333339943
normalized distance of container 19 : 0.1111111111111111
normalized distance of container 20 : 0.05555555555555398
normalized distance of container 21 : 0.05555555555555398
normalized distance of container 22 : 0.16666666666666602
