Number of initial container : 3
Number of new container : 20
Total number of containers : 23
Level_num : 9
Container_level : [2, 2, 8, 5, 9, 8, 3, 7, 7, 4, 8, 1, 6, 7, 7, 7, 4, 1, 8, 1, 4, 6, 1]
ideal_configuration : 
 [[5. 7. 8. 0. 0. 0.]
 [3. 6. 7. 8. 0. 0.]
 [1. 4. 6. 7. 9. 0.]
 [1. 2. 4. 7. 8. 0.]
 [1. 1. 2. 4. 7. 8.]]
Centroid : {2: (1.5, 0.5), 8: (3.5, 2.0), 5: (0.0, 4.0), 9: (4.0, 2.0), 3: (0.0, 3.0), 7: (2.6, 2.0), 4: (2.0, 1.0), 1: (0.25, 0.75), 6: (1.5, 2.5)}
Repeat number : 30
Original weight : [9.15, 7.77, 21.04, 15.42, 21.39, 20.89, 9.91, 19.25, 18.85, 12.05, 19.63, 7.31, 16.45, 18.84, 19.09, 18.27, 12.96, 5.49, 21.31, 7.38, 11.78, 17.14, 6.71]
Group : [0, 0, 0, 0, 0, 0, 0, 0, 0, 0, 0, 0, 0, 0, 0, 0, 0, 0, 0, 0, 0, 0, 0]
Sequence : [0, 0, 0, 1, 2, 3, 4, 5, 6, 7, 8, 9, 10, 11, 12, 13, 14, 15, 16, 17, 18, 19, 20]
Scroe : [9.15, 7.77, 21.04, 15.42, 21.39, 20.89, 9.91, 19.25, 18.85, 12.05, 19.63, 7.31, 16.45, 18.84, 19.09, 18.27, 12.96, 5.49, 21.31, 7.38, 11.78, 17.14, 6.71]
Time taken to solve the MIP model : 36.8307 seconds
min_d : 0, max_d : 9
---------------------------------
solution for: IP model
objective: 6.68889
x_0_4_0=1
x_1_4_1=1
x_2_4_2=1
x_3_3_0=1
x_4_4_3=1
x_5_3_1=1
x_6_2_0=1
x_7_3_2=1
x_8_5_0=1
x_9_2_1=1
x_10_5_1=1
x_11_1_0=1
x_12_2_2=1
x_13_2_3=1
x_14_2_4=1
x_15_3_3=1
x_16_4_4=1
x_17_0_0=1
x_18_5_2=1
x_19_1_1=1
x_20_1_2=1
x_21_1_3=1
x_22_0_1=1
r_3_1=1
r_3_2=1
r_3_3=1
r_4_0=1
r_4_1=1
r_4_2=1
r_4_3=1
r_4_4=1
d_0=3.000
d_1=3.000
d_2=0.500
d_3=7.000
d_4=1.000
d_5=1.500
d_6=5.000
d_7=0.400
d_8=4.400
d_10=2.500
d_11=1.500
d_12=1.000
d_13=1.600
d_14=2.600
d_15=1.400
d_16=5.000
d_17=1.000
d_18=1.500
d_19=1.000
d_20=2.000
d_21=1.000
d_22=0.500
d_x_0=2.500
d_x_1=2.500
d_x_2=0.500
d_x_3=3.000
d_x_5=0.500
d_x_6=2.000
d_x_7=0.400
d_x_8=2.400
d_x_10=1.500
d_x_11=0.750
d_x_12=0.500
d_x_13=0.600
d_x_14=0.600
d_x_15=0.400
d_x_16=2.000
d_x_17=0.250
d_x_18=1.500
d_x_19=0.750
d_x_20=1.000
d_x_21=0.500
d_x_22=0.250
d_y_0=0.500
d_y_1=0.500
d_y_3=4.000
d_y_4=1.000
d_y_5=1.000
d_y_6=3.000
d_y_8=2.000
d_y_10=1.000
d_y_11=0.750
d_y_12=0.500
d_y_13=1.000
d_y_14=2.000
d_y_15=1.000
d_y_16=3.000
d_y_17=0.750
d_y_19=0.250
d_y_20=1.000
d_y_21=0.500
d_y_22=0.250
normalized distance of container 0 : 0.3333333333333333
normalized distance of container 1 : 0.3333333333333333
normalized distance of container 2 : 0.05555555555555555
normalized distance of container 3 : 0.7777777777777778
normalized distance of container 4 : 0.1111111111111111
normalized distance of container 5 : 0.16666666666666666
normalized distance of container 6 : 0.5555555555555556
normalized distance of container 7 : 0.04444444444444389
normalized distance of container 8 : 0.48888888888888893
normalized distance of container 9 : 0.0
normalized distance of container 10 : 0.2777777777777778
normalized distance of container 11 : 0.16666666666666508
normalized distance of container 12 : 0.11111111111111041
normalized distance of container 13 : 0.17777777777777792
normalized distance of container 14 : 0.28888888888888864
normalized distance of container 15 : 0.15555555555555556
normalized distance of container 16 : 0.5555555555555556
normalized distance of container 17 : 0.1111111111111111
normalized distance of container 18 : 0.16666666666666666
normalized distance of container 19 : 0.11111111111110875
normalized distance of container 20 : 0.22222222222222465
normalized distance of container 21 : 0.11111111111111033
normalized distance of container 22 : 0.05555555555555477
