Number of initial container : 5
Number of new container : 15
Total number of containers : 20
Level_num : 9
Container_level : [3, 5, 1, 2, 5, 6, 8, 6, 5, 8, 8, 1, 7, 3, 9, 4, 1, 3, 2, 4]
ideal_configuration : 
 [[5. 7. 0. 0. 0. 0.]
 [3. 5. 8. 0. 0. 0.]
 [2. 3. 5. 8. 0. 0.]
 [1. 2. 4. 6. 8. 0.]
 [1. 1. 3. 4. 6. 9.]]
Centroid : {3: (1.0, 1.6666666666666667), 5: (1.0, 3.0), 1: (0.3333333333333333, 0.3333333333333333), 2: (0.5, 1.5), 6: (3.5, 0.5), 8: (3.0, 2.0), 7: (1.0, 4.0), 9: (5.0, 0.0), 4: (2.5, 0.5)}
Repeat number : 15
Original weight : [12.83, 15.52, 7.92, 8.87, 16.68, 19.33, 22.15, 18.32, 16.98, 22.95, 22.44, 8.29, 20.93, 12.8, 23.97, 13.92, 6.31, 11.15, 8.57, 13.91]
Group : [0, 0, 0, 0, 0, 0, 0, 0, 0, 0, 0, 0, 0, 0, 0, 0, 0, 0, 0, 0]
Sequence : [0, 0, 0, 0, 0, 1, 2, 3, 4, 5, 6, 7, 8, 9, 10, 11, 12, 13, 14, 15]
Scroe : [12.83, 15.52, 7.92, 8.87, 16.68, 19.33, 22.15, 18.32, 16.98, 22.95, 22.44, 8.29, 20.93, 12.8, 23.97, 13.92, 6.31, 11.15, 8.57, 13.91]
Time taken to solve the MIP model : 0.0632 seconds
min_d : 0, max_d : 9
---------------------------------
solution for: IP model
objective: 0
x_0_0_0=1
x_1_2_0=1
x_2_3_0=1
x_3_1_0=1
x_4_1_1=1
x_5_1_2=1
x_6_1_3=1
x_7_2_1=1
x_8_0_1=1
x_9_1_4=1
x_10_2_2=1
x_11_4_0=1
x_12_0_2=1
x_13_4_1=1
x_14_2_3=1
x_15_4_2=1
x_16_5_0=1
x_17_5_1=1
x_18_3_1=1
x_19_5_2=1
d_0=2.667
d_1=4.000
d_2=3.000
d_3=2.000
d_4=2.000
d_5=5.000
d_6=3.000
d_7=3.000
d_8=3.000
d_9=4.000
d_10=1.000
d_11=5.000
d_12=3.000
d_13=4.000
d_14=6.000
d_15=4.000
d_16=6.000
d_17=5.000
d_18=4.000
d_19=5.000
d_x_0=1.000
d_x_1=1.000
d_x_2=2.667
d_x_3=0.500
d_x_5=3.000
d_x_6=2.000
d_x_7=2.000
d_x_8=1.000
d_x_9=2.000
d_x_10=1.000
d_x_11=4.000
d_x_12=1.000
d_x_13=3.000
d_x_14=3.000
d_x_15=2.000
d_x_16=5.000
d_x_17=4.000
d_x_18=3.000
d_x_19=3.000
d_y_0=1.667
d_y_1=3.000
d_y_2=0.333
d_y_3=1.500
d_y_4=2.000
d_y_5=2.000
d_y_6=1.000
d_y_7=1.000
d_y_8=2.000
d_y_9=2.000
d_y_11=1.000
d_y_12=2.000
d_y_13=1.000
d_y_14=3.000
d_y_15=2.000
d_y_16=1.000
d_y_17=1.000
d_y_18=1.000
d_y_19=2.000
normalized distance of container 0 : 0.29629629629629634
normalized distance of container 1 : 0.4444444444444444
normalized distance of container 2 : 0.3333333333333333
normalized distance of container 3 : 0.2222222222222222
normalized distance of container 4 : 0.2222222222222222
normalized distance of container 5 : 0.5555555555555556
normalized distance of container 6 : 0.3333333333333333
normalized distance of container 7 : 0.3333333333333333
normalized distance of container 8 : 0.3333333333333333
normalized distance of container 9 : 0.4444444444444444
normalized distance of container 10 : 0.1111111111111111
normalized distance of container 11 : 0.5555555555555556
normalized distance of container 12 : 0.3333333333333333
normalized distance of container 13 : 0.4444444444444444
normalized distance of container 14 : 0.6666666666666666
normalized distance of container 15 : 0.4444444444444444
normalized distance of container 16 : 0.6666666666666666
normalized distance of container 17 : 0.5555555555555556
normalized distance of container 18 : 0.4444444444444444
normalized distance of container 19 : 0.5555555555555556
