Number of initial container : 5
Number of new container : 15
Total number of containers : 20
Level_num : 9
Container_level : [2, 3, 1, 7, 1, 5, 7, 1, 3, 2, 8, 3, 6, 2, 4, 9, 7, 7, 2, 1]
ideal_configuration : 
 [[3. 7. 0. 0. 0. 0.]
 [2. 4. 7. 0. 0. 0.]
 [1. 2. 5. 7. 0. 0.]
 [1. 2. 3. 6. 8. 0.]
 [1. 1. 2. 3. 7. 9.]]
Centroid : {2: (1.0, 1.5), 3: (1.6666666666666667, 1.6666666666666667), 1: (0.25, 0.75), 7: (2.5, 2.25), 5: (2.0, 2.0), 8: (4.0, 1.0), 6: (3.0, 1.0), 4: (1.0, 3.0), 9: (5.0, 0.0)}
Repeat number : 19
Original weight : [8.36, 10.67, 6.91, 17.2, 6.87, 14.66, 17.66, 6.63, 10.88, 8.4, 18.61, 11.67, 16.38, 9.72, 12.04, 20.24, 16.97, 18.31, 9.84, 6.93]
Sequence : [0, 0, 0, 0, 0, 1, 2, 3, 4, 5, 6, 7, 8, 9, 10, 11, 12, 13, 14, 15]
Emergency : [0, 0, 0, 0, 0, 0, 0, 0, 0, 0, 0, 0, 0, 0, 0, 0, 0, 0, 0, 0]
Time taken to solve the MIP model : 0.0467 seconds
min_d : 0, max_d : 9
---------------------------------
solution for: IP model
objective: 0
status: OPTIMAL_SOLUTION(2)
x_0_3_0=1
x_1_5_0=1
x_2_2_0=1
x_3_2_1=1
x_4_0_0=1
x_5_0_1=1
x_6_0_2=1
x_7_1_0=1
x_8_5_1=1
x_9_3_1=1
x_10_2_2=1
x_11_5_2=1
x_12_5_3=1
x_13_4_0=1
x_14_4_1=1
x_15_5_4=1
x_16_4_2=1
x_17_4_3=1
x_18_3_2=1
x_19_1_1=1
d_0=3.500
d_1=5.000
d_2=2.500
d_3=1.750
d_4=1.000
d_5=3.000
d_6=4.000
d_7=2.000
d_8=5.000
d_9=3.000
d_10=3.000
d_11=5.000
d_12=4.000
d_13=5.000
d_14=5.000
d_15=4.000
d_16=3.000
d_17=3.000
d_18=3.000
d_19=2.000
d_x_0=2.000
d_x_1=3.333
d_x_2=1.750
d_x_3=0.500
d_x_4=0.250
d_x_5=2.000
d_x_6=3.000
d_x_7=1.000
d_x_8=4.000
d_x_9=2.000
d_x_10=2.000
d_x_11=4.000
d_x_12=2.000
d_x_13=3.000
d_x_14=3.000
d_x_16=2.000
d_x_17=2.000
d_x_18=2.000
d_x_19=1.000
d_y_0=1.500
d_y_1=1.667
d_y_2=0.750
d_y_3=1.250
d_y_4=0.750
d_y_5=1.000
d_y_6=1.000
d_y_7=1.000
d_y_8=1.000
d_y_9=1.000
d_y_10=1.000
d_y_11=1.000
d_y_12=2.000
d_y_13=2.000
d_y_14=2.000
d_y_15=4.000
d_y_16=1.000
d_y_17=1.000
d_y_18=1.000
d_y_19=1.000
normalized distance of container 0 : 0.3888888888888889
normalized distance of container 1 : 0.5555555555555556
normalized distance of container 2 : 0.2777777777777778
normalized distance of container 3 : 0.19444444444444445
normalized distance of container 4 : 0.1111111111111111
normalized distance of container 5 : 0.3333333333333333
normalized distance of container 6 : 0.4444444444444444
normalized distance of container 7 : 0.2222222222222222
normalized distance of container 8 : 0.5555555555555556
normalized distance of container 9 : 0.3333333333333333
normalized distance of container 10 : 0.3333333333333333
normalized distance of container 11 : 0.5555555555555556
normalized distance of container 12 : 0.4444444444444444
normalized distance of container 13 : 0.5555555555555556
normalized distance of container 14 : 0.5555555555555556
normalized distance of container 15 : 0.4444444444444444
normalized distance of container 16 : 0.3333333333333333
normalized distance of container 17 : 0.3333333333333333
normalized distance of container 18 : 0.3333333333333333
normalized distance of container 19 : 0.2222222222222222
