Number of initial container : 5
Number of new container : 15
Total number of containers : 20
Level_num : 9
Container_level : [3, 8, 5, 1, 9, 4, 8, 3, 1, 4, 4, 2, 5, 5, 5, 5, 8, 1, 1, 5]
ideal_configuration : 
 [[5. 5. 0. 0. 0. 0.]
 [3. 5. 8. 0. 0. 0.]
 [1. 4. 5. 8. 0. 0.]
 [1. 2. 4. 5. 8. 0.]
 [1. 1. 3. 4. 5. 9.]]
Centroid : {3: (1.0, 1.5), 8: (3.0, 2.0), 5: (1.8333333333333333, 2.3333333333333335), 1: (0.25, 0.75), 9: (5.0, 0.0), 4: (2.0, 1.0), 2: (1.0, 1.0)}
Repeat number : 10
Original weight : [12.09, 22.26, 16.47, 6.06, 23.5, 14.64, 22.23, 11.26, 7.41, 14.76, 12.86, 8.63, 15.03, 15.24, 16.7, 16.22, 22.37, 6.61, 6.04, 16.02]
Sequence : [0, 0, 0, 0, 0, 1, 2, 3, 4, 5, 6, 7, 8, 9, 10, 11, 12, 13, 14, 15]
Emergency : [0, 0, 0, 0, 0, 0, 0, 0, 0, 0, 0, 0, 0, 0, 0, 0, 0, 0, 0, 0]
Time taken to solve the MIP model : 0.4515 seconds
min_d : 0, max_d : 9
---------------------------------
solution for: IP model
objective: 6
status: OPTIMAL_SOLUTION(2)
x_0_1_0=1
x_1_1_1=1
x_2_3_0=1
x_3_3_1=1
x_4_4_0=1
x_5_0_0=1
x_6_3_2=1
x_7_5_0=1
x_8_2_0=1
x_9_0_1=1
x_10_5_1=1
x_11_2_1=1
x_12_2_2=1
x_13_2_3=1
x_14_0_2=1
x_15_2_4=1
x_16_1_2=1
x_17_4_1=1
x_18_3_3=1
x_19_5_2=1
r_3_0=1
r_3_1=1
r_3_2=1
r_3_3=1
r_4_0=1
r_4_1=1
d_0=1.500
d_1=3.000
d_2=3.500
d_3=3.000
d_4=1.000
d_5=3.000
d_7=6.000
d_8=3.000
d_9=2.000
d_10=3.000
d_11=1.000
d_12=2.000
d_13=2.000
d_14=3.000
d_15=3.000
d_16=2.000
d_17=5.000
d_18=6.000
d_19=5.000
d_x_1=2.000
d_x_2=1.167
d_x_3=2.750
d_x_4=1.000
d_x_5=2.000
d_x_7=4.000
d_x_8=2.000
d_x_9=2.000
d_x_10=3.000
d_x_11=1.000
d_x_12=1.000
d_x_13=1.000
d_x_14=2.000
d_x_15=1.000
d_x_16=2.000
d_x_17=4.000
d_x_18=3.000
d_x_19=4.000
d_y_0=1.500
d_y_1=1.000
d_y_2=2.333
d_y_3=0.250
d_y_5=1.000
d_y_7=2.000
d_y_8=1.000
d_y_12=1.000
d_y_13=1.000
d_y_14=1.000
d_y_15=2.000
d_y_17=1.000
d_y_18=3.000
d_y_19=1.000
normalized distance of container 0 : 0.16666666666666666
normalized distance of container 1 : 0.3333333333333333
normalized distance of container 2 : 0.3888888888888889
normalized distance of container 3 : 0.3333333333333333
normalized distance of container 4 : 0.1111111111111111
normalized distance of container 5 : 0.3333333333333333
normalized distance of container 6 : 0.0
normalized distance of container 7 : 0.6666666666666666
normalized distance of container 8 : 0.3333333333333333
normalized distance of container 9 : 0.2222222222222222
normalized distance of container 10 : 0.3333333333333333
normalized distance of container 11 : 0.1111111111111111
normalized distance of container 12 : 0.2222222222222222
normalized distance of container 13 : 0.2222222222222222
normalized distance of container 14 : 0.3333333333333333
normalized distance of container 15 : 0.3333333333333333
normalized distance of container 16 : 0.2222222222222222
normalized distance of container 17 : 0.5555555555555556
normalized distance of container 18 : 0.6666666666666666
normalized distance of container 19 : 0.5555555555555556
