Number of initial container : 3
Number of new container : 17
Total number of containers : 20
Level_num : 9
Container_level : [3, 5, 1, 3, 5, 5, 6, 8, 6, 8, 7, 8, 1, 1, 5, 2, 6, 3, 9, 2]
ideal_configuration : 
 [[5. 7. 0. 0. 0. 0.]
 [3. 5. 8. 0. 0. 0.]
 [2. 3. 6. 8. 0. 0.]
 [1. 2. 5. 6. 8. 0.]
 [1. 1. 3. 5. 6. 9.]]
Centroid : {3: (1.0, 1.6666666666666667), 5: (1.5, 2.0), 1: (0.3333333333333333, 0.3333333333333333), 6: (3.0, 1.0), 8: (3.0, 2.0), 7: (1.0, 4.0), 2: (0.5, 1.5), 9: (5.0, 0.0)}
Repeat number : 24
Original weight : [10.82, 15.96, 5.3, 10.52, 14.69, 15.58, 16.72, 20.36, 17.27, 20.58, 19.64, 20.61, 6.31, 7.0, 14.01, 8.92, 16.04, 10.09, 22.37, 8.69]
Sequence : [0, 0, 0, 1, 2, 3, 4, 5, 6, 7, 8, 9, 10, 11, 12, 13, 14, 15, 16, 17]
Emergency : [0, 0, 0, 0, 0, 0, 0, 0, 0, 0, 0, 0, 0, 0, 0, 0, 0, 0, 0, 0]
Time taken to solve the MIP model : 0.0849 seconds
min_d : 0, max_d : 9
---------------------------------
solution for: IP model
objective: 0
status: OPTIMAL_SOLUTION(2)
x_0_4_0=1
x_1_4_1=1
x_2_2_0=1
x_3_1_0=1
x_4_2_1=1
x_5_2_2=1
x_6_1_1=1
x_7_1_2=1
x_8_4_2=1
x_9_2_3=1
x_10_4_3=1
x_11_4_4=1
x_12_5_0=1
x_13_5_1=1
x_14_5_2=1
x_15_3_0=1
x_16_5_3=1
x_17_3_1=1
x_18_3_2=1
x_19_0_0=1
d_0=4.667
d_1=3.500
d_2=2.000
d_3=2.000
d_4=2.000
d_5=1.000
d_6=2.000
d_7=2.000
d_8=2.000
d_9=2.000
d_10=4.000
d_11=3.000
d_12=6.000
d_13=6.000
d_14=4.000
d_15=5.000
d_16=4.000
d_17=3.000
d_18=4.000
d_19=3.000
d_x_0=3.000
d_x_1=2.500
d_x_2=1.667
d_x_4=1.000
d_x_5=1.000
d_x_6=2.000
d_x_7=2.000
d_x_8=1.000
d_x_9=1.000
d_x_10=3.000
d_x_11=1.000
d_x_12=5.000
d_x_13=5.000
d_x_14=4.000
d_x_15=3.000
d_x_16=2.000
d_x_17=2.000
d_x_18=2.000
d_x_19=1.000
d_y_0=1.667
d_y_1=1.000
d_y_2=0.333
d_y_3=2.000
d_y_4=1.000
d_y_8=1.000
d_y_9=1.000
d_y_10=1.000
d_y_11=2.000
d_y_12=1.000
d_y_13=1.000
d_y_15=2.000
d_y_16=2.000
d_y_17=1.000
d_y_18=2.000
d_y_19=2.000
normalized distance of container 0 : 0.5185185185185186
normalized distance of container 1 : 0.3888888888888889
normalized distance of container 2 : 0.2222222222222222
normalized distance of container 3 : 0.2222222222222222
normalized distance of container 4 : 0.2222222222222222
normalized distance of container 5 : 0.1111111111111111
normalized distance of container 6 : 0.2222222222222222
normalized distance of container 7 : 0.2222222222222222
normalized distance of container 8 : 0.2222222222222222
normalized distance of container 9 : 0.2222222222222222
normalized distance of container 10 : 0.4444444444444444
normalized distance of container 11 : 0.3333333333333333
normalized distance of container 12 : 0.6666666666666666
normalized distance of container 13 : 0.6666666666666666
normalized distance of container 14 : 0.4444444444444444
normalized distance of container 15 : 0.5555555555555556
normalized distance of container 16 : 0.4444444444444444
normalized distance of container 17 : 0.3333333333333333
normalized distance of container 18 : 0.4444444444444444
normalized distance of container 19 : 0.3333333333333333
