Number of initial container : 3
Number of new container : 17
Total number of containers : 20
Level_num : 9
Container_level : [1, 8, 8, 4, 7, 2, 8, 6, 1, 9, 8, 6, 6, 5, 4, 1, 5, 5, 7, 8]
ideal_configuration : 
 [[6. 8. 0. 0. 0. 0.]
 [5. 6. 8. 0. 0. 0.]
 [2. 5. 7. 8. 0. 0.]
 [1. 4. 5. 7. 8. 0.]
 [1. 1. 4. 6. 8. 9.]]
Centroid : {1: (0.3333333333333333, 0.3333333333333333), 8: (2.8, 2.0), 4: (1.5, 0.5), 7: (2.5, 1.5), 2: (0.0, 2.0), 6: (1.3333333333333333, 2.3333333333333335), 9: (5.0, 0.0), 5: (1.0, 2.0)}
Repeat number : 23
Original weight : [5.61, 20.89, 22.4, 13.84, 19.92, 8.34, 20.82, 17.77, 5.65, 22.93, 21.27, 18.11, 17.65, 14.41, 13.87, 7.58, 15.47, 15.53, 20.56, 21.92]
Sequence : [0, 0, 0, 1, 2, 3, 4, 5, 6, 7, 8, 9, 10, 11, 12, 13, 14, 15, 16, 17]
Emergency : [0, 0, 0, 0, 0, 0, 0, 0, 0, 0, 0, 0, 0, 0, 0, 0, 0, 0, 0, 0]
Time taken to solve the MIP model : 2.5569 seconds
min_d : 0, max_d : 9
---------------------------------
solution for: IP model
objective: 3
status: OPTIMAL_SOLUTION(2)
x_0_2_0=1
x_1_3_0=1
x_2_5_0=1
x_3_2_1=1
x_4_4_0=1
x_5_1_0=1
x_6_4_1=1
x_7_1_1=1
x_8_0_0=1
x_9_4_2=1
x_10_3_1=1
x_11_1_2=1
x_12_5_1=1
x_13_2_2=1
x_14_0_1=1
x_15_5_2=1
x_16_2_3=1
x_17_2_4=1
x_18_0_2=1
x_19_3_2=1
r_5_0=1
r_5_1=1
r_5_2=1
d_0=2.000
d_1=2.200
d_2=4.200
d_3=2.000
d_4=4.000
d_5=3.000
d_6=3.000
d_7=3.000
d_8=2.000
d_9=3.000
d_10=2.000
d_11=2.000
d_12=6.000
d_13=1.000
d_14=3.000
d_15=7.000
d_16=2.000
d_17=3.000
d_18=4.000
d_19=1.000
d_x_0=1.667
d_x_1=0.200
d_x_2=2.200
d_x_3=1.000
d_x_4=2.000
d_x_5=1.000
d_x_6=2.000
d_x_7=1.000
d_x_8=1.000
d_x_9=1.000
d_x_10=1.000
d_x_11=1.000
d_x_12=4.000
d_x_13=1.000
d_x_14=2.000
d_x_15=5.000
d_x_16=1.000
d_x_17=1.000
d_x_18=3.000
d_x_19=1.000
d_y_0=0.333
d_y_1=2.000
d_y_2=2.000
d_y_3=1.000
d_y_4=2.000
d_y_5=2.000
d_y_6=1.000
d_y_7=2.000
d_y_8=1.000
d_y_9=2.000
d_y_10=1.000
d_y_11=1.000
d_y_12=2.000
d_y_14=1.000
d_y_15=2.000
d_y_16=1.000
d_y_17=2.000
d_y_18=1.000
normalized distance of container 0 : 0.2222222222222222
normalized distance of container 1 : 0.24444444444444446
normalized distance of container 2 : 0.4666666666666667
normalized distance of container 3 : 0.2222222222222222
normalized distance of container 4 : 0.4444444444444444
normalized distance of container 5 : 0.3333333333333333
normalized distance of container 6 : 0.3333333333333333
normalized distance of container 7 : 0.3333333333333333
normalized distance of container 8 : 0.2222222222222222
normalized distance of container 9 : 0.3333333333333333
normalized distance of container 10 : 0.2222222222222222
normalized distance of container 11 : 0.2222222222222222
normalized distance of container 12 : 0.6666666666666666
normalized distance of container 13 : 0.1111111111111111
normalized distance of container 14 : 0.3333333333333333
normalized distance of container 15 : 0.7777777777777778
normalized distance of container 16 : 0.2222222222222222
normalized distance of container 17 : 0.3333333333333333
normalized distance of container 18 : 0.4444444444444444
normalized distance of container 19 : 0.1111111111111111
