Number of initial container : 3
Number of new container : 17
Total number of containers : 20
Level_num : 9
Container_level : [4, 5, 9, 4, 1, 8, 8, 1, 5, 1, 4, 5, 2, 8, 3, 6, 7, 8, 3, 4]
ideal_configuration : 
 [[5. 8. 0. 0. 0. 0.]
 [4. 5. 8. 0. 0. 0.]
 [2. 4. 5. 8. 0. 0.]
 [1. 3. 4. 6. 8. 0.]
 [1. 1. 3. 4. 7. 9.]]
Centroid : {4: (1.5, 1.5), 5: (1.0, 3.0), 9: (5.0, 0.0), 1: (0.3333333333333333, 0.3333333333333333), 8: (2.5, 2.5), 2: (0.0, 2.0), 3: (1.5, 0.5), 6: (3.0, 1.0), 7: (4.0, 0.0)}
Repeat number : 26
Original weight : [12.99, 16.31, 23.78, 12.57, 5.04, 21.71, 23.01, 6.69, 15.92, 6.65, 12.96, 15.22, 8.84, 22.96, 11.66, 18.96, 20.11, 22.64, 10.14, 14.25]
Sequence : [0, 0, 0, 1, 2, 3, 4, 5, 6, 7, 8, 9, 10, 11, 12, 13, 14, 15, 16, 17]
Emergency : [0, 0, 0, 0, 0, 0, 0, 0, 0, 0, 0, 0, 0, 0, 0, 0, 0, 0, 0, 0]
Time taken to solve the MIP model : 0.0480 seconds
min_d : 0, max_d : 9
---------------------------------
solution for: IP model
objective: 0
status: OPTIMAL_SOLUTION(2)
x_0_2_0=1
x_1_3_0=1
x_2_0_0=1
x_3_5_0=1
x_4_4_0=1
x_5_3_1=1
x_6_3_2=1
x_7_4_1=1
x_8_2_1=1
x_9_1_0=1
x_10_5_1=1
x_11_5_2=1
x_12_4_2=1
x_13_2_2=1
x_14_1_1=1
x_15_5_3=1
x_16_1_2=1
x_17_5_4=1
x_18_4_3=1
x_19_4_4=1
d_0=2.000
d_1=5.000
d_2=5.000
d_3=6.000
d_4=5.000
d_5=3.000
d_6=2.000
d_7=5.000
d_8=3.000
d_9=2.000
d_10=5.000
d_11=5.000
d_12=4.000
d_13=2.000
d_14=2.000
d_15=4.000
d_16=5.000
d_17=5.000
d_18=6.000
d_19=6.000
d_x_0=0.500
d_x_1=2.000
d_x_2=5.000
d_x_3=4.000
d_x_4=4.000
d_x_5=1.000
d_x_6=1.000
d_x_7=4.000
d_x_8=1.000
d_x_9=1.000
d_x_10=4.000
d_x_11=4.000
d_x_12=4.000
d_x_13=1.000
d_x_14=1.000
d_x_15=2.000
d_x_16=3.000
d_x_17=3.000
d_x_18=3.000
d_x_19=3.000
d_y_0=1.500
d_y_1=3.000
d_y_3=2.000
d_y_4=1.000
d_y_5=2.000
d_y_6=1.000
d_y_7=1.000
d_y_8=2.000
d_y_9=1.000
d_y_10=1.000
d_y_11=1.000
d_y_13=1.000
d_y_14=1.000
d_y_15=2.000
d_y_16=2.000
d_y_17=2.000
d_y_18=3.000
d_y_19=3.000
normalized distance of container 0 : 0.2222222222222222
normalized distance of container 1 : 0.5555555555555556
normalized distance of container 2 : 0.5555555555555556
normalized distance of container 3 : 0.6666666666666666
normalized distance of container 4 : 0.5555555555555556
normalized distance of container 5 : 0.3333333333333333
normalized distance of container 6 : 0.2222222222222222
normalized distance of container 7 : 0.5555555555555556
normalized distance of container 8 : 0.3333333333333333
normalized distance of container 9 : 0.2222222222222222
normalized distance of container 10 : 0.5555555555555556
normalized distance of container 11 : 0.5555555555555556
normalized distance of container 12 : 0.4444444444444444
normalized distance of container 13 : 0.2222222222222222
normalized distance of container 14 : 0.2222222222222222
normalized distance of container 15 : 0.4444444444444444
normalized distance of container 16 : 0.5555555555555556
normalized distance of container 17 : 0.5555555555555556
normalized distance of container 18 : 0.6666666666666666
normalized distance of container 19 : 0.6666666666666666
