Number of initial container : 3
Number of new container : 17
Total number of containers : 20
Level_num : 9
Container_level : [5, 8, 7, 3, 2, 3, 3, 1, 8, 3, 6, 8, 5, 7, 2, 4, 1, 3, 2, 3]
ideal_configuration : 
 [[3. 7. 0. 0. 0. 0.]
 [3. 4. 7. 0. 0. 0.]
 [2. 3. 5. 8. 0. 0.]
 [1. 2. 3. 5. 8. 0.]
 [1. 2. 3. 3. 6. 8.]]
Centroid : {5: (2.5, 1.5), 8: (4.0, 1.0), 7: (1.5, 3.5), 3: (1.3333333333333333, 1.6666666666666667), 2: (0.6666666666666666, 1.0), 1: (0.0, 0.5), 6: (4.0, 0.0), 4: (1.0, 3.0)}
Repeat number : 15
Original weight : [16.52, 23.21, 20.13, 9.78, 9.56, 11.01, 11.61, 6.24, 23.44, 10.95, 17.65, 21.36, 15.28, 20.82, 8.94, 13.85, 5.1, 11.51, 9.17, 10.18]
Sequence : [0, 0, 0, 1, 2, 3, 4, 5, 6, 7, 8, 9, 10, 11, 12, 13, 14, 15, 16, 17]
Emergency : [0, 0, 0, 0, 0, 0, 0, 0, 0, 0, 0, 0, 0, 0, 0, 0, 0, 0, 0, 0]
Time taken to solve the MIP model : 0.4928 seconds
min_d : 0, max_d : 9
---------------------------------
solution for: IP model
objective: 3
status: OPTIMAL_SOLUTION(2)
x_0_2_0=1
x_1_1_0=1
x_2_5_0=1
x_3_3_0=1
x_4_4_0=1
x_5_3_1=1
x_6_3_2=1
x_7_0_0=1
x_8_1_1=1
x_9_4_1=1
x_10_2_1=1
x_11_2_2=1
x_12_3_3=1
x_13_3_4=1
x_14_0_1=1
x_15_4_2=1
x_16_5_1=1
x_17_5_2=1
x_18_0_2=1
x_19_0_3=1
r_5_0=1
r_5_1=1
r_5_2=1
d_0=2.000
d_1=4.000
d_2=7.000
d_3=4.000
d_4=5.000
d_5=3.000
d_6=3.000
d_7=1.000
d_8=3.000
d_9=4.000
d_10=3.000
d_11=3.000
d_12=3.000
d_13=3.000
d_14=1.000
d_15=4.000
d_16=6.000
d_17=5.000
d_18=2.000
d_19=4.000
d_x_0=0.500
d_x_1=3.000
d_x_2=3.500
d_x_3=2.000
d_x_4=4.000
d_x_5=2.000
d_x_6=2.000
d_x_8=3.000
d_x_9=3.000
d_x_10=2.000
d_x_11=2.000
d_x_12=1.000
d_x_13=2.000
d_x_14=1.000
d_x_15=3.000
d_x_16=5.000
d_x_17=4.000
d_x_18=1.000
d_x_19=2.000
d_y_0=1.500
d_y_1=1.000
d_y_2=3.500
d_y_3=2.000
d_y_4=1.000
d_y_5=1.000
d_y_6=1.000
d_y_7=1.000
d_y_9=1.000
d_y_10=1.000
d_y_11=1.000
d_y_12=2.000
d_y_13=1.000
d_y_15=1.000
d_y_16=1.000
d_y_17=1.000
d_y_18=1.000
d_y_19=2.000
normalized distance of container 0 : 0.2222222222222222
normalized distance of container 1 : 0.4444444444444444
normalized distance of container 2 : 0.7777777777777778
normalized distance of container 3 : 0.4444444444444444
normalized distance of container 4 : 0.5555555555555556
normalized distance of container 5 : 0.3333333333333333
normalized distance of container 6 : 0.3333333333333333
normalized distance of container 7 : 0.1111111111111111
normalized distance of container 8 : 0.3333333333333333
normalized distance of container 9 : 0.4444444444444444
normalized distance of container 10 : 0.3333333333333333
normalized distance of container 11 : 0.3333333333333333
normalized distance of container 12 : 0.3333333333333333
normalized distance of container 13 : 0.3333333333333333
normalized distance of container 14 : 0.1111111111111111
normalized distance of container 15 : 0.4444444444444444
normalized distance of container 16 : 0.6666666666666666
normalized distance of container 17 : 0.5555555555555556
normalized distance of container 18 : 0.2222222222222222
normalized distance of container 19 : 0.4444444444444444
