Number of initial container : 5
Number of new container : 15
Total number of containers : 20
Level_num : 9
Container_level : [2, 3, 2, 5, 5, 3, 7, 6, 1, 6, 4, 3, 2, 2, 4, 4, 9, 1, 1, 5]
ideal_configuration : 
 [[5. 0. 0. 0. 0. 0. 0. 0. 0. 0.]
 [4. 6. 0. 0. 0. 0. 0. 0. 0. 0.]
 [2. 4. 6. 0. 0. 0. 0. 0. 0. 0.]
 [2. 3. 4. 7. 0. 0. 0. 0. 0. 0.]
 [1. 2. 3. 5. 9. 0. 0. 0. 0. 0.]
 [1. 1. 2. 3. 5. 0. 0. 0. 0. 0.]]
Centroid : {2: (1.75, 1.5), 3: (3.0, 1.0), 5: (3.3333333333333335, 2.0), 7: (4.0, 2.0), 6: (2.5, 3.5), 1: (1.3333333333333333, 0.3333333333333333), 4: (2.0, 3.0), 9: (5.0, 1.0)}
Repeat number : 19
Original weight : [7.52, 11.1, 9.31, 15.91, 15.52, 11.36, 19.6, 17.6, 6.34, 16.94, 12.06, 10.09, 8.5, 8.16, 12.79, 12.44, 22.38, 6.64, 5.25, 15.93]
Group : [0, 0, 0, 0, 0, 0, 0, 0, 0, 0, 0, 0, 0, 0, 0, 0, 0, 0, 0, 0]
Sequence : [0, 0, 0, 0, 0, 1, 2, 3, 4, 5, 6, 7, 8, 9, 10, 11, 12, 13, 14, 15]
Scroe : [7.52, 11.1, 9.31, 15.91, 15.52, 11.36, 19.6, 17.6, 6.34, 16.94, 12.06, 10.09, 8.5, 8.16, 12.79, 12.44, 22.38, 6.64, 5.25, 15.93]
Time taken to solve the MIP model : 35.4769 seconds
---------------------------------
solution for: IP model
objective: 15.25
x_1_9_0=1
x_2_9_1=1
x_3_2_0=1
x_4_7_0=1
x_5_5_0=1
x_6_2_1=1
x_7_5_1=1
x_8_2_2=1
x_9_1_0=1
x_10_2_3=1
x_11_2_4=1
x_12_3_0=1
x_13_1_1=1
x_14_1_2=1
x_15_3_1=1
x_16_1_3=1
x_17_5_2=1
x_18_4_0=1
x_19_6_0=1
x_20_3_2=1
r_1_1=1
r_1_2=1
r_1_3=1
r_2_2=1
r_2_3=1
r_2_4=1
d_1=8.750
d_2=6.000
d_3=1.750
d_4=5.667
d_5=3.667
d_6=1.000
d_7=2.000
d_8=2.000
d_9=0.667
d_10=1.000
d_11=1.000
d_12=1.000
d_13=1.250
d_14=1.250
d_15=3.000
d_16=1.000
d_17=1.000
d_18=3.000
d_19=5.000
d_20=0.333
d_x_1=7.250
d_x_2=6.000
d_x_3=0.250
d_x_4=3.667
d_x_5=1.667
d_x_6=1.000
d_x_7=1.000
d_x_8=0.500
d_x_9=0.333
d_x_10=0.500
d_x_13=0.750
d_x_14=0.750
d_x_15=1.000
d_x_16=1.000
d_x_18=2.667
d_x_19=4.667
d_x_20=0.333
d_y_1=1.500
d_y_3=1.500
d_y_4=2.000
d_y_5=2.000
d_y_7=1.000
d_y_8=1.500
d_y_9=0.333
d_y_10=0.500
d_y_11=1.000
d_y_12=1.000
d_y_13=0.500
d_y_14=0.500
d_y_15=2.000
d_y_17=1.000
d_y_18=0.333
d_y_19=0.333
