Number of initial container : 0
Number of new container : 23
Total number of containers : 23
Level_num : 9
Container_level : [3, 3, 6, 3, 3, 8, 3, 6, 1, 1, 1, 1, 6, 6, 9, 8, 1, 1, 6, 6, 8, 3, 1]
ideal_configuration : 
 [[3. 6. 8. 0. 0. 0.]
 [1. 3. 6. 8. 0. 0.]
 [1. 3. 3. 6. 9. 0.]
 [1. 1. 3. 6. 6. 0.]
 [1. 1. 1. 3. 6. 8.]]
Centroid : {3: (1.5, 2.0), 6: (2.8333333333333335, 1.8333333333333333), 8: (3.3333333333333335, 2.3333333333333335), 1: (0.5714285714285714, 1.0), 9: (4.0, 2.0)}
Repeat number : 21
Original weight : [7.81, 10.76, 18.15, 19.54, 17.79, 15.77, 8.67, 17.49, 6.07, 23.95, 5.57, 11.38, 10.4, 10.05, 20.0, 12.33, 9.26, 13.36, 13.8, 5.02, 10.47, 23.03, 17.8]
Group : [1, 1, 2, 1, 1, 3, 1, 2, 0, 0, 0, 0, 2, 2, 3, 3, 0, 0, 2, 2, 3, 1, 0]
Sequence : [1, 2, 3, 4, 5, 6, 7, 8, 9, 10, 11, 12, 13, 14, 15, 16, 17, 18, 19, 20, 21, 22, 23]
Scroe : [107.81, 110.76, 218.15, 119.53999999999999, 117.78999999999999, 315.77, 108.67, 217.49, 6.07, 23.95, 5.57, 11.38, 210.4, 210.05, 320.0, 312.33, 9.26, 13.36, 213.8, 205.02, 310.47, 123.03, 17.8]
Time taken to solve the MIP model : 0.1934 seconds
min_d : 0, max_d : 9
---------------------------------
solution for: IP model
objective: 4.13757
x_0_2_0=1
x_1_2_1=1
x_2_5_0=1
x_3_2_2=1
x_4_2_3=1
x_5_4_0=1
x_6_2_4=1
x_7_4_1=1
x_8_1_0=1
x_9_0_0=1
x_10_1_1=1
x_11_0_1=1
x_12_3_0=1
x_13_3_1=1
x_14_4_2=1
x_15_4_3=1
x_16_0_2=1
x_17_1_2=1
x_18_3_2=1
x_19_5_1=1
x_20_3_3=1
x_21_1_3=1
x_22_0_3=1
r_0_0=1
r_0_1=1
r_0_2=1
r_0_3=1
r_1_0=1
r_1_1=1
r_1_2=1
r_1_3=1
r_2_1=1
r_2_2=1
r_2_3=1
r_2_4=1
r_3_0=1
r_3_1=1
r_3_2=1
r_3_3=1
r_4_0=1
r_4_1=1
r_4_2=1
r_4_3=1
r_5_0=1
r_5_1=1
d_0=2.500
d_1=1.500
d_2=4.000
d_3=0.500
d_4=1.500
d_5=3.000
d_6=2.500
d_7=2.000
d_8=1.429
d_9=1.571
d_10=0.429
d_11=0.571
d_12=2.000
d_13=1.000
d_15=1.333
d_16=1.571
d_17=1.429
d_18=0.333
d_19=3.000
d_20=1.000
d_21=1.500
d_22=2.571
d_x_0=0.500
d_x_1=0.500
d_x_2=2.167
d_x_3=0.500
d_x_4=0.500
d_x_5=0.667
d_x_6=0.500
d_x_7=1.167
d_x_8=0.429
d_x_9=0.571
d_x_10=0.429
d_x_11=0.571
d_x_12=0.167
d_x_13=0.167
d_x_15=0.667
d_x_16=0.571
d_x_17=0.429
d_x_18=0.167
d_x_19=2.167
d_x_20=0.333
d_x_21=0.500
d_x_22=0.571
d_y_0=2.000
d_y_1=1.000
d_y_2=1.833
d_y_4=1.000
d_y_5=2.333
d_y_6=2.000
d_y_7=0.833
d_y_8=1.000
d_y_9=1.000
d_y_12=1.833
d_y_13=0.833
d_y_15=0.667
d_y_16=1.000
d_y_17=1.000
d_y_18=0.167
d_y_19=0.833
d_y_20=0.667
d_y_21=1.000
d_y_22=2.000
normalized distance of container 0 : 0.27777777777777757
normalized distance of container 1 : 0.1666666666666662
normalized distance of container 2 : 0.4444444444444444
normalized distance of container 3 : 0.05555555555555477
normalized distance of container 4 : 0.16666666666666585
normalized distance of container 5 : 0.3333333333333331
normalized distance of container 6 : 0.277777777777777
normalized distance of container 7 : 0.22222222222222196
normalized distance of container 8 : 0.15873015873015833
normalized distance of container 9 : 0.1746031746031746
normalized distance of container 10 : 0.04761904761904624
normalized distance of container 11 : 0.06349206349206349
normalized distance of container 12 : 0.22222222222222196
normalized distance of container 13 : 0.11111111111111084
normalized distance of container 14 : 0.0
normalized distance of container 15 : 0.14814814814814822
normalized distance of container 16 : 0.1746031746031746
normalized distance of container 17 : 0.15873015873015736
normalized distance of container 18 : 0.03703703703703651
normalized distance of container 19 : 0.3333333333333329
normalized distance of container 20 : 0.11111111111111033
normalized distance of container 21 : 0.16666666666666666
normalized distance of container 22 : 0.2857142857142857
