Number of initial container : 0
Number of new container : 23
Total number of containers : 23
Level_num : 9
Container_level : [1, 6, 6, 3, 3, 8, 3, 8, 3, 3, 1, 1, 3, 6, 3, 1, 9, 8, 6, 8, 3, 3, 8]
ideal_configuration : 
 [[3. 6. 8. 0. 0. 0.]
 [3. 3. 6. 8. 0. 0.]
 [1. 3. 3. 8. 9. 0.]
 [1. 3. 3. 6. 8. 0.]
 [1. 1. 3. 3. 6. 8.]]
Centroid : {1: (0.25, 0.75), 6: (2.5, 2.0), 3: (1.3333333333333333, 1.7777777777777777), 8: (3.4, 2.0), 9: (4.0, 2.0)}
Repeat number : 17
Original weight : [13.83, 22.3, 12.82, 8.98, 7.2, 9.87, 19.31, 12.49, 7.15, 5.57, 8.74, 16.97, 6.91, 12.88, 17.09, 20.88, 16.04, 14.36, 15.28, 8.3, 11.58, 9.6, 7.37]
Group : [0, 2, 2, 1, 1, 3, 1, 3, 1, 1, 0, 0, 1, 2, 1, 0, 3, 3, 2, 3, 1, 1, 3]
Sequence : [1, 2, 3, 4, 5, 6, 7, 8, 9, 10, 11, 12, 13, 14, 15, 16, 17, 18, 19, 20, 21, 22, 23]
Scroe : [13.83, 222.3, 212.82, 108.98, 107.2, 309.87, 119.31, 312.49, 107.15, 105.57, 8.74, 16.97, 106.91, 212.88, 117.09, 20.88, 316.04, 314.36, 215.28, 308.3, 111.58, 109.6, 307.37]
Time taken to solve the MIP model : 0.4329 seconds
min_d : 0, max_d : 9
---------------------------------
solution for: IP model
objective: 4.16667
x_0_1_0=1
x_1_3_0=1
x_1_5_0=0
x_1_5_1=0
x_2_3_1=1
x_2_3_2=-0
x_3_2_0=1
x_4_2_1=1
x_5_4_2=0
x_5_5_0=1
x_5_5_2=-0
x_6_2_2=1
x_7_4_0=0
x_7_5_1=1
x_8_1_1=1
x_9_2_3=1
x_10_0_0=1
x_11_0_1=1
x_12_1_2=1
x_13_3_0=0
x_13_3_1=-0
x_13_3_2=1
x_13_3_3=-0
x_14_0_2=1
x_15_0_3=1
x_16_4_0=1
x_17_3_2=-0
x_17_4_1=1
x_18_3_1=-0
x_18_3_2=-0
x_18_3_3=1
x_18_4_0=-0
x_18_4_1=-0
x_18_4_2=-0
x_19_3_3=-0
x_19_4_2=1
x_20_1_3=1
x_21_1_4=1
x_22_4_3=1
r_0_0=1
r_0_1=1
r_0_2=1
r_0_3=1
r_1_0=1
r_1_1=1
r_1_2=1
r_1_3=1
r_1_4=1
r_2_0=1
r_2_1=1
r_2_2=1
r_2_3=1
r_3_0=1
r_3_1=1
r_3_2=1
r_3_3=1
r_4_0=1
r_4_1=1
r_4_2=1
r_4_3=1
r_5_1=-0
r_5_2=-0
d_0=1.500
d_1=2.500
d_2=1.500
d_3=2.444
d_4=1.444
d_5=3.600
d_6=0.889
d_7=2.600
d_8=1.111
d_9=1.889
d_10=1.000
d_11=0.500
d_12=0.556
d_13=0.500
d_14=1.556
d_15=2.500
d_16=2.000
d_17=1.600
d_18=1.500
d_19=0.600
d_20=1.556
d_21=2.556
d_22=1.600
d_x_0=0.750
d_x_1=0.500
d_x_2=0.500
d_x_3=0.667
d_x_4=0.667
d_x_5=1.600
d_x_6=0.667
d_x_7=1.600
d_x_8=0.333
d_x_9=0.667
d_x_10=0.250
d_x_11=0.250
d_x_12=0.333
d_x_13=0.500
d_x_14=1.333
d_x_15=0.250
d_x_17=0.600
d_x_18=0.500
d_x_19=0.600
d_x_20=0.333
d_x_21=0.333
d_x_22=0.600
d_y_0=0.750
d_y_1=2.000
d_y_2=1.000
d_y_3=1.778
d_y_4=0.778
d_y_5=2.000
d_y_6=0.222
d_y_7=1.000
d_y_8=0.778
d_y_9=1.222
d_y_10=0.750
d_y_11=0.250
d_y_12=0.222
d_y_13=-0.000
d_y_14=0.222
d_y_15=2.250
d_y_16=2.000
d_y_17=1.000
d_y_18=1.000
d_y_19=-0.000
d_y_20=1.222
d_y_21=2.222
d_y_22=1.000
normalized distance of container 0 : 0.16666666666666666
normalized distance of container 1 : 0.2777777777780311
normalized distance of container 2 : 0.1666666666668043
normalized distance of container 3 : 0.27160493827160465
normalized distance of container 4 : 0.16049382716049315
normalized distance of container 5 : 0.3999999999997504
normalized distance of container 6 : 0.0987654320987641
normalized distance of container 7 : 0.2888888888888887
normalized distance of container 8 : 0.12345679012345677
normalized distance of container 9 : 0.209876543209875
normalized distance of container 10 : 0.1111111111111111
normalized distance of container 11 : 0.05555555555555477
normalized distance of container 12 : 0.061728395061727906
normalized distance of container 13 : 0.055555555555507945
normalized distance of container 14 : 0.17283950617283902
normalized distance of container 15 : 0.277777777777777
normalized distance of container 16 : 0.2222222222222222
normalized distance of container 17 : 0.17777777777782147
normalized distance of container 18 : 0.16666666666655516
normalized distance of container 19 : 0.06666666666663715
normalized distance of container 20 : 0.17283950617283902
normalized distance of container 21 : 0.2839506172839501
normalized distance of container 22 : 0.17777777777777778
