Number of initial container : 0
Number of new container : 23
Total number of containers : 23
Level_num : 9
Container_level : [6, 8, 1, 3, 6, 6, 1, 8, 8, 1, 6, 1, 6, 3, 6, 9, 8, 6, 8, 3, 3, 8, 3]
ideal_configuration : 
 [[6. 6. 8. 0. 0. 0.]
 [3. 6. 8. 8. 0. 0.]
 [1. 3. 6. 8. 9. 0.]
 [1. 3. 3. 6. 8. 0.]
 [1. 1. 3. 6. 6. 8.]]
Centroid : {6: (2.0, 2.0), 8: (3.1666666666666665, 2.1666666666666665), 1: (0.25, 0.75), 3: (1.2, 1.4), 9: (4.0, 2.0)}
Repeat number : 12
Original weight : [6.29, 7.73, 14.1, 13.99, 21.95, 12.89, 11.4, 9.09, 20.81, 9.19, 22.81, 12.04, 9.21, 9.73, 6.89, 22.02, 11.0, 7.05, 5.15, 18.23, 5.94, 12.43, 18.95]
Group : [2, 3, 0, 1, 2, 2, 0, 3, 3, 0, 2, 0, 2, 1, 2, 3, 3, 2, 3, 1, 1, 3, 1]
Sequence : [1, 2, 3, 4, 5, 6, 7, 8, 9, 10, 11, 12, 13, 14, 15, 16, 17, 18, 19, 20, 21, 22, 23]
Scroe : [206.29, 307.73, 14.1, 113.99, 221.95, 212.89, 11.4, 309.09, 320.81, 9.19, 222.81, 12.04, 209.21, 109.73, 206.89, 322.02, 311.0, 207.05, 305.15, 118.23, 105.94, 312.43, 118.95]
Time taken to solve the MIP model : 0.2785 seconds
min_d : 0, max_d : 9
---------------------------------
solution for: IP model
objective: 4.04815
x_0_2_0=1
x_1_3_0=1
x_2_0_0=1
x_3_1_0=1
x_4_2_1=1
x_5_3_1=1
x_6_0_1=1
x_7_5_0=1
x_8_4_0=1
x_9_0_2=1
x_10_3_2=1
x_11_0_3=1
x_12_2_2=1
x_13_1_1=1
x_14_2_3=1
x_15_4_1=1
x_16_3_3=1
x_17_2_4=1
x_18_3_4=1
x_19_1_2=1
x_20_1_3=1
x_21_4_2=1
x_22_1_4=1
r_0_0=1
r_0_1=1
r_0_2=1
r_0_3=1
r_1_0=1
r_1_1=1
r_1_2=1
r_1_3=1
r_1_4=1
r_2_0=1
r_2_1=1
r_2_2=1
r_2_3=1
r_2_4=1
r_3_0=1
r_3_1=1
r_3_2=1
r_3_3=1
r_3_4=1
r_4_0=1
r_4_1=1
r_4_2=1
d_0=2.000
d_1=2.333
d_2=1.000
d_3=1.600
d_4=1.000
d_5=2.000
d_6=0.500
d_7=4.000
d_8=3.000
d_9=1.500
d_10=1.000
d_11=2.500
d_13=0.600
d_14=1.000
d_15=1.000
d_16=1.000
d_17=2.000
d_18=2.000
d_19=0.800
d_20=1.800
d_21=1.000
d_22=2.800
d_x_1=0.167
d_x_2=0.250
d_x_3=0.200
d_x_5=1.000
d_x_6=0.250
d_x_7=1.833
d_x_8=0.833
d_x_9=0.250
d_x_10=1.000
d_x_11=0.250
d_x_13=0.200
d_x_16=0.167
d_x_18=0.167
d_x_19=0.200
d_x_20=0.200
d_x_21=0.833
d_x_22=0.200
d_y_0=2.000
d_y_1=2.167
d_y_2=0.750
d_y_3=1.400
d_y_4=1.000
d_y_5=1.000
d_y_6=0.250
d_y_7=2.167
d_y_8=2.167
d_y_9=1.250
d_y_11=2.250
d_y_13=0.400
d_y_14=1.000
d_y_15=1.000
d_y_16=0.833
d_y_17=2.000
d_y_18=1.833
d_y_19=0.600
d_y_20=1.600
d_y_21=0.167
d_y_22=2.600
normalized distance of container 0 : 0.2222222222222222
normalized distance of container 1 : 0.25925925925925897
normalized distance of container 2 : 0.11111111111111072
normalized distance of container 3 : 0.17777777777777776
normalized distance of container 4 : 0.1111111111111111
normalized distance of container 5 : 0.2222222222222222
normalized distance of container 6 : 0.05555555555555472
normalized distance of container 7 : 0.44444444444444403
normalized distance of container 8 : 0.333333333333333
normalized distance of container 9 : 0.16666666666666646
normalized distance of container 10 : 0.1111111111111111
normalized distance of container 11 : 0.2777777777777774
normalized distance of container 12 : 0.0
normalized distance of container 13 : 0.06666666666666665
normalized distance of container 14 : 0.1111111111111111
normalized distance of container 15 : 0.1111111111111111
normalized distance of container 16 : 0.11111111111111077
normalized distance of container 17 : 0.2222222222222222
normalized distance of container 18 : 0.22222222222222188
normalized distance of container 19 : 0.08888888888888825
normalized distance of container 20 : 0.19999999999999937
normalized distance of container 21 : 0.11111111111111077
normalized distance of container 22 : 0.3111111111111106
