Number of initial container : 0
Number of new container : 23
Total number of containers : 23
Level_num : 9
Container_level : [6, 6, 1, 6, 8, 6, 8, 6, 8, 6, 3, 3, 9, 6, 8, 3, 1, 3, 6, 1, 1, 8, 8]
ideal_configuration : 
 [[6. 6. 8. 0. 0. 0.]
 [3. 6. 8. 8. 0. 0.]
 [1. 3. 6. 8. 9. 0.]
 [1. 3. 6. 6. 8. 0.]
 [1. 1. 3. 6. 6. 8.]]
Centroid : {6: (2.0, 1.875), 1: (0.25, 0.75), 8: (3.1666666666666665, 2.1666666666666665), 3: (1.0, 1.5), 9: (4.0, 2.0)}
Repeat number : 7
Original weight : [13.41, 23.68, 12.35, 15.3, 17.72, 22.6, 18.19, 9.67, 18.63, 18.56, 20.29, 12.14, 20.64, 20.65, 7.49, 15.9, 22.34, 15.81, 16.47, 21.38, 19.98, 12.94, 7.93]
Group : [2, 2, 0, 2, 3, 2, 3, 2, 3, 2, 1, 1, 3, 2, 3, 1, 0, 1, 2, 0, 0, 3, 3]
Sequence : [1, 2, 3, 4, 5, 6, 7, 8, 9, 10, 11, 12, 13, 14, 15, 16, 17, 18, 19, 20, 21, 22, 23]
Scroe : [213.41, 223.68, 12.35, 215.3, 317.72, 222.6, 318.19, 209.67, 318.63, 218.56, 120.28999999999999, 112.14, 320.64, 220.65, 307.49, 115.9, 22.34, 115.81, 216.47, 21.38, 19.98, 312.94, 307.93]
Time taken to solve the MIP model : 0.2704 seconds
min_d : 0, max_d : 9
---------------------------------
solution for: IP model
objective: 3.98148
x_0_3_0=1
x_1_2_0=1
x_2_0_0=1
x_3_2_1=1
x_4_4_0=1
x_5_2_2=1
x_6_4_1=1
x_7_2_3=1
x_8_4_2=1
x_9_3_1=1
x_10_1_0=1
x_11_1_1=1
x_12_5_0=1
x_13_2_4=1
x_14_3_2=1
x_15_1_2=1
x_16_0_1=1
x_17_1_3=1
x_18_1_4=1
x_19_0_2=1
x_20_0_3=1
x_21_3_3=1
x_22_3_4=1
r_0_0=1
r_0_1=1
r_0_2=1
r_0_3=1
r_1_0=1
r_1_1=1
r_1_2=1
r_1_3=1
r_1_4=1
r_2_0=1
r_2_1=1
r_2_2=1
r_2_3=1
r_2_4=1
r_3_3=1
r_3_4=1
d_0=2.875
d_1=1.875
d_2=1.000
d_3=0.875
d_4=3.000
d_5=0.125
d_6=2.000
d_7=1.125
d_8=1.000
d_9=1.875
d_10=1.500
d_11=0.500
d_12=3.000
d_13=2.125
d_14=0.333
d_15=0.500
d_16=0.500
d_17=1.500
d_18=3.125
d_19=1.500
d_20=2.500
d_21=1.000
d_22=2.000
d_x_0=1.000
d_x_2=0.250
d_x_4=0.833
d_x_6=0.833
d_x_8=0.833
d_x_9=1.000
d_x_12=1.000
d_x_14=0.167
d_x_16=0.250
d_x_18=1.000
d_x_19=0.250
d_x_20=0.250
d_x_21=0.167
d_x_22=0.167
d_y_0=1.875
d_y_1=1.875
d_y_2=0.750
d_y_3=0.875
d_y_4=2.167
d_y_5=0.125
d_y_6=1.167
d_y_7=1.125
d_y_8=0.167
d_y_9=0.875
d_y_10=1.500
d_y_11=0.500
d_y_12=2.000
d_y_13=2.125
d_y_14=0.167
d_y_15=0.500
d_y_16=0.250
d_y_17=1.500
d_y_18=2.125
d_y_19=1.250
d_y_20=2.250
d_y_21=0.833
d_y_22=1.833
normalized distance of container 0 : 0.3194444444444444
normalized distance of container 1 : 0.20833333333333334
normalized distance of container 2 : 0.1111111111111111
normalized distance of container 3 : 0.09722222222222222
normalized distance of container 4 : 0.3333333333333332
normalized distance of container 5 : 0.013888888888888494
normalized distance of container 6 : 0.22222222222222188
normalized distance of container 7 : 0.12499999999999961
normalized distance of container 8 : 0.11111111111111077
normalized distance of container 9 : 0.20833333333333334
normalized distance of container 10 : 0.16666666666666666
normalized distance of container 11 : 0.05555555555555555
normalized distance of container 12 : 0.3333333333333333
normalized distance of container 13 : 0.23611111111111072
normalized distance of container 14 : 0.03703703703703701
normalized distance of container 15 : 0.05555555555555477
normalized distance of container 16 : 0.05555555555555477
normalized distance of container 17 : 0.16666666666666666
normalized distance of container 18 : 0.3472222222222218
normalized distance of container 19 : 0.16666666666666588
normalized distance of container 20 : 0.277777777777777
normalized distance of container 21 : 0.11111111111111077
normalized distance of container 22 : 0.22222222222222276
