Number of initial container : 0
Number of new container : 23
Total number of containers : 23
Level_num : 9
Container_level : [1, 9, 8, 6, 6, 1, 3, 8, 1, 4, 6, 1, 8, 1, 6, 1, 1, 1, 3, 1, 1, 6, 1]
ideal_configuration : 
 [[1. 6. 8. 0. 0. 0.]
 [1. 3. 6. 8. 0. 0.]
 [1. 1. 3. 6. 9. 0.]
 [1. 1. 1. 4. 6. 0.]
 [1. 1. 1. 1. 6. 8.]]
Centroid : {1: (0.9090909090909091, 1.2727272727272727), 9: (4.0, 2.0), 8: (3.3333333333333335, 2.3333333333333335), 6: (2.8, 2.0), 3: (1.5, 2.5), 4: (3.0, 1.0)}
Repeat number : 30
Original weight : [5.89, 13.63, 6.85, 16.05, 15.24, 9.52, 17.42, 12.78, 13.72, 23.11, 7.64, 8.9, 8.98, 5.1, 12.78, 23.32, 13.13, 16.5, 11.06, 19.14, 8.82, 8.65, 10.19]
Group : [0, 3, 3, 2, 2, 0, 1, 3, 0, 1, 2, 0, 3, 0, 2, 0, 0, 0, 1, 0, 0, 2, 0]
Sequence : [1, 2, 3, 4, 5, 6, 7, 8, 9, 10, 11, 12, 13, 14, 15, 16, 17, 18, 19, 20, 21, 22, 23]
Scroe : [5.89, 313.63, 306.85, 216.05, 215.24, 9.52, 117.42, 312.78, 13.72, 123.11, 207.64, 8.9, 308.98, 5.1, 212.78, 23.32, 13.13, 16.5, 111.06, 19.14, 8.82, 208.65, 10.19]
Time taken to solve the MIP model : 0.2991 seconds
min_d : 0, max_d : 9
---------------------------------
solution for: IP model
objective: 4.20875
x_0_2_0=1
x_1_4_0=1
x_2_4_1=1
x_3_4_2=1
x_4_3_0=1
x_5_2_1=1
x_6_2_2=1
x_7_4_3=1
x_8_0_0=1
x_9_3_1=1
x_10_3_2=1
x_11_1_0=1
x_12_5_0=1
x_13_0_1=1
x_14_5_1=1
x_15_1_1=1
x_16_0_2=1
x_17_0_3=1
x_18_2_3=1
x_19_1_2=1
x_20_1_3=1
x_21_3_3=1
x_22_1_4=1
r_0_0=1
r_0_1=1
r_0_2=1
r_0_3=1
r_1_0=1
r_1_1=1
r_1_2=1
r_1_3=1
r_1_4=1
r_2_0=1
r_2_1=1
r_2_2=1
r_2_3=1
r_3_0=1
r_3_1=1
r_3_2=1
r_3_3=1
r_4_0=1
r_4_1=1
r_4_2=1
r_4_3=1
r_5_0=1
r_5_1=1
d_0=2.364
d_1=2.000
d_2=2.000
d_3=1.200
d_4=2.200
d_5=1.364
d_6=1.000
d_7=1.333
d_8=2.182
d_10=0.200
d_11=1.364
d_12=4.000
d_13=1.182
d_14=3.200
d_15=0.364
d_16=1.636
d_17=2.636
d_18=1.000
d_19=0.818
d_20=1.818
d_21=1.200
d_22=2.818
d_x_0=1.091
d_x_2=0.667
d_x_3=1.200
d_x_4=0.200
d_x_5=1.091
d_x_6=0.500
d_x_7=0.667
d_x_8=0.909
d_x_10=0.200
d_x_11=0.091
d_x_12=1.667
d_x_13=0.909
d_x_14=2.200
d_x_15=0.091
d_x_16=0.909
d_x_17=0.909
d_x_18=0.500
d_x_19=0.091
d_x_20=0.091
d_x_21=0.200
d_x_22=0.091
d_y_0=1.273
d_y_1=2.000
d_y_2=1.333
d_y_4=2.000
d_y_5=0.273
d_y_6=0.500
d_y_7=0.667
d_y_8=1.273
d_y_11=1.273
d_y_12=2.333
d_y_13=0.273
d_y_14=1.000
d_y_15=0.273
d_y_16=0.727
d_y_17=1.727
d_y_18=0.500
d_y_19=0.727
d_y_20=1.727
d_y_21=1.000
d_y_22=2.727
normalized distance of container 0 : 0.2626262626262625
normalized distance of container 1 : 0.2222222222222222
normalized distance of container 2 : 0.22222222222222207
normalized distance of container 3 : 0.13333333333333286
normalized distance of container 4 : 0.24444444444444396
normalized distance of container 5 : 0.15151515151515102
normalized distance of container 6 : 0.11111111111111033
normalized distance of container 7 : 0.14814814814814742
normalized distance of container 8 : 0.2424242424242424
normalized distance of container 9 : 0.0
normalized distance of container 10 : 0.022222222222221748
normalized distance of container 11 : 0.15151515151515102
normalized distance of container 12 : 0.44444444444444425
normalized distance of container 13 : 0.1313131313131313
normalized distance of container 14 : 0.35555555555555507
normalized distance of container 15 : 0.04040404040403911
normalized distance of container 16 : 0.18181818181818096
normalized distance of container 17 : 0.29292929292929204
normalized distance of container 18 : 0.11111111111110993
normalized distance of container 19 : 0.09090909090908876
normalized distance of container 20 : 0.20202020202019985
normalized distance of container 21 : 0.13333333333333286
normalized distance of container 22 : 0.313131313131311
