Number of initial container : 0
Number of new container : 23
Total number of containers : 23
Level_num : 9
Container_level : [6, 8, 3, 6, 3, 9, 1, 3, 8, 8, 6, 1, 8, 8, 8, 6, 6, 3, 3, 1, 6, 8, 6]
ideal_configuration : 
 [[6. 8. 8. 0. 0. 0.]
 [3. 6. 8. 8. 0. 0.]
 [3. 3. 6. 8. 9. 0.]
 [1. 3. 6. 6. 8. 0.]
 [1. 1. 3. 6. 6. 8.]]
Centroid : {6: (2.142857142857143, 1.5714285714285714), 8: (2.857142857142857, 2.4285714285714284), 3: (0.8, 1.6), 9: (4.0, 2.0), 1: (0.3333333333333333, 0.3333333333333333)}
Repeat number : 23
Original weight : [7.28, 20.23, 18.75, 6.39, 12.77, 23.42, 13.88, 20.62, 17.89, 15.79, 22.65, 9.91, 7.64, 15.35, 9.84, 18.2, 18.24, 6.92, 18.56, 13.47, 20.45, 22.52, 6.33]
Group : [2, 3, 1, 2, 1, 3, 0, 1, 3, 3, 2, 0, 3, 3, 3, 2, 2, 1, 1, 0, 2, 3, 2]
Sequence : [1, 2, 3, 4, 5, 6, 7, 8, 9, 10, 11, 12, 13, 14, 15, 16, 17, 18, 19, 20, 21, 22, 23]
Scroe : [207.28, 320.23, 118.75, 206.39, 112.77, 323.42, 13.88, 120.62, 317.89, 315.79, 222.65, 9.91, 307.64, 315.35, 309.84, 218.2, 218.24, 106.92, 118.56, 13.47, 220.45, 322.52, 206.33]
Time taken to solve the MIP model : 0.5120 seconds
min_d : 0, max_d : 9
---------------------------------
solution for: IP model
objective: 4.18519
x_0_4_0=1
x_1_4_1=1
x_2_1_0=1
x_3_3_0=1
x_4_1_1=1
x_5_4_2=1
x_6_0_0=1
x_7_1_2=1
x_8_3_1=1
x_9_3_2=1
x_10_2_0=1
x_11_0_1=1
x_12_4_3=1
x_13_3_3=1
x_14_3_4=1
x_15_2_1=1
x_16_2_2=1
x_17_0_2=1
x_18_1_3=1
x_19_0_3=1
x_20_5_0=1
x_21_2_3=1
x_22_5_1=1
r_0_0=1
r_0_1=1
r_0_2=1
r_0_3=1
r_1_0=1
r_1_1=1
r_1_2=1
r_1_3=1
r_2_0=1
r_2_1=1
r_2_2=1
r_2_3=1
r_3_1=1
r_3_2=1
r_3_3=1
r_3_4=1
r_4_1=1
r_4_2=1
r_4_3=1
r_5_0=1
r_5_1=1
d_0=3.429
d_1=2.571
d_2=1.800
d_3=2.429
d_4=0.800
d_6=0.667
d_7=0.600
d_8=1.571
d_9=0.571
d_10=1.714
d_11=1.000
d_12=1.714
d_13=0.714
d_14=1.714
d_15=0.714
d_16=0.571
d_17=1.200
d_18=1.600
d_19=3.000
d_20=4.429
d_21=1.429
d_22=3.429
d_x_0=1.857
d_x_1=1.143
d_x_2=0.200
d_x_3=0.857
d_x_4=0.200
d_x_6=0.333
d_x_7=0.200
d_x_8=0.143
d_x_9=0.143
d_x_10=0.143
d_x_11=0.333
d_x_12=1.143
d_x_13=0.143
d_x_14=0.143
d_x_15=0.143
d_x_16=0.143
d_x_17=0.800
d_x_18=0.200
d_x_19=0.333
d_x_20=2.857
d_x_21=0.857
d_x_22=2.857
d_y_0=1.571
d_y_1=1.429
d_y_2=1.600
d_y_3=1.571
d_y_4=0.600
d_y_6=0.333
d_y_7=0.400
d_y_8=1.429
d_y_9=0.429
d_y_10=1.571
d_y_11=0.667
d_y_12=0.571
d_y_13=0.571
d_y_14=1.571
d_y_15=0.571
d_y_16=0.429
d_y_17=0.400
d_y_18=1.400
d_y_19=2.667
d_y_20=1.571
d_y_21=0.571
d_y_22=0.571
normalized distance of container 0 : 0.3809523809523809
normalized distance of container 1 : 0.28571428571428553
normalized distance of container 2 : 0.19999999999999954
normalized distance of container 3 : 0.2698412698412667
normalized distance of container 4 : 0.08888888888888842
normalized distance of container 5 : 0.0
normalized distance of container 6 : 0.07407407407407063
normalized distance of container 7 : 0.06666666666666446
normalized distance of container 8 : 0.17460317460317412
normalized distance of container 9 : 0.06349206349206302
normalized distance of container 10 : 0.19047619047619047
normalized distance of container 11 : 0.111111111111109
normalized distance of container 12 : 0.1904761904761896
normalized distance of container 13 : 0.07936507936507893
normalized distance of container 14 : 0.1904761904761896
normalized distance of container 15 : 0.07936507936507936
normalized distance of container 16 : 0.0634920634920625
normalized distance of container 17 : 0.1333333333333324
normalized distance of container 18 : 0.17777777777777556
normalized distance of container 19 : 0.33333333333333115
normalized distance of container 20 : 0.4920634920634921
normalized distance of container 21 : 0.15873015873015917
normalized distance of container 22 : 0.38095238095238104
