Number of initial container : 0
Number of new container : 23
Total number of containers : 23
Level_num : 9
Container_level : [6, 3, 3, 6, 6, 8, 6, 8, 8, 8, 8, 6, 1, 8, 1, 3, 8, 3, 9, 8, 1, 8, 8]
ideal_configuration : 
 [[6. 8. 8. 0. 0. 0.]
 [3. 6. 8. 8. 0. 0.]
 [3. 6. 8. 8. 9. 0.]
 [1. 3. 6. 8. 8. 0.]
 [1. 1. 3. 6. 8. 8.]]
Centroid : {6: (1.4, 2.0), 3: (0.75, 1.5), 8: (2.9, 2.0), 1: (0.3333333333333333, 0.3333333333333333), 9: (4.0, 2.0)}
Repeat number : 8
Original weight : [12.31, 11.36, 8.42, 20.62, 18.14, 19.29, 20.3, 19.38, 10.62, 7.89, 17.39, 21.49, 16.47, 13.7, 5.77, 20.57, 18.31, 14.35, 22.54, 21.44, 14.61, 11.71, 14.64]
Group : [2, 1, 1, 2, 2, 3, 2, 3, 3, 3, 3, 2, 0, 3, 0, 1, 3, 1, 3, 3, 0, 3, 3]
Sequence : [1, 2, 3, 4, 5, 6, 7, 8, 9, 10, 11, 12, 13, 14, 15, 16, 17, 18, 19, 20, 21, 22, 23]
Scroe : [212.31, 111.36, 108.42, 220.62, 218.14, 319.29, 220.3, 319.38, 310.62, 307.89, 317.39, 221.49, 16.47, 313.7, 5.77, 120.57, 318.31, 114.35, 322.54, 321.44, 14.61, 311.71, 314.64]
Time taken to solve the MIP model : 0.9966 seconds
min_d : 0, max_d : 9
---------------------------------
solution for: IP model
objective: 4.21852
x_0_2_0=1
x_1_1_0=1
x_2_1_1=1
x_3_2_1=1
x_4_2_2=1
x_5_3_0=1
x_6_1_2=1
x_7_3_1=1
x_8_3_2=1
x_9_4_0=1
x_10_4_1=1
x_11_2_3=1
x_12_0_0=1
x_13_3_3=1
x_14_0_1=1
x_15_1_3=1
x_16_3_4=1
x_17_0_2=1
x_18_4_2=1
x_19_5_0=1
x_20_0_3=1
x_21_5_1=1
x_22_4_3=1
r_0_0=1
r_0_1=1
r_0_2=1
r_0_3=1
r_1_0=1
r_1_1=1
r_1_2=1
r_1_3=1
r_2_1=1
r_2_2=1
r_2_3=1
r_3_0=1
r_3_1=1
r_3_2=1
r_3_3=1
r_3_4=1
r_4_1=1
r_4_2=1
r_4_3=1
r_5_0=1
r_5_1=1
d_0=2.600
d_1=1.750
d_2=0.750
d_3=1.600
d_4=0.600
d_5=2.100
d_6=0.400
d_7=1.100
d_8=0.100
d_9=3.100
d_10=2.100
d_11=1.600
d_12=0.667
d_13=1.100
d_14=1.000
d_15=1.750
d_16=2.100
d_17=1.250
d_19=4.100
d_20=3.000
d_21=3.100
d_22=2.100
d_x_0=0.600
d_x_1=0.250
d_x_2=0.250
d_x_3=0.600
d_x_4=0.600
d_x_5=0.100
d_x_6=0.400
d_x_7=0.100
d_x_8=0.100
d_x_9=1.100
d_x_10=1.100
d_x_11=0.600
d_x_12=0.333
d_x_13=0.100
d_x_14=0.333
d_x_15=0.250
d_x_16=0.100
d_x_17=0.750
d_x_19=2.100
d_x_20=0.333
d_x_21=2.100
d_x_22=1.100
d_y_0=2.000
d_y_1=1.500
d_y_2=0.500
d_y_3=1.000
d_y_5=2.000
d_y_7=1.000
d_y_9=2.000
d_y_10=1.000
d_y_11=1.000
d_y_12=0.333
d_y_13=1.000
d_y_14=0.667
d_y_15=1.500
d_y_16=2.000
d_y_17=0.500
d_y_19=2.000
d_y_20=2.667
d_y_21=1.000
d_y_22=1.000
normalized distance of container 0 : 0.28888888888888864
normalized distance of container 1 : 0.19444444444444425
normalized distance of container 2 : 0.08333333333333284
normalized distance of container 3 : 0.17777777777777778
normalized distance of container 4 : 0.06666666666666668
normalized distance of container 5 : 0.2333333333333331
normalized distance of container 6 : 0.04444444444444443
normalized distance of container 7 : 0.12222222222222198
normalized distance of container 8 : 0.011111111111110874
normalized distance of container 9 : 0.34444444444444444
normalized distance of container 10 : 0.2333333333333329
normalized distance of container 11 : 0.17777777777777778
normalized distance of container 12 : 0.07407407407407318
normalized distance of container 13 : 0.12222222222222198
normalized distance of container 14 : 0.11111111111110977
normalized distance of container 15 : 0.19444444444444287
normalized distance of container 16 : 0.2333333333333331
normalized distance of container 17 : 0.1388888888888881
normalized distance of container 18 : 0.0
normalized distance of container 19 : 0.4555555555555555
normalized distance of container 20 : 0.33333333333333115
normalized distance of container 21 : 0.34444444444444405
normalized distance of container 22 : 0.2333333333333329
