Number of initial container : 0
Number of new container : 23
Total number of containers : 23
Level_num : 9
Container_level : [1, 8, 1, 3, 1, 3, 8, 8, 1, 8, 1, 8, 6, 8, 8, 1, 6, 3, 3, 6, 8, 9, 1]
ideal_configuration : 
 [[3. 8. 8. 0. 0. 0.]
 [1. 6. 8. 8. 0. 0.]
 [1. 3. 6. 8. 9. 0.]
 [1. 1. 3. 6. 8. 0.]
 [1. 1. 1. 3. 8. 8.]]
Centroid : {1: (0.5714285714285714, 1.0), 8: (3.0, 2.125), 3: (1.5, 1.75), 6: (2.0, 2.0), 9: (4.0, 2.0)}
Repeat number : 26
Original weight : [12.14, 17.74, 22.75, 21.67, 23.76, 18.75, 7.19, 5.62, 13.06, 6.11, 16.21, 8.45, 10.26, 12.18, 5.05, 13.47, 19.98, 11.19, 5.69, 9.07, 16.46, 21.02, 18.58]
Group : [0, 3, 0, 1, 0, 1, 3, 3, 0, 3, 0, 3, 2, 3, 3, 0, 2, 1, 1, 2, 3, 3, 0]
Sequence : [1, 2, 3, 4, 5, 6, 7, 8, 9, 10, 11, 12, 13, 14, 15, 16, 17, 18, 19, 20, 21, 22, 23]
Scroe : [12.14, 317.74, 22.75, 121.67, 23.76, 118.75, 307.19, 305.62, 13.06, 306.11, 16.21, 308.45, 210.26, 312.18, 305.05, 13.47, 219.98, 111.19, 105.69, 209.07, 316.46, 321.02, 18.58]
Time taken to solve the MIP model : 0.3661 seconds
min_d : 0, max_d : 9
---------------------------------
solution for: IP model
objective: 3.95238
x_0_2_0=1
x_1_3_0=1
x_2_1_0=1
x_3_2_1=1
x_4_1_1=1
x_5_1_2=1
x_6_3_1=1
x_7_4_0=1
x_8_0_0=1
x_9_4_1=1
x_10_0_1=1
x_11_3_2=1
x_12_2_2=1
x_13_3_3=1
x_14_3_4=1
x_15_0_2=1
x_16_2_3=1
x_17_1_3=1
x_18_1_4=1
x_19_2_4=1
x_20_4_2=1
x_21_5_0=1
x_22_0_3=1
r_0_0=1
r_0_1=1
r_0_2=1
r_0_3=1
r_1_0=1
r_1_1=1
r_1_2=1
r_1_3=1
r_1_4=1
r_2_0=1
r_2_1=1
r_2_2=1
r_2_3=1
r_2_4=1
r_3_0=1
r_3_1=1
r_3_2=1
r_3_3=1
r_3_4=1
r_4_0=1
r_4_1=1
r_4_2=1
d_0=2.429
d_1=2.125
d_2=1.429
d_3=1.250
d_4=0.429
d_5=0.750
d_6=1.125
d_7=3.125
d_8=1.571
d_9=2.125
d_10=0.571
d_11=0.125
d_13=0.875
d_14=1.875
d_15=1.571
d_16=1.000
d_17=1.750
d_18=2.750
d_19=2.000
d_20=1.125
d_21=3.000
d_22=2.571
d_x_0=1.429
d_x_2=0.429
d_x_3=0.500
d_x_4=0.429
d_x_5=0.500
d_x_7=1.000
d_x_8=0.571
d_x_9=1.000
d_x_10=0.571
d_x_15=0.571
d_x_17=0.500
d_x_18=0.500
d_x_20=1.000
d_x_21=1.000
d_x_22=0.571
d_y_0=1.000
d_y_1=2.125
d_y_2=1.000
d_y_3=0.750
d_y_5=0.250
d_y_6=1.125
d_y_7=2.125
d_y_8=1.000
d_y_9=1.125
d_y_11=0.125
d_y_13=0.875
d_y_14=1.875
d_y_15=1.000
d_y_16=1.000
d_y_17=1.250
d_y_18=2.250
d_y_19=2.000
d_y_20=0.125
d_y_21=2.000
d_y_22=2.000
normalized distance of container 0 : 0.2698412698412695
normalized distance of container 1 : 0.2361111111111111
normalized distance of container 2 : 0.15873015873015775
normalized distance of container 3 : 0.13888888888888806
normalized distance of container 4 : 0.04761904761904625
normalized distance of container 5 : 0.08333333333333294
normalized distance of container 6 : 0.125
normalized distance of container 7 : 0.3472222222222222
normalized distance of container 8 : 0.1746031746031746
normalized distance of container 9 : 0.2361111111111111
normalized distance of container 10 : 0.06349206349206349
normalized distance of container 11 : 0.013888888888888888
normalized distance of container 12 : 0.0
normalized distance of container 13 : 0.09722222222222182
normalized distance of container 14 : 0.20833333333333293
normalized distance of container 15 : 0.1746031746031746
normalized distance of container 16 : 0.1111111111111111
normalized distance of container 17 : 0.19444444444444406
normalized distance of container 18 : 0.30555555555555514
normalized distance of container 19 : 0.2222222222222222
normalized distance of container 20 : 0.125
normalized distance of container 21 : 0.3333333333333333
normalized distance of container 22 : 0.285714285714291
