Number of initial container : 0
Number of new container : 23
Total number of containers : 23
Level_num : 9
Container_level : [8, 9, 6, 3, 3, 1, 8, 8, 3, 8, 3, 3, 6, 3, 1, 1, 6, 3, 8, 8, 1, 8, 3]
ideal_configuration : 
 [[3. 8. 8. 0. 0. 0.]
 [3. 3. 8. 8. 0. 0.]
 [1. 3. 6. 8. 9. 0.]
 [1. 3. 3. 6. 8. 0.]
 [1. 1. 3. 3. 6. 8.]]
Centroid : {8: (2.857142857142857, 2.4285714285714284), 9: (4.0, 2.0), 6: (3.0, 1.0), 3: (1.25, 1.75), 1: (0.25, 0.75)}
Repeat number : 14
Original weight : [5.01, 23.32, 18.64, 22.39, 18.28, 9.33, 11.26, 7.29, 21.27, 13.73, 11.33, 19.52, 18.8, 17.41, 18.69, 21.36, 11.12, 8.65, 8.35, 20.12, 11.16, 18.79, 9.07]
Group : [3, 3, 2, 1, 1, 0, 3, 3, 1, 3, 1, 1, 2, 1, 0, 0, 2, 1, 3, 3, 0, 3, 1]
Sequence : [1, 2, 3, 4, 5, 6, 7, 8, 9, 10, 11, 12, 13, 14, 15, 16, 17, 18, 19, 20, 21, 22, 23]
Scroe : [305.01, 323.32, 218.64, 122.39, 118.28, 9.33, 311.26, 307.29, 121.27, 313.73, 111.33, 119.52, 218.8, 117.41, 18.69, 21.36, 211.12, 108.65, 308.35, 320.12, 11.16, 318.79, 109.07]
Time taken to solve the MIP model : 0.2393 seconds
min_d : 0, max_d : 9
---------------------------------
solution for: IP model
objective: 3.83333
x_0_3_0=1
x_1_5_0=1
x_2_3_1=1
x_3_2_0=1
x_4_2_1=1
x_5_1_0=1
x_6_3_2=1
x_7_3_3=1
x_8_2_2=1
x_9_2_3=1
x_10_1_1=1
x_11_1_2=1
x_12_4_0=1
x_13_1_3=1
x_14_0_0=1
x_15_0_1=1
x_16_4_1=1
x_17_0_2=1
x_18_3_4=1
x_19_4_2=1
x_20_0_3=1
x_21_2_4=1
x_22_1_4=1
r_0_0=1
r_0_1=1
r_0_2=1
r_0_3=1
r_1_0=1
r_1_1=1
r_1_2=1
r_1_3=1
r_1_4=1
r_2_0=1
r_2_1=1
r_2_2=1
r_2_3=1
r_2_4=1
r_3_0=1
r_3_1=1
r_3_2=1
r_3_3=1
r_3_4=1
r_4_0=1
r_4_1=1
r_4_2=1
d_0=2.571
d_1=3.000
d_3=2.500
d_4=1.500
d_5=1.500
d_6=0.571
d_7=0.714
d_8=1.000
d_9=1.429
d_10=1.000
d_11=0.500
d_12=2.000
d_13=1.500
d_14=1.000
d_15=0.500
d_16=1.000
d_17=1.500
d_18=1.714
d_19=1.571
d_20=2.500
d_21=2.429
d_22=2.500
d_x_0=0.143
d_x_1=1.000
d_x_3=0.750
d_x_4=0.750
d_x_5=0.750
d_x_6=0.143
d_x_7=0.143
d_x_8=0.750
d_x_9=0.857
d_x_10=0.250
d_x_11=0.250
d_x_12=1.000
d_x_13=0.250
d_x_14=0.250
d_x_15=0.250
d_x_16=1.000
d_x_17=1.250
d_x_18=0.143
d_x_19=1.143
d_x_20=0.250
d_x_21=0.857
d_x_22=0.250
d_y_0=2.429
d_y_1=2.000
d_y_3=1.750
d_y_4=0.750
d_y_5=0.750
d_y_6=0.429
d_y_7=0.571
d_y_8=0.250
d_y_9=0.571
d_y_10=0.750
d_y_11=0.250
d_y_12=1.000
d_y_13=1.250
d_y_14=0.750
d_y_15=0.250
d_y_17=0.250
d_y_18=1.571
d_y_19=0.429
d_y_20=2.250
d_y_21=1.571
d_y_22=2.250
normalized distance of container 0 : 0.2857142857142856
normalized distance of container 1 : 0.3333333333333333
normalized distance of container 2 : 0.0
normalized distance of container 3 : 0.277777777777777
normalized distance of container 4 : 0.16666666666666588
normalized distance of container 5 : 0.16666666666666666
normalized distance of container 6 : 0.06349206349206302
normalized distance of container 7 : 0.07936507936507849
normalized distance of container 8 : 0.11111111111111072
normalized distance of container 9 : 0.1587301587301583
normalized distance of container 10 : 0.11111111111111033
normalized distance of container 11 : 0.055555555555548745
normalized distance of container 12 : 0.2222222222222222
normalized distance of container 13 : 0.1666666666666636
normalized distance of container 14 : 0.11111111111110954
normalized distance of container 15 : 0.05555555555555317
normalized distance of container 16 : 0.1111111111111111
normalized distance of container 17 : 0.16666666666666252
normalized distance of container 18 : 0.19047619047619005
normalized distance of container 19 : 0.17460317460317412
normalized distance of container 20 : 0.2777777777777754
normalized distance of container 21 : 0.2698412698412683
normalized distance of container 22 : 0.2777777777777853
