Number of initial container : 0
Number of new container : 23
Total number of containers : 23
Level_num : 9
Container_level : [3, 9, 1, 1, 3, 3, 6, 1, 8, 6, 1, 8, 1, 8, 3, 1, 3, 8, 8, 1, 1, 6, 6]
ideal_configuration : 
 [[3. 6. 8. 0. 0. 0.]
 [1. 3. 6. 8. 0. 0.]
 [1. 1. 3. 8. 9. 0.]
 [1. 1. 3. 6. 8. 0.]
 [1. 1. 1. 3. 6. 8.]]
Centroid : {3: (1.6, 2.0), 9: (4.0, 2.0), 1: (0.625, 1.125), 6: (2.5, 2.0), 8: (3.4, 2.0)}
Repeat number : 6
Original weight : [9.7, 17.78, 5.88, 15.11, 17.29, 11.09, 20.6, 9.87, 7.29, 6.02, 20.21, 12.94, 10.54, 9.61, 10.99, 19.54, 11.5, 13.42, 8.31, 9.78, 19.4, 16.55, 11.98]
Group : [1, 3, 0, 0, 1, 1, 2, 0, 3, 2, 0, 3, 0, 3, 1, 0, 1, 3, 3, 0, 0, 2, 2]
Sequence : [1, 2, 3, 4, 5, 6, 7, 8, 9, 10, 11, 12, 13, 14, 15, 16, 17, 18, 19, 20, 21, 22, 23]
Scroe : [109.7, 317.78, 5.88, 15.11, 117.28999999999999, 111.09, 220.6, 9.87, 307.29, 206.02, 20.21, 312.94, 10.54, 309.61, 110.99, 19.54, 111.5, 313.42, 308.31, 9.78, 19.4, 216.55, 211.98]
Time taken to solve the MIP model : 0.2643 seconds
min_d : 0, max_d : 9
---------------------------------
solution for: IP model
objective: 4.16111
x_0_2_0=1
x_1_5_0=1
x_2_1_0=1
x_3_2_1=1
x_4_2_2=1
x_5_2_3=1
x_6_3_0=1
x_7_1_1=1
x_8_4_0=1
x_9_3_1=1
x_10_0_0=1
x_11_4_1=1
x_12_0_1=1
x_13_4_2=1
x_14_1_2=1
x_15_0_2=1
x_16_2_4=1
x_17_5_1=1
x_18_5_2=1
x_19_0_3=1
x_20_1_3=1
x_21_3_2=1
x_22_3_3=1
r_0_0=1
r_0_1=1
r_0_2=1
r_0_3=1
r_1_0=1
r_1_1=1
r_1_2=1
r_1_3=1
r_2_0=1
r_2_1=1
r_2_2=1
r_2_3=1
r_2_4=1
r_3_0=1
r_3_1=1
r_3_2=1
r_3_3=1
r_4_0=1
r_4_1=1
r_4_2=1
r_5_0=1
r_5_1=1
r_5_2=1
d_0=2.400
d_1=3.000
d_2=1.500
d_3=1.500
d_4=0.400
d_5=1.400
d_6=2.500
d_7=0.500
d_8=2.600
d_9=1.500
d_10=1.750
d_11=1.600
d_12=0.750
d_13=0.600
d_14=0.600
d_15=1.500
d_16=2.400
d_17=2.600
d_18=1.600
d_19=2.500
d_20=2.250
d_21=0.500
d_22=1.500
d_x_0=0.400
d_x_1=1.000
d_x_2=0.375
d_x_3=1.375
d_x_4=0.400
d_x_5=0.400
d_x_6=0.500
d_x_7=0.375
d_x_8=0.600
d_x_9=0.500
d_x_10=0.625
d_x_11=0.600
d_x_12=0.625
d_x_13=0.600
d_x_14=0.600
d_x_15=0.625
d_x_16=0.400
d_x_17=1.600
d_x_18=1.600
d_x_19=0.625
d_x_20=0.375
d_x_21=0.500
d_x_22=0.500
d_y_0=2.000
d_y_1=2.000
d_y_2=1.125
d_y_3=0.125
d_y_5=1.000
d_y_6=2.000
d_y_7=0.125
d_y_8=2.000
d_y_9=1.000
d_y_10=1.125
d_y_11=1.000
d_y_12=0.125
d_y_15=0.875
d_y_16=2.000
d_y_17=1.000
d_y_19=1.875
d_y_20=1.875
d_y_22=1.000
normalized distance of container 0 : 0.2666666666666665
normalized distance of container 1 : 0.3333333333333333
normalized distance of container 2 : 0.16666666666666646
normalized distance of container 3 : 0.16666666666666627
normalized distance of container 4 : 0.04444444444444389
normalized distance of container 5 : 0.15555555555555461
normalized distance of container 6 : 0.2777777777777778
normalized distance of container 7 : 0.05555555555555555
normalized distance of container 8 : 0.28888888888888864
normalized distance of container 9 : 0.16666666666666627
normalized distance of container 10 : 0.19444444444444445
normalized distance of container 11 : 0.17777777777777753
normalized distance of container 12 : 0.08333333333333333
normalized distance of container 13 : 0.06666666666666643
normalized distance of container 14 : 0.06666666666666668
normalized distance of container 15 : 0.16666666666666588
normalized distance of container 16 : 0.2666666666666657
normalized distance of container 17 : 0.2888888888888887
normalized distance of container 18 : 0.1777777777777776
normalized distance of container 19 : 0.277777777777777
normalized distance of container 20 : 0.24999999999999764
normalized distance of container 21 : 0.055555555555555164
normalized distance of container 22 : 0.16666666666666666
