Number of initial container : 0
Number of new container : 20
Total number of containers : 20
Level_num : 9
Container_level : [1, 2, 7, 7, 1, 2, 8, 1, 1, 5, 1, 6, 9, 8, 4, 8, 6, 4, 7, 4]
ideal_configuration : 
 [[5. 7. 0. 0. 0. 0.]
 [2. 6. 8. 0. 0. 0.]
 [1. 4. 6. 8. 0. 0.]
 [1. 1. 4. 7. 8. 0.]
 [1. 1. 2. 4. 7. 9.]]
Centroid : {1: (1.4, 0.8), 2: (2.0, 1.5), 7: (3.6666666666666665, 1.6666666666666667), 8: (4.0, 2.0), 5: (1.0, 4.0), 6: (2.5, 2.5), 9: (6.0, 0.0), 4: (3.0, 1.0)}
Repeat number : 7
Original weight : [6.75, 9.43, 18.82, 20.8, 6.45, 7.53, 21.02, 7.26, 5.21, 14.32, 6.41, 18.08, 23.25, 21.63, 13.73, 21.39, 17.81, 13.89, 18.88, 14.1]
Sequence : [1, 2, 3, 4, 5, 6, 7, 8, 9, 10, 11, 12, 13, 14, 15, 16, 17, 18, 19, 20]
Emergency : [0, 0, 0, 0, 0, 0, 0, 0, 0, 0, 0, 0, 0, 0, 0, 0, 0, 0, 0, 0]
Time taken to solve the MIP model : 0.1246 seconds
min_d : 0, max_d : 9
---------------------------------
solution for: IP model
objective: 0
x_1_1_0=1
x_2_1_1=1
x_3_1_2=1
x_4_1_3=1
x_5_3_0=1
x_6_3_1=1
x_7_3_2=1
x_8_2_0=1
x_9_6_0=1
x_10_2_1=1
x_11_4_0=1
x_12_6_1=1
x_13_1_4=1
x_14_3_3=1
x_15_4_1=1
x_16_6_2=1
x_17_4_2=1
x_18_5_0=1
x_19_2_2=1
x_20_5_1=1
d_1=2.000
d_2=2.000
d_3=4.000
d_4=5.000
d_5=3.000
d_6=2.000
d_7=1.000
d_8=2.000
d_9=6.000
d_10=4.000
d_11=4.000
d_12=6.000
d_13=9.000
d_14=2.000
d_15=1.000
d_16=2.000
d_17=3.000
d_18=3.000
d_19=3.000
d_20=2.000
d_x_1=1.000
d_x_2=1.000
d_x_3=3.000
d_x_4=3.000
d_x_5=2.000
d_x_6=1.000
d_x_7=1.000
d_x_8=1.000
d_x_9=5.000
d_x_10=1.000
d_x_11=3.000
d_x_12=4.000
d_x_13=5.000
d_x_14=1.000
d_x_15=1.000
d_x_16=2.000
d_x_17=2.000
d_x_18=2.000
d_x_19=2.000
d_x_20=2.000
d_y_1=1.000
d_y_2=1.000
d_y_3=1.000
d_y_4=2.000
d_y_5=1.000
d_y_6=1.000
d_y_8=1.000
d_y_9=1.000
d_y_10=3.000
d_y_11=1.000
d_y_12=2.000
d_y_13=4.000
d_y_14=1.000
d_y_17=1.000
d_y_18=1.000
d_y_19=1.000
normalized distance of container 1 : 0.2222222222222222
normalized distance of container 2 : 0.2222222222222222
normalized distance of container 3 : 0.4444444444444444
normalized distance of container 4 : 0.5555555555555556
normalized distance of container 5 : 0.3333333333333333
normalized distance of container 6 : 0.2222222222222222
normalized distance of container 7 : 0.1111111111111111
normalized distance of container 8 : 0.2222222222222222
normalized distance of container 9 : 0.6666666666666666
normalized distance of container 10 : 0.4444444444444444
normalized distance of container 11 : 0.4444444444444444
normalized distance of container 12 : 0.6666666666666666
normalized distance of container 13 : 1.0
normalized distance of container 14 : 0.2222222222222222
normalized distance of container 15 : 0.1111111111111111
normalized distance of container 16 : 0.2222222222222222
normalized distance of container 17 : 0.3333333333333333
normalized distance of container 18 : 0.3333333333333333
normalized distance of container 19 : 0.3333333333333333
normalized distance of container 20 : 0.2222222222222222
