Number of initial container : 0
Number of new container : 20
Total number of containers : 20
Level_num : 9
Container_level : [4, 5, 1, 7, 8, 5, 4, 8, 3, 3, 7, 9, 8, 7, 3, 1, 8, 3, 7, 5]
ideal_configuration : 
 [[5. 8. 0. 0. 0. 0.]
 [4. 7. 8. 0. 0. 0.]
 [3. 4. 7. 8. 0. 0.]
 [1. 3. 5. 7. 8. 0.]
 [1. 3. 3. 5. 7. 9.]]
Centroid : {4: (1.5, 2.5), 5: (2.6666666666666665, 1.6666666666666667), 1: (1.0, 0.5), 7: (3.5, 1.5), 8: (3.5, 2.5), 3: (2.0, 0.75), 9: (6.0, 0.0)}
Repeat number : 28
Original weight : [14.01, 16.6, 8.16, 20.06, 23.06, 16.31, 14.27, 23.05, 12.37, 12.84, 20.8, 23.24, 21.7, 20.87, 12.37, 9.44, 22.25, 12.43, 20.56, 16.22]
Sequence : [1, 2, 3, 4, 5, 6, 7, 8, 9, 10, 11, 12, 13, 14, 15, 16, 17, 18, 19, 20]
Emergency : [0, 0, 0, 0, 0, 0, 0, 0, 0, 0, 0, 0, 0, 0, 0, 0, 0, 0, 0, 0]
Time taken to solve the MIP model : 0.3595 seconds
min_d : 0, max_d : 9
---------------------------------
solution for: IP model
objective: 0
x_1_6_0=1
x_2_6_1=1
x_3_1_0=1
x_4_6_2=1
x_5_6_3=1
x_6_1_1=1
x_7_2_0=1
x_8_2_1=1
x_9_4_0=1
x_10_5_0=1
x_11_1_2=1
x_12_2_2=1
x_13_5_1=1
x_14_1_3=1
x_15_4_1=1
x_16_3_0=1
x_17_1_4=1
x_18_4_2=1
x_19_3_1=1
x_20_4_3=1
d_1=8.000
d_2=5.000
d_3=1.000
d_4=4.000
d_5=4.000
d_6=3.000
d_7=4.000
d_8=4.000
d_9=3.000
d_10=4.000
d_11=4.000
d_12=6.000
d_13=4.000
d_14=5.000
d_15=3.000
d_16=3.000
d_17=5.000
d_18=4.000
d_19=2.000
d_20=4.000
d_x_1=5.000
d_x_2=4.000
d_x_4=3.000
d_x_5=3.000
d_x_6=2.000
d_x_7=1.000
d_x_8=2.000
d_x_9=2.000
d_x_10=3.000
d_x_11=3.000
d_x_12=4.000
d_x_13=2.000
d_x_14=3.000
d_x_15=2.000
d_x_16=2.000
d_x_17=3.000
d_x_18=2.000
d_x_19=1.000
d_x_20=2.000
d_y_1=3.000
d_y_2=1.000
d_y_3=1.000
d_y_4=1.000
d_y_5=1.000
d_y_6=1.000
d_y_7=3.000
d_y_8=2.000
d_y_9=1.000
d_y_10=1.000
d_y_11=1.000
d_y_12=2.000
d_y_13=2.000
d_y_14=2.000
d_y_15=1.000
d_y_16=1.000
d_y_17=2.000
d_y_18=2.000
d_y_19=1.000
d_y_20=2.000
normalized distance of container 1 : 0.8888888888888888
normalized distance of container 2 : 0.5555555555555556
normalized distance of container 3 : 0.1111111111111111
normalized distance of container 4 : 0.4444444444444444
normalized distance of container 5 : 0.4444444444444444
normalized distance of container 6 : 0.3333333333333333
normalized distance of container 7 : 0.4444444444444444
normalized distance of container 8 : 0.4444444444444444
normalized distance of container 9 : 0.3333333333333333
normalized distance of container 10 : 0.4444444444444444
normalized distance of container 11 : 0.4444444444444444
normalized distance of container 12 : 0.6666666666666666
normalized distance of container 13 : 0.4444444444444444
normalized distance of container 14 : 0.5555555555555556
normalized distance of container 15 : 0.3333333333333333
normalized distance of container 16 : 0.3333333333333333
normalized distance of container 17 : 0.5555555555555556
normalized distance of container 18 : 0.4444444444444444
normalized distance of container 19 : 0.2222222222222222
normalized distance of container 20 : 0.4444444444444444
