Number of initial container : 0
Number of new container : 20
Total number of containers : 20
Level_num : 9
Container_level : [1, 5, 6, 4, 2, 1, 1, 6, 6, 3, 6, 8, 6, 4, 1, 2, 8, 6, 3, 1]
ideal_configuration : 
 [[4. 6. 0. 0. 0. 0.]
 [2. 5. 6. 0. 0. 0.]
 [1. 3. 6. 6. 0. 0.]
 [1. 1. 3. 6. 8. 0.]
 [1. 1. 2. 4. 6. 8.]]
Centroid : {1: (1.4, 0.8), 5: (2.0, 3.0), 6: (3.5, 2.0), 4: (2.5, 2.0), 2: (2.0, 1.5), 3: (2.5, 1.5), 8: (5.5, 0.5)}
Repeat number : 15
Original weight : [8.4, 15.69, 18.52, 14.27, 10.23, 7.2, 6.42, 17.91, 17.56, 12.17, 18.89, 23.0, 18.25, 14.38, 8.14, 10.16, 23.66, 18.02, 10.73, 8.56]
Sequence : [1, 2, 3, 4, 5, 6, 7, 8, 9, 10, 11, 12, 13, 14, 15, 16, 17, 18, 19, 20]
Emergency : [0, 0, 0, 0, 0, 0, 0, 0, 0, 0, 0, 0, 0, 0, 0, 0, 0, 0, 0, 0]
Time taken to solve the MIP model : 0.5384 seconds
min_d : 0, max_d : 9
---------------------------------
solution for: IP model
objective: 0
x_1_1_0=1
x_2_1_1=1
x_3_1_2=1
x_4_4_0=1
x_5_5_0=1
x_6_3_0=1
x_7_6_0=1
x_8_4_1=1
x_9_2_0=1
x_10_5_1=1
x_11_4_2=1
x_12_1_3=1
x_13_2_1=1
x_14_5_2=1
x_15_3_1=1
x_16_6_1=1
x_17_2_2=1
x_18_5_3=1
x_19_6_2=1
x_20_3_2=1
d_1=2.000
d_2=3.000
d_3=3.000
d_4=4.000
d_5=5.000
d_6=3.000
d_7=6.000
d_8=2.000
d_9=4.000
d_10=4.000
d_11=1.000
d_12=8.000
d_13=3.000
d_14=3.000
d_15=3.000
d_16=5.000
d_17=6.000
d_18=3.000
d_19=5.000
d_20=4.000
d_x_1=1.000
d_x_2=1.000
d_x_3=3.000
d_x_4=2.000
d_x_5=3.000
d_x_6=2.000
d_x_7=5.000
d_x_8=1.000
d_x_9=2.000
d_x_10=3.000
d_x_11=1.000
d_x_12=5.000
d_x_13=2.000
d_x_14=3.000
d_x_15=2.000
d_x_16=4.000
d_x_17=4.000
d_x_18=2.000
d_x_19=4.000
d_x_20=2.000
d_y_1=1.000
d_y_2=2.000
d_y_4=2.000
d_y_5=2.000
d_y_6=1.000
d_y_7=1.000
d_y_8=1.000
d_y_9=2.000
d_y_10=1.000
d_y_12=3.000
d_y_13=1.000
d_y_15=1.000
d_y_16=1.000
d_y_17=2.000
d_y_18=1.000
d_y_19=1.000
d_y_20=2.000
normalized distance of container 1 : 0.2222222222222222
normalized distance of container 2 : 0.3333333333333333
normalized distance of container 3 : 0.3333333333333333
normalized distance of container 4 : 0.4444444444444444
normalized distance of container 5 : 0.5555555555555556
normalized distance of container 6 : 0.3333333333333333
normalized distance of container 7 : 0.6666666666666666
normalized distance of container 8 : 0.2222222222222222
normalized distance of container 9 : 0.4444444444444444
normalized distance of container 10 : 0.4444444444444444
normalized distance of container 11 : 0.1111111111111111
normalized distance of container 12 : 0.8888888888888888
normalized distance of container 13 : 0.3333333333333333
normalized distance of container 14 : 0.3333333333333333
normalized distance of container 15 : 0.3333333333333333
normalized distance of container 16 : 0.5555555555555556
normalized distance of container 17 : 0.6666666666666666
normalized distance of container 18 : 0.3333333333333333
normalized distance of container 19 : 0.5555555555555556
normalized distance of container 20 : 0.4444444444444444
