Number of initial container : 0
Number of new container : 20
Total number of containers : 20
Level_num : 9
Container_level : [7, 3, 3, 7, 1, 7, 6, 7, 8, 9, 6, 2, 5, 7, 8, 6, 7, 6, 5, 8]
ideal_configuration : 
 [[7. 7. 0. 0. 0. 0.]
 [6. 7. 8. 0. 0. 0.]
 [3. 6. 7. 8. 0. 0.]
 [2. 5. 6. 7. 8. 0.]
 [1. 3. 5. 6. 7. 9.]]
Centroid : {7: (2.8333333333333335, 2.3333333333333335), 3: (1.5, 1.0), 1: (1.0, 0.0), 6: (2.5, 1.5), 8: (4.0, 2.0), 9: (6.0, 0.0), 2: (1.0, 1.0), 5: (2.5, 0.5)}
Repeat number : 17
Original weight : [20.93, 10.87, 10.71, 19.52, 6.14, 21.52, 19.36, 19.95, 23.46, 23.83, 18.85, 10.38, 15.4, 19.49, 23.77, 17.81, 19.75, 17.5, 15.59, 22.2]
Sequence : [1, 2, 3, 4, 5, 6, 7, 8, 9, 10, 11, 12, 13, 14, 15, 16, 17, 18, 19, 20]
Emergency : [0, 0, 0, 0, 0, 0, 0, 0, 0, 0, 0, 0, 0, 0, 0, 0, 0, 0, 0, 0]
Time taken to solve the MIP model : 141.7228 seconds
min_d : 0, max_d : 9
---------------------------------
solution for: IP model
objective: 2
x_1_4_0=1
x_2_5_0=1
x_3_1_0=1
x_4_3_0=1
x_5_6_0=1
x_6_3_1=1
x_7_1_1=1
x_8_1_2=1
x_9_4_1=1
x_10_4_2=1
x_11_5_1=1
x_12_6_1=1
x_13_2_0=1
x_14_5_2=1
x_15_3_2=1
x_16_6_2=1
x_17_6_3=1
x_18_2_1=1
x_19_2_2=1
x_20_1_3=1
r_2_1=1
r_2_2=1
d_1=5.000
d_2=5.000
d_3=2.000
d_4=4.000
d_5=5.000
d_6=3.000
d_7=3.000
d_8=3.000
d_9=1.000
d_10=4.000
d_11=4.000
d_12=5.000
d_13=2.000
d_14=4.000
d_15=1.000
d_16=5.000
d_17=5.000
d_18=2.000
d_19=3.000
d_20=4.000
d_x_1=2.000
d_x_2=4.000
d_x_3=1.000
d_x_4=1.000
d_x_5=5.000
d_x_6=1.000
d_x_7=2.000
d_x_8=2.000
d_x_10=2.000
d_x_11=3.000
d_x_12=5.000
d_x_13=1.000
d_x_14=3.000
d_x_15=1.000
d_x_16=4.000
d_x_17=4.000
d_x_18=1.000
d_x_19=1.000
d_x_20=3.000
d_y_1=3.000
d_y_2=1.000
d_y_3=1.000
d_y_4=3.000
d_y_6=2.000
d_y_7=1.000
d_y_8=1.000
d_y_9=1.000
d_y_10=2.000
d_y_11=1.000
d_y_13=1.000
d_y_14=1.000
d_y_16=1.000
d_y_17=1.000
d_y_18=1.000
d_y_19=2.000
d_y_20=1.000
normalized distance of container 1 : 0.5555555555555556
normalized distance of container 2 : 0.5555555555555556
normalized distance of container 3 : 0.2222222222222222
normalized distance of container 4 : 0.4444444444444444
normalized distance of container 5 : 0.5555555555555556
normalized distance of container 6 : 0.3333333333333333
normalized distance of container 7 : 0.3333333333333333
normalized distance of container 8 : 0.3333333333333333
normalized distance of container 9 : 0.1111111111111111
normalized distance of container 10 : 0.4444444444444444
normalized distance of container 11 : 0.4444444444444444
normalized distance of container 12 : 0.5555555555555556
normalized distance of container 13 : 0.2222222222222222
normalized distance of container 14 : 0.4444444444444444
normalized distance of container 15 : 0.1111111111111111
normalized distance of container 16 : 0.5555555555555556
normalized distance of container 17 : 0.5555555555555556
normalized distance of container 18 : 0.2222222222222222
normalized distance of container 19 : 0.3333333333333333
normalized distance of container 20 : 0.4444444444444444
