Number of initial container : 0
Number of new container : 20
Total number of containers : 20
Level_num : 9
Container_level : [1, 1, 4, 1, 9, 3, 2, 3, 4, 7, 6, 6, 5, 8, 3, 1, 1, 6, 3, 4]
ideal_configuration : 
 [[4. 6. 0. 0. 0. 0.]
 [3. 4. 6. 0. 0. 0.]
 [1. 3. 4. 7. 0. 0.]
 [1. 1. 3. 5. 8. 0.]
 [1. 1. 2. 3. 6. 9.]]
Centroid : {1: (1.4, 0.8), 4: (2.0, 3.0), 9: (6.0, 0.0), 3: (2.5, 1.5), 2: (3.0, 0.0), 7: (4.0, 2.0), 6: (3.3333333333333335, 2.3333333333333335), 5: (4.0, 1.0), 8: (5.0, 1.0)}
Repeat number : 4
Original weight : [6.2, 5.14, 13.81, 6.85, 23.6, 10.09, 8.85, 10.8, 12.18, 20.25, 18.85, 17.03, 16.07, 23.07, 11.28, 5.51, 6.17, 16.71, 11.06, 13.61]
Sequence : [1, 2, 3, 4, 5, 6, 7, 8, 9, 10, 11, 12, 13, 14, 15, 16, 17, 18, 19, 20]
Emergency : [0, 0, 0, 0, 0, 0, 0, 0, 0, 0, 0, 0, 0, 0, 0, 0, 0, 0, 0, 0]
Time taken to solve the MIP model : 7973.6966 seconds
min_d : 0, max_d : 9
---------------------------------
solution for: IP model
objective: 2
x_1_4_0=1
x_2_2_0=1
x_3_4_1=1
x_4_3_0=1
x_5_3_1=1
x_6_1_0=1
x_7_2_1=1
x_8_2_2=1
x_9_1_1=1
x_10_4_2=1
x_11_3_2=1
x_12_2_3=1
x_13_1_2=1
x_14_2_4=1
x_15_6_0=1
x_16_5_0=1
x_17_5_1=1
x_18_1_3=1
x_19_5_2=1
x_20_6_1=1
r_3_1=1
r_3_2=1
d_1=4.000
d_2=2.000
d_3=4.000
d_4=3.000
d_5=4.000
d_6=4.000
d_7=2.000
d_8=2.000
d_9=3.000
d_11=2.000
d_12=3.000
d_13=4.000
d_14=6.000
d_15=6.000
d_16=5.000
d_17=5.000
d_18=4.000
d_19=4.000
d_20=6.000
d_x_1=3.000
d_x_2=1.000
d_x_3=2.000
d_x_4=2.000
d_x_5=3.000
d_x_6=2.000
d_x_7=1.000
d_x_8=1.000
d_x_9=1.000
d_x_11=1.000
d_x_12=2.000
d_x_13=3.000
d_x_14=3.000
d_x_15=4.000
d_x_16=4.000
d_x_17=4.000
d_x_18=3.000
d_x_19=3.000
d_x_20=4.000
d_y_1=1.000
d_y_2=1.000
d_y_3=2.000
d_y_4=1.000
d_y_5=1.000
d_y_6=2.000
d_y_7=1.000
d_y_8=1.000
d_y_9=2.000
d_y_11=1.000
d_y_12=1.000
d_y_13=1.000
d_y_14=3.000
d_y_15=2.000
d_y_16=1.000
d_y_17=1.000
d_y_18=1.000
d_y_19=1.000
d_y_20=2.000
normalized distance of container 1 : 0.4444444444444444
normalized distance of container 2 : 0.2222222222222222
normalized distance of container 3 : 0.4444444444444444
normalized distance of container 4 : 0.3333333333333333
normalized distance of container 5 : 0.4444444444444444
normalized distance of container 6 : 0.4444444444444444
normalized distance of container 7 : 0.2222222222222222
normalized distance of container 8 : 0.2222222222222222
normalized distance of container 9 : 0.3333333333333333
normalized distance of container 10 : 0.0
normalized distance of container 11 : 0.2222222222222222
normalized distance of container 12 : 0.3333333333333333
normalized distance of container 13 : 0.4444444444444444
normalized distance of container 14 : 0.6666666666666666
normalized distance of container 15 : 0.6666666666666666
normalized distance of container 16 : 0.5555555555555556
normalized distance of container 17 : 0.5555555555555556
normalized distance of container 18 : 0.4444444444444444
normalized distance of container 19 : 0.4444444444444444
normalized distance of container 20 : 0.6666666666666666
