Number of initial container : 0
Number of new container : 20
Total number of containers : 20
Level_num : 9
Container_level : [1, 1, 8, 2, 8, 2, 8, 7, 1, 8, 3, 6, 3, 8, 3, 8, 9, 2, 4, 5]
ideal_configuration : 
 [[5. 8. 0. 0. 0. 0.]
 [3. 6. 8. 0. 0. 0.]
 [2. 3. 7. 8. 0. 0.]
 [1. 2. 3. 8. 8. 0.]
 [1. 1. 2. 4. 8. 9.]]
Centroid : {1: (0.3333333333333333, 0.3333333333333333), 8: (2.8333333333333335, 1.8333333333333333), 2: (1.0, 1.0), 7: (2.0, 2.0), 3: (1.0, 2.0), 6: (1.0, 3.0), 9: (5.0, 0.0), 4: (3.0, 0.0), 5: (0.0, 4.0)}
Repeat number : 18
Original weight : [5.83, 5.49, 21.99, 9.44, 23.41, 9.19, 22.25, 19.32, 5.64, 22.93, 10.67, 16.96, 10.79, 21.66, 11.22, 22.38, 23.58, 8.86, 13.99, 16.39]
Sequence : [1, 2, 3, 4, 5, 6, 7, 8, 9, 10, 11, 12, 13, 14, 15, 16, 17, 18, 19, 20]
Emergency : [0, 0, 0, 0, 0, 0, 0, 0, 0, 0, 0, 0, 0, 0, 0, 0, 0, 0, 0, 0]
Time taken to solve the MIP model : 0.1630 seconds
min_d : 0, max_d : 9
---------------------------------
solution for: IP model
objective: 0
status: OPTIMAL_SOLUTION(2)
x_0_0_0=1
x_1_4_0=1
x_2_4_1=1
x_3_0_1=1
x_4_4_2=1
x_5_2_0=1
x_6_2_1=1
x_7_0_2=1
x_8_5_0=1
x_9_0_3=1
x_10_1_0=1
x_11_3_0=1
x_12_1_1=1
x_13_3_1=1
x_14_1_2=1
x_15_1_3=1
x_16_2_2=1
x_17_5_1=1
x_18_5_2=1
x_19_5_3=1
d_0=2.000
d_1=5.000
d_2=3.000
d_3=1.000
d_4=3.000
d_5=2.000
d_6=2.000
d_7=2.000
d_8=6.000
d_9=5.000
d_10=2.000
d_11=5.000
d_12=1.000
d_13=2.000
d_15=4.000
d_16=5.000
d_17=4.000
d_18=4.000
d_19=6.000
d_x_0=1.000
d_x_1=4.000
d_x_2=2.000
d_x_3=1.000
d_x_4=2.000
d_x_5=1.000
d_x_6=1.000
d_x_7=2.000
d_x_8=5.000
d_x_9=3.000
d_x_11=2.000
d_x_13=1.000
d_x_15=2.000
d_x_16=3.000
d_x_17=4.000
d_x_18=2.000
d_x_19=5.000
d_y_0=1.000
d_y_1=1.000
d_y_2=1.000
d_y_4=1.000
d_y_5=1.000
d_y_6=1.000
d_y_8=1.000
d_y_9=2.000
d_y_10=2.000
d_y_11=3.000
d_y_12=1.000
d_y_13=1.000
d_y_15=2.000
d_y_16=2.000
d_y_18=2.000
d_y_19=1.000
normalized distance of container 0 : 0.2222222222222222
normalized distance of container 1 : 0.5555555555555556
normalized distance of container 2 : 0.3333333333333333
normalized distance of container 3 : 0.1111111111111111
normalized distance of container 4 : 0.3333333333333333
normalized distance of container 5 : 0.2222222222222222
normalized distance of container 6 : 0.2222222222222222
normalized distance of container 7 : 0.2222222222222222
normalized distance of container 8 : 0.6666666666666666
normalized distance of container 9 : 0.5555555555555556
normalized distance of container 10 : 0.2222222222222222
normalized distance of container 11 : 0.5555555555555556
normalized distance of container 12 : 0.1111111111111111
normalized distance of container 13 : 0.2222222222222222
normalized distance of container 14 : 0.0
normalized distance of container 15 : 0.4444444444444444
normalized distance of container 16 : 0.5555555555555556
normalized distance of container 17 : 0.4444444444444444
normalized distance of container 18 : 0.4444444444444444
normalized distance of container 19 : 0.6666666666666666
