Number of initial container : 0
Number of new container : 20
Total number of containers : 20
Level_num : 9
Container_level : [4, 3, 3, 4, 9, 1, 4, 3, 6, 3, 2, 3, 1, 8, 8, 6, 7, 1, 7, 8]
ideal_configuration : 
 [[4. 7. 0. 0. 0. 0.]
 [3. 4. 8. 0. 0. 0.]
 [2. 3. 6. 8. 0. 0.]
 [1. 3. 3. 6. 8. 0.]
 [1. 1. 3. 4. 7. 9.]]
Centroid : {4: (1.3333333333333333, 2.3333333333333335), 3: (1.2, 1.4), 9: (5.0, 0.0), 1: (0.3333333333333333, 0.3333333333333333), 6: (2.5, 1.5), 2: (0.0, 2.0), 8: (3.0, 2.0), 7: (2.5, 2.0)}
Repeat number : 30
Original weight : [13.27, 10.87, 10.99, 13.08, 22.97, 5.37, 14.06, 9.93, 17.8, 10.94, 9.64, 10.03, 6.31, 21.02, 21.85, 17.44, 18.65, 5.29, 18.59, 22.39]
Sequence : [1, 2, 3, 4, 5, 6, 7, 8, 9, 10, 11, 12, 13, 14, 15, 16, 17, 18, 19, 20]
Emergency : [0, 0, 0, 0, 0, 0, 0, 0, 0, 0, 0, 0, 0, 0, 0, 0, 0, 0, 0, 0]
Time taken to solve the MIP model : 0.8550 seconds
min_d : 0, max_d : 9
---------------------------------
solution for: IP model
objective: 0
status: OPTIMAL_SOLUTION(2)
x_0_4_0=1
x_1_5_0=1
x_2_5_1=1
x_3_5_2=1
x_4_5_3=1
x_5_3_0=1
x_6_4_1=1
x_7_3_1=1
x_8_4_2=1
x_9_3_2=1
x_10_1_0=1
x_11_1_1=1
x_12_2_0=1
x_13_3_3=1
x_14_1_2=1
x_15_2_1=1
x_16_2_2=1
x_17_0_0=1
x_18_4_3=1
x_19_4_4=1
d_0=6.000
d_1=6.000
d_2=5.000
d_3=5.000
d_4=3.000
d_5=4.000
d_6=5.000
d_7=3.000
d_8=3.000
d_9=3.000
d_10=3.000
d_11=2.000
d_12=3.000
d_13=1.000
d_14=2.000
d_15=2.000
d_16=1.000
d_17=2.000
d_18=3.000
d_19=3.000
d_x_0=3.000
d_x_1=4.000
d_x_2=4.000
d_x_3=4.000
d_x_5=3.000
d_x_6=3.000
d_x_7=2.000
d_x_8=2.000
d_x_9=2.000
d_x_10=1.000
d_x_11=1.000
d_x_12=2.000
d_x_14=2.000
d_x_15=1.000
d_x_16=1.000
d_x_17=1.000
d_x_18=2.000
d_x_19=1.000
d_y_0=3.000
d_y_1=2.000
d_y_2=1.000
d_y_3=1.000
d_y_4=3.000
d_y_5=1.000
d_y_6=2.000
d_y_7=1.000
d_y_8=1.000
d_y_9=1.000
d_y_10=2.000
d_y_11=1.000
d_y_12=1.000
d_y_13=1.000
d_y_15=1.000
d_y_17=1.000
d_y_18=1.000
d_y_19=2.000
normalized distance of container 0 : 0.6666666666666666
normalized distance of container 1 : 0.6666666666666666
normalized distance of container 2 : 0.5555555555555556
normalized distance of container 3 : 0.5555555555555556
normalized distance of container 4 : 0.3333333333333333
normalized distance of container 5 : 0.4444444444444444
normalized distance of container 6 : 0.5555555555555556
normalized distance of container 7 : 0.3333333333333333
normalized distance of container 8 : 0.3333333333333333
normalized distance of container 9 : 0.3333333333333333
normalized distance of container 10 : 0.3333333333333333
normalized distance of container 11 : 0.2222222222222222
normalized distance of container 12 : 0.3333333333333333
normalized distance of container 13 : 0.1111111111111111
normalized distance of container 14 : 0.2222222222222222
normalized distance of container 15 : 0.2222222222222222
normalized distance of container 16 : 0.1111111111111111
normalized distance of container 17 : 0.2222222222222222
normalized distance of container 18 : 0.3333333333333333
normalized distance of container 19 : 0.3333333333333333
