Number of initial container : 0
Number of new container : 20
Total number of containers : 20
Level_num : 9
Container_level : [8, 1, 1, 4, 1, 4, 6, 6, 5, 8, 8, 5, 5, 2, 2, 5, 3, 5, 4, 8]
ideal_configuration : 
 [[5. 6. 0. 0. 0. 0.]
 [4. 5. 8. 0. 0. 0.]
 [2. 4. 5. 8. 0. 0.]
 [1. 2. 4. 5. 8. 0.]
 [1. 1. 3. 5. 6. 8.]]
Centroid : {8: (4.5, 1.5), 1: (1.3333333333333333, 0.3333333333333333), 4: (2.0, 2.0), 6: (3.5, 2.0), 5: (2.8, 2.0), 2: (1.5, 1.5), 3: (3.0, 0.0)}
Repeat number : 5
Original weight : [22.88, 7.66, 7.45, 13.85, 5.67, 13.28, 17.42, 18.47, 15.51, 21.33, 20.99, 14.58, 16.13, 7.84, 8.18, 15.01, 10.67, 14.68, 14.22, 20.79]
Sequence : [1, 2, 3, 4, 5, 6, 7, 8, 9, 10, 11, 12, 13, 14, 15, 16, 17, 18, 19, 20]
Emergency : [0, 0, 0, 0, 0, 0, 0, 0, 0, 0, 0, 0, 0, 0, 0, 0, 0, 0, 0, 0]
Time taken to solve the MIP model : 240.4097 seconds
min_d : 0, max_d : 9
---------------------------------
solution for: IP model
objective: 2
x_1_2_0=1
x_2_5_0=1
x_3_3_0=1
x_3_5_2=-0
x_4_5_1=1
x_5_4_0=1
x_6_4_1=1
x_7_6_0=1
x_8_6_1=1
x_9_4_2=1
x_10_2_1=1
x_11_6_2=1
x_12_5_2=1
x_13_4_3=1
x_14_1_0=1
x_15_1_1=1
x_16_5_3=1
x_17_1_2=1
x_18_1_3=1
x_19_3_1=1
x_20_5_4=1
r_2_0=1
r_2_1=1
d_1=5.000
d_2=5.000
d_3=3.000
d_4=4.000
d_5=4.000
d_6=3.000
d_7=5.000
d_8=4.000
d_9=2.000
d_10=4.000
d_11=3.000
d_12=3.000
d_13=3.000
d_14=3.000
d_15=2.000
d_16=4.000
d_17=4.000
d_18=3.000
d_19=2.000
d_20=4.000
d_x_1=3.000
d_x_2=4.000
d_x_3=2.000
d_x_4=3.000
d_x_5=3.000
d_x_6=2.000
d_x_7=3.000
d_x_8=3.000
d_x_9=2.000
d_x_10=3.000
d_x_11=2.000
d_x_12=3.000
d_x_13=2.000
d_x_14=1.000
d_x_15=1.000
d_x_16=3.000
d_x_17=2.000
d_x_18=2.000
d_x_19=1.000
d_x_20=1.000
d_y_1=2.000
d_y_2=1.000
d_y_3=1.000
d_y_4=1.000
d_y_5=1.000
d_y_6=1.000
d_y_7=2.000
d_y_8=1.000
d_y_10=1.000
d_y_11=1.000
d_y_13=1.000
d_y_14=2.000
d_y_15=1.000
d_y_16=1.000
d_y_17=2.000
d_y_18=1.000
d_y_19=1.000
d_y_20=3.000
normalized distance of container 1 : 0.5555555555555556
normalized distance of container 2 : 0.5555555555555556
normalized distance of container 3 : 0.3333333333333333
normalized distance of container 4 : 0.4444444444444444
normalized distance of container 5 : 0.4444444444444444
normalized distance of container 6 : 0.3333333333333333
normalized distance of container 7 : 0.5555555555555556
normalized distance of container 8 : 0.4444444444444444
normalized distance of container 9 : 0.2222222222222222
normalized distance of container 10 : 0.4444444444444444
normalized distance of container 11 : 0.3333333333333333
normalized distance of container 12 : 0.3333333333333333
normalized distance of container 13 : 0.3333333333333333
normalized distance of container 14 : 0.3333333333333333
normalized distance of container 15 : 0.2222222222222222
normalized distance of container 16 : 0.4444444444444444
normalized distance of container 17 : 0.4444444444444444
normalized distance of container 18 : 0.3333333333333333
normalized distance of container 19 : 0.2222222222222222
normalized distance of container 20 : 0.4444444444444444
