Number of initial container : 0
Number of new container : 20
Total number of containers : 20
Level_num : 9
Container_level : [1, 8, 1, 2, 8, 1, 7, 2, 1, 6, 8, 9, 8, 2, 3, 7, 3, 1, 3, 8]
ideal_configuration : 
 [[3. 8. 0. 0. 0. 0.]
 [2. 6. 8. 0. 0. 0.]
 [1. 2. 7. 8. 0. 0.]
 [1. 1. 3. 7. 8. 0.]
 [1. 1. 2. 3. 8. 9.]]
Centroid : {1: (0.4, 0.8), 8: (2.8, 2.0), 2: (1.0, 1.6666666666666667), 7: (2.5, 1.5), 6: (1.0, 3.0), 9: (5.0, 0.0), 3: (1.6666666666666667, 1.6666666666666667)}
Repeat number : 2
Original weight : [7.67, 22.23, 9.16, 10.57, 21.76, 7.66, 19.69, 11.18, 7.86, 17.64, 21.6, 22.89, 21.93, 10.64, 12.21, 19.17, 12.98, 9.23, 12.88, 21.37]
Sequence : [1, 2, 3, 4, 5, 6, 7, 8, 9, 10, 11, 12, 13, 14, 15, 16, 17, 18, 19, 20]
Emergency : [0, 0, 0, 0, 0, 0, 0, 0, 0, 0, 0, 0, 0, 0, 0, 0, 0, 0, 0, 0]
Time taken to solve the MIP model : 0.3751 seconds
min_d : 0, max_d : 9
---------------------------------
solution for: IP model
objective: 0
status: OPTIMAL_SOLUTION(2)
x_0_0_0=1
x_1_0_1=1
x_2_4_0=1
x_3_4_1=1
x_4_4_2=1
x_5_2_0=1
x_6_1_0=1
x_7_2_1=1
x_8_5_0=1
x_9_2_2=1
x_10_1_1=1
x_11_4_3=1
x_12_1_2=1
x_13_3_0=1
x_14_3_1=1
x_15_2_3=1
x_16_3_2=1
x_17_5_1=1
x_18_5_2=1
x_19_2_4=1
d_0=2.000
d_1=4.000
d_2=5.000
d_3=4.000
d_4=2.000
d_5=3.000
d_6=4.000
d_7=2.000
d_8=6.000
d_9=2.000
d_10=3.000
d_11=4.000
d_12=2.000
d_13=4.000
d_14=3.000
d_15=3.000
d_16=3.000
d_17=6.000
d_18=5.000
d_19=3.000
d_x_0=1.000
d_x_1=3.000
d_x_2=4.000
d_x_3=3.000
d_x_4=2.000
d_x_5=2.000
d_x_6=2.000
d_x_7=1.000
d_x_8=5.000
d_x_9=1.000
d_x_10=2.000
d_x_11=1.000
d_x_12=2.000
d_x_13=2.000
d_x_14=2.000
d_x_15=1.000
d_x_16=2.000
d_x_17=5.000
d_x_18=4.000
d_x_19=1.000
d_y_0=1.000
d_y_1=1.000
d_y_2=1.000
d_y_3=1.000
d_y_5=1.000
d_y_6=2.000
d_y_7=1.000
d_y_8=1.000
d_y_9=1.000
d_y_10=1.000
d_y_11=3.000
d_y_13=2.000
d_y_14=1.000
d_y_15=2.000
d_y_16=1.000
d_y_17=1.000
d_y_18=1.000
d_y_19=2.000
normalized distance of container 0 : 0.2222222222222222
normalized distance of container 1 : 0.4444444444444444
normalized distance of container 2 : 0.5555555555555556
normalized distance of container 3 : 0.4444444444444444
normalized distance of container 4 : 0.2222222222222222
normalized distance of container 5 : 0.3333333333333333
normalized distance of container 6 : 0.4444444444444444
normalized distance of container 7 : 0.2222222222222222
normalized distance of container 8 : 0.6666666666666666
normalized distance of container 9 : 0.2222222222222222
normalized distance of container 10 : 0.3333333333333333
normalized distance of container 11 : 0.4444444444444444
normalized distance of container 12 : 0.2222222222222222
normalized distance of container 13 : 0.4444444444444444
normalized distance of container 14 : 0.3333333333333333
normalized distance of container 15 : 0.3333333333333333
normalized distance of container 16 : 0.3333333333333333
normalized distance of container 17 : 0.6666666666666666
normalized distance of container 18 : 0.5555555555555556
normalized distance of container 19 : 0.3333333333333333
