Number of initial container : 0
Number of new container : 23
Total number of containers : 23
Level_num : 9
Container_level : [3, 3, 8, 8, 3, 3, 1, 6, 8, 8, 8, 3, 1, 8, 1, 6, 1, 8, 3, 1, 3, 1, 9]
ideal_configuration : 
 [[3. 8. 8. 0. 0. 0.]
 [3. 3. 8. 8. 0. 0.]
 [1. 3. 3. 8. 9. 0.]
 [1. 1. 3. 6. 8. 0.]
 [1. 1. 1. 3. 6. 8.]]
Centroid : {3: (1.2857142857142858, 2.142857142857143), 8: (2.857142857142857, 2.4285714285714284), 1: (0.6666666666666666, 0.6666666666666666), 6: (3.5, 0.5), 9: (4.0, 2.0)}
Repeat number : 15
Original weight : [22.13, 16.76, 14.03, 12.46, 15.95, 7.68, 16.4, 22.93, 10.97, 12.42, 17.02, 18.3, 14.09, 5.76, 14.71, 11.27, 15.37, 5.59, 17.71, 22.85, 22.25, 9.67, 17.71]
Group : [1, 1, 3, 3, 1, 1, 0, 2, 3, 3, 3, 1, 0, 3, 0, 2, 0, 3, 1, 0, 1, 0, 3]
Sequence : [1, 2, 3, 4, 5, 6, 7, 8, 9, 10, 11, 12, 13, 14, 15, 16, 17, 18, 19, 20, 21, 22, 23]
Scroe : [122.13, 116.76, 314.03, 312.46, 115.95, 107.68, 16.4, 222.93, 310.97, 312.42, 317.02, 118.3, 14.09, 305.76, 14.71, 211.27, 15.37, 305.59, 117.71000000000001, 22.85, 122.25, 9.67, 317.71]
Time taken to solve the MIP model : 18.9286 seconds
min_d : 0, max_d : 9
---------------------------------
solution for: IP model
objective: 5.01323
x_0_4_0=1
x_1_5_0=1
x_2_5_1=1
x_3_5_2=1
x_4_3_0=1
x_5_2_0=1
x_6_0_0=1
x_7_3_1=1
x_8_3_2=1
x_9_3_3=1
x_10_3_4=1
x_11_2_1=1
x_12_1_0=1
x_13_2_2=1
x_14_1_1=1
x_15_4_1=1
x_16_1_2=1
x_17_4_2=1
x_18_1_3=1
x_19_0_1=1
x_20_1_4=1
x_21_0_2=1
x_22_4_3=1
r_0_0=1
r_0_1=1
r_0_2=1
r_5_1=1
r_5_2=1
d_0=4.857
d_1=5.857
d_2=3.571
d_3=2.571
d_4=3.857
d_5=2.857
d_6=1.333
d_7=1.000
d_8=0.571
d_9=0.714
d_10=1.714
d_11=1.857
d_12=1.000
d_13=1.286
d_14=0.667
d_15=1.000
d_16=1.667
d_17=1.571
d_18=1.143
d_19=1.000
d_20=2.143
d_21=2.000
d_22=1.000
d_x_0=2.714
d_x_1=3.714
d_x_2=2.143
d_x_3=2.143
d_x_4=1.714
d_x_5=0.714
d_x_6=0.667
d_x_7=0.500
d_x_8=0.143
d_x_9=0.143
d_x_10=0.143
d_x_11=0.714
d_x_12=0.333
d_x_13=0.857
d_x_14=0.333
d_x_15=0.500
d_x_16=0.333
d_x_17=1.143
d_x_18=0.286
d_x_19=0.667
d_x_20=0.286
d_x_21=0.667
d_y_0=2.143
d_y_1=2.143
d_y_2=1.429
d_y_3=0.429
d_y_4=2.143
d_y_5=2.143
d_y_6=0.667
d_y_7=0.500
d_y_8=0.429
d_y_9=0.571
d_y_10=1.571
d_y_11=1.143
d_y_12=0.667
d_y_13=0.429
d_y_14=0.333
d_y_15=0.500
d_y_16=1.333
d_y_17=0.429
d_y_18=0.857
d_y_19=0.333
d_y_20=1.857
d_y_21=1.333
d_y_22=1.000
normalized distance of container 0 : 0.5396825396825398
normalized distance of container 1 : 0.6507936507936508
normalized distance of container 2 : 0.39682539682539675
normalized distance of container 3 : 0.28571428571428514
normalized distance of container 4 : 0.42857142857142777
normalized distance of container 5 : 0.31746031746031655
normalized distance of container 6 : 0.14814814814814709
normalized distance of container 7 : 0.11111111111110933
normalized distance of container 8 : 0.06349206349206267
normalized distance of container 9 : 0.07936507936507893
normalized distance of container 10 : 0.19047619047619005
normalized distance of container 11 : 0.20634920634920523
normalized distance of container 12 : 0.11111111111110979
normalized distance of container 13 : 0.1428571428571421
normalized distance of container 14 : 0.07407407407407221
normalized distance of container 15 : 0.11111111111110933
normalized distance of container 16 : 0.18518518518518334
normalized distance of container 17 : 0.17460317460317423
normalized distance of container 18 : 0.12698412698411599
normalized distance of container 19 : 0.11111111111111058
normalized distance of container 20 : 0.23809523809523814
normalized distance of container 21 : 0.22222222222222468
normalized distance of container 22 : 0.1111111111111111
