Number of initial container : 0
Number of new container : 23
Total number of containers : 23
Level_num : 9
Container_level : [3, 3, 3, 3, 3, 1, 1, 1, 1, 6, 6, 3, 3, 1, 9, 6, 6, 3, 8, 6, 3, 1, 3]
ideal_configuration : 
 [[3. 3. 6. 0. 0. 0.]
 [3. 3. 6. 8. 0. 0.]
 [1. 3. 3. 6. 9. 0.]
 [1. 1. 3. 3. 6. 0.]
 [1. 1. 1. 3. 3. 6.]]
Centroid : {3: (1.7, 2.0), 1: (0.6666666666666666, 0.6666666666666666), 6: (3.2, 2.0), 9: (4.0, 2.0), 8: (3.0, 3.0)}
Repeat number : 5
Original weight : [19.15, 23.25, 18.57, 5.35, 23.58, 17.88, 11.41, 16.65, 14.15, 6.48, 19.88, 12.45, 23.46, 9.35, 18.83, 22.93, 19.56, 23.0, 11.32, 12.4, 15.32, 23.84, 17.27]
Group : [1, 1, 1, 1, 1, 0, 0, 0, 0, 2, 2, 1, 1, 0, 3, 2, 2, 1, 3, 2, 1, 0, 1]
Sequence : [1, 2, 3, 4, 5, 6, 7, 8, 9, 10, 11, 12, 13, 14, 15, 16, 17, 18, 19, 20, 21, 22, 23]
Scroe : [119.15, 123.25, 118.57, 105.35, 123.58, 17.88, 11.41, 16.65, 14.15, 206.48, 219.88, 112.45, 123.46000000000001, 9.35, 318.83, 222.93, 219.56, 123.0, 311.32, 212.4, 115.32, 23.84, 117.27]
Time taken to solve the MIP model : 68.8675 seconds
min_d : 0, max_d : 9
---------------------------------
solution for: IP model
objective: 3.83333
x_0_2_0=1
x_1_2_1=1
x_2_4_0=1
x_3_3_0=1
x_4_3_1=1
x_5_0_0=1
x_6_1_0=1
x_7_5_0=1
x_8_1_1=1
x_9_4_1=1
x_10_4_2=1
x_11_1_2=1
x_12_2_2=1
x_13_0_1=1
x_14_4_3=1
x_15_2_3=1
x_16_3_2=1
x_17_5_1=1
x_18_3_3=1
x_19_5_2=1
x_20_1_3=1
x_21_0_2=1
x_22_1_4=1
r_0_0=1
r_0_1=1
r_0_2=1
d_0=2.300
d_1=1.300
d_2=4.300
d_3=3.300
d_4=2.300
d_5=1.333
d_6=1.000
d_7=5.000
d_8=0.667
d_9=1.800
d_10=0.800
d_11=0.700
d_12=0.300
d_13=1.000
d_14=1.000
d_15=2.200
d_16=0.200
d_17=4.300
d_19=1.800
d_20=1.700
d_21=2.000
d_22=2.700
d_x_0=0.300
d_x_1=0.300
d_x_2=2.300
d_x_3=1.300
d_x_4=1.300
d_x_5=0.667
d_x_6=0.333
d_x_7=4.333
d_x_8=0.333
d_x_9=0.800
d_x_10=0.800
d_x_11=0.700
d_x_12=0.300
d_x_13=0.667
d_x_15=1.200
d_x_16=0.200
d_x_17=3.300
d_x_19=1.800
d_x_20=0.700
d_x_21=0.667
d_x_22=0.700
d_y_0=2.000
d_y_1=1.000
d_y_2=2.000
d_y_3=2.000
d_y_4=1.000
d_y_5=0.667
d_y_6=0.667
d_y_7=0.667
d_y_8=0.333
d_y_9=1.000
d_y_13=0.333
d_y_14=1.000
d_y_15=1.000
d_y_17=1.000
d_y_20=1.000
d_y_21=1.333
d_y_22=2.000
normalized distance of container 0 : 0.2555555555555553
normalized distance of container 1 : 0.1444444444444439
normalized distance of container 2 : 0.47777777777777747
normalized distance of container 3 : 0.366666666666666
normalized distance of container 4 : 0.2555555555555544
normalized distance of container 5 : 0.14814814814814814
normalized distance of container 6 : 0.11111111111110977
normalized distance of container 7 : 0.5555555555555542
normalized distance of container 8 : 0.07407407407407221
normalized distance of container 9 : 0.19999999999999998
normalized distance of container 10 : 0.08888888888888886
normalized distance of container 11 : 0.07777777777777778
normalized distance of container 12 : 0.0333333333333322
normalized distance of container 13 : 0.1111111111111087
normalized distance of container 14 : 0.1111111111111111
normalized distance of container 15 : 0.24444444444444435
normalized distance of container 16 : 0.022222222222221748
normalized distance of container 17 : 0.4777777777777767
normalized distance of container 18 : 0.0
normalized distance of container 19 : 0.19999999999999998
normalized distance of container 20 : 0.18888888888888886
normalized distance of container 21 : 0.2222222222222217
normalized distance of container 22 : 0.3
