Number of initial container : 0
Number of new container : 23
Total number of containers : 23
Level_num : 9
Container_level : [1, 3, 1, 8, 8, 1, 6, 1, 6, 3, 3, 6, 9, 8, 1, 1, 6, 1, 3, 3, 3, 1, 1]
ideal_configuration : 
 [[3. 6. 8. 0. 0. 0.]
 [1. 3. 6. 8. 0. 0.]
 [1. 1. 3. 6. 9. 0.]
 [1. 1. 1. 3. 6. 0.]
 [1. 1. 1. 3. 3. 8.]]
Centroid : {1: (0.7777777777777778, 1.1111111111111112), 3: (2.1666666666666665, 1.6666666666666667), 8: (3.3333333333333335, 2.3333333333333335), 6: (2.5, 2.5), 9: (4.0, 2.0)}
Repeat number : 24
Original weight : [15.76, 5.79, 6.81, 17.18, 6.01, 21.18, 18.59, 15.03, 17.49, 23.58, 11.26, 12.39, 23.06, 14.97, 17.53, 17.24, 9.12, 8.96, 7.39, 21.45, 13.56, 8.19, 6.79]
Group : [0, 1, 0, 3, 3, 0, 2, 0, 2, 1, 1, 2, 3, 3, 0, 0, 2, 0, 1, 1, 1, 0, 0]
Sequence : [1, 2, 3, 4, 5, 6, 7, 8, 9, 10, 11, 12, 13, 14, 15, 16, 17, 18, 19, 20, 21, 22, 23]
Scroe : [15.76, 105.79, 6.81, 317.18, 306.01, 21.18, 218.59, 15.03, 217.49, 123.58, 111.26, 212.39, 323.06, 314.97, 17.53, 17.24, 209.12, 8.96, 107.39, 121.45, 113.56, 8.19, 6.79]
Time taken to solve the MIP model : 9656.4784 seconds
min_d : 0, max_d : 9
---------------------------------
solution for: IP model
objective: 6.37654
x_0_3_0=1
x_1_4_0=1
x_2_2_0=1
x_3_5_0=1
x_4_3_1=1
x_5_2_1=1
x_6_3_2=1
x_7_1_0=1
x_8_3_3=1
x_9_4_1=1
x_10_2_2=1
x_11_4_2=1
x_12_5_1=1
x_13_4_3=1
x_14_0_0=1
x_15_1_1=1
x_16_3_4=1
x_17_0_1=1
x_18_1_2=1
x_19_2_3=1
x_20_1_3=1
x_21_0_2=1
x_22_0_3=1
r_0_0=1
r_0_1=1
r_0_2=1
r_0_3=1
r_3_1=1
r_3_2=1
r_3_3=1
r_3_4=1
d_0=3.333
d_1=3.500
d_2=2.333
d_3=4.000
d_4=1.667
d_5=1.333
d_6=1.000
d_7=1.333
d_8=1.000
d_9=2.500
d_10=0.500
d_11=2.000
d_12=2.000
d_13=1.333
d_14=1.889
d_15=0.333
d_16=2.000
d_17=0.889
d_18=1.500
d_19=1.500
d_20=2.500
d_21=1.667
d_22=2.667
d_x_0=2.222
d_x_1=1.833
d_x_2=1.222
d_x_3=1.667
d_x_4=0.333
d_x_5=1.222
d_x_6=0.500
d_x_7=0.222
d_x_8=0.500
d_x_9=1.833
d_x_10=0.167
d_x_11=1.500
d_x_12=1.000
d_x_13=0.667
d_x_14=0.778
d_x_15=0.222
d_x_16=0.500
d_x_17=0.778
d_x_18=1.167
d_x_19=0.167
d_x_20=1.167
d_x_21=0.778
d_x_22=0.778
d_y_0=1.111
d_y_1=1.667
d_y_2=1.111
d_y_3=2.333
d_y_4=1.333
d_y_5=0.111
d_y_6=0.500
d_y_7=1.111
d_y_8=0.500
d_y_9=0.667
d_y_10=0.333
d_y_11=0.500
d_y_12=1.000
d_y_13=0.667
d_y_14=1.111
d_y_15=0.111
d_y_16=1.500
d_y_17=0.111
d_y_18=0.333
d_y_19=1.333
d_y_20=1.333
d_y_21=0.889
d_y_22=1.889
normalized distance of container 0 : 0.3703703703703703
normalized distance of container 1 : 0.3888888888888889
normalized distance of container 2 : 0.2592592592592584
normalized distance of container 3 : 0.44444444444444425
normalized distance of container 4 : 0.18518518518518523
normalized distance of container 5 : 0.14814814814814728
normalized distance of container 6 : 0.11111111111111072
normalized distance of container 7 : 0.14814814814814647
normalized distance of container 8 : 0.11111111111111033
normalized distance of container 9 : 0.2777777777777769
normalized distance of container 10 : 0.05555555555555501
normalized distance of container 11 : 0.22222222222222182
normalized distance of container 12 : 0.2222222222222222
normalized distance of container 13 : 0.14814814814814786
normalized distance of container 14 : 0.20987654320987603
normalized distance of container 15 : 0.03703703703703538
normalized distance of container 16 : 0.22222222222222182
normalized distance of container 17 : 0.09876543209876544
normalized distance of container 18 : 0.16666666666666613
normalized distance of container 19 : 0.16666666666666616
normalized distance of container 20 : 0.2777777777777773
normalized distance of container 21 : 0.18518518518518254
normalized distance of container 22 : 0.29629629629629595
