Number of initial container : 0
Number of new container : 23
Total number of containers : 23
Level_num : 9
Container_level : [6, 3, 3, 6, 6, 8, 6, 8, 8, 8, 8, 6, 1, 8, 1, 3, 8, 3, 9, 8, 1, 8, 8]
ideal_configuration : 
 [[6. 8. 8. 0. 0. 0.]
 [3. 6. 8. 8. 0. 0.]
 [3. 6. 8. 8. 9. 0.]
 [1. 3. 6. 8. 8. 0.]
 [1. 1. 3. 6. 8. 8.]]
Centroid : {6: (1.4, 2.0), 3: (0.75, 1.5), 8: (2.9, 2.0), 1: (0.3333333333333333, 0.3333333333333333), 9: (4.0, 2.0)}
Repeat number : 8
Original weight : [12.31, 11.36, 8.42, 20.62, 18.14, 19.29, 20.3, 19.38, 10.62, 7.89, 17.39, 21.49, 16.47, 13.7, 5.77, 20.57, 18.31, 14.35, 22.54, 21.44, 14.61, 11.71, 14.64]
Group : [2, 1, 1, 2, 2, 3, 2, 3, 3, 3, 3, 2, 0, 3, 0, 1, 3, 1, 3, 3, 0, 3, 3]
Sequence : [1, 2, 3, 4, 5, 6, 7, 8, 9, 10, 11, 12, 13, 14, 15, 16, 17, 18, 19, 20, 21, 22, 23]
Scroe : [212.31, 111.36, 108.42, 220.62, 218.14, 319.29, 220.3, 319.38, 310.62, 307.89, 317.39, 221.49, 16.47, 313.7, 5.77, 120.57, 318.31, 114.35, 322.54, 321.44, 14.61, 311.71, 314.64]
Time taken to solve the MIP model : 150.8999 seconds
min_d : 0, max_d : 9
---------------------------------
solution for: IP model
objective: 3.38889
x_0_5_0=1
x_1_1_0=1
x_2_3_0=1
x_3_4_0=1
x_4_1_1=1
x_5_5_1=1
x_6_1_2=1
x_7_5_2=1
x_8_3_1=1
x_9_4_1=1
x_10_3_2=1
x_11_1_3=1
x_12_0_0=1
x_13_4_2=1
x_14_2_0=1
x_15_0_1=1
x_16_3_3=1
x_17_0_2=1
x_18_4_3=1
x_19_3_4=1
x_20_2_1=1
x_21_2_2=1
x_22_2_3=1
r_0_1=1
r_0_2=1
d_0=5.600
d_1=1.750
d_2=3.750
d_3=4.600
d_4=1.400
d_5=3.100
d_6=0.400
d_7=2.100
d_8=1.100
d_9=2.100
d_10=0.100
d_11=1.400
d_12=0.667
d_13=1.100
d_14=2.000
d_15=1.250
d_16=1.100
d_17=1.250
d_18=1.000
d_19=2.100
d_20=2.333
d_21=0.900
d_22=1.900
d_x_0=3.600
d_x_1=0.250
d_x_2=2.250
d_x_3=2.600
d_x_4=0.400
d_x_5=2.100
d_x_6=0.400
d_x_7=2.100
d_x_8=0.100
d_x_9=1.100
d_x_10=0.100
d_x_11=0.400
d_x_12=0.333
d_x_13=1.100
d_x_14=1.667
d_x_15=0.750
d_x_16=0.100
d_x_17=0.750
d_x_19=0.100
d_x_20=1.667
d_x_21=0.900
d_x_22=0.900
d_y_0=2.000
d_y_1=1.500
d_y_2=1.500
d_y_3=2.000
d_y_4=1.000
d_y_5=1.000
d_y_8=1.000
d_y_9=1.000
d_y_11=1.000
d_y_12=0.333
d_y_14=0.333
d_y_15=0.500
d_y_16=1.000
d_y_17=0.500
d_y_18=1.000
d_y_19=2.000
d_y_20=0.667
d_y_22=1.000
normalized distance of container 0 : 0.622222222222222
normalized distance of container 1 : 0.19444444444444425
normalized distance of container 2 : 0.4166666666666663
normalized distance of container 3 : 0.5111111111111105
normalized distance of container 4 : 0.15555555555555556
normalized distance of container 5 : 0.34444444444444405
normalized distance of container 6 : 0.044444444444443496
normalized distance of container 7 : 0.23333333333333295
normalized distance of container 8 : 0.12222222222222198
normalized distance of container 9 : 0.2333333333333329
normalized distance of container 10 : 0.011111111111110874
normalized distance of container 11 : 0.15555555555555556
normalized distance of container 12 : 0.07407407407407318
normalized distance of container 13 : 0.12222222222222179
normalized distance of container 14 : 0.22222222222222132
normalized distance of container 15 : 0.1388888888888889
normalized distance of container 16 : 0.12222222222222198
normalized distance of container 17 : 0.13888888888888806
normalized distance of container 18 : 0.1111111111111111
normalized distance of container 19 : 0.2333333333333331
normalized distance of container 20 : 0.2592592592592593
normalized distance of container 21 : 0.09999999999999999
normalized distance of container 22 : 0.2111111111111111
