Number of initial container : 0
Number of new container : 23
Total number of containers : 23
Level_num : 9
Container_level : [1, 6, 6, 3, 3, 8, 3, 8, 3, 3, 1, 1, 3, 6, 3, 1, 9, 8, 6, 8, 3, 3, 8]
ideal_configuration : 
 [[3. 6. 8. 0. 0. 0.]
 [3. 3. 6. 8. 0. 0.]
 [1. 3. 3. 8. 9. 0.]
 [1. 3. 3. 6. 8. 0.]
 [1. 1. 3. 3. 6. 8.]]
Centroid : {1: (0.25, 0.75), 6: (2.5, 2.0), 3: (1.3333333333333333, 1.7777777777777777), 8: (3.4, 2.0), 9: (4.0, 2.0)}
Repeat number : 17
Original weight : [13.83, 22.3, 12.82, 8.98, 7.2, 9.87, 19.31, 12.49, 7.15, 5.57, 8.74, 16.97, 6.91, 12.88, 17.09, 20.88, 16.04, 14.36, 15.28, 8.3, 11.58, 9.6, 7.37]
Group : [0, 2, 2, 1, 1, 3, 1, 3, 1, 1, 0, 0, 1, 2, 1, 0, 3, 3, 2, 3, 1, 1, 3]
Sequence : [1, 2, 3, 4, 5, 6, 7, 8, 9, 10, 11, 12, 13, 14, 15, 16, 17, 18, 19, 20, 21, 22, 23]
Scroe : [13.83, 222.3, 212.82, 108.98, 107.2, 309.87, 119.31, 312.49, 107.15, 105.57, 8.74, 16.97, 106.91, 212.88, 117.09, 20.88, 316.04, 314.36, 215.28, 308.3, 111.58, 109.6, 307.37]
Time taken to solve the MIP model : 31.3345 seconds
min_d : 0, max_d : 9
---------------------------------
solution for: IP model
objective: 3.49444
x_0_1_0=1
x_1_5_0=1
x_2_5_1=1
x_3_3_0=1
x_4_4_0=1
x_5_4_1=1
x_6_3_1=1
x_7_4_2=1
x_8_2_0=1
x_9_1_1=1
x_10_0_0=1
x_11_0_1=1
x_12_1_2=1
x_13_3_2=1
x_14_2_1=1
x_15_0_2=1
x_16_4_3=1
x_17_3_3=1
x_18_2_2=1
x_19_2_3=1
x_20_1_3=1
x_21_0_3=1
x_22_1_4=1
r_5_0=1
r_5_1=1
d_0=1.500
d_1=4.500
d_2=3.500
d_3=3.444
d_4=4.444
d_5=1.600
d_6=2.444
d_7=0.600
d_8=2.444
d_9=1.111
d_10=1.000
d_11=0.500
d_12=0.556
d_13=0.500
d_14=1.444
d_15=1.500
d_16=1.000
d_17=1.400
d_18=0.500
d_19=2.400
d_20=1.556
d_21=2.556
d_22=4.400
d_x_0=0.750
d_x_1=2.500
d_x_2=2.500
d_x_3=1.667
d_x_4=2.667
d_x_5=0.600
d_x_6=1.667
d_x_7=0.600
d_x_8=0.667
d_x_9=0.333
d_x_10=0.250
d_x_11=0.250
d_x_12=0.333
d_x_13=0.500
d_x_14=0.667
d_x_15=0.250
d_x_17=0.400
d_x_18=0.500
d_x_19=1.400
d_x_20=0.333
d_x_21=1.333
d_x_22=2.400
d_y_0=0.750
d_y_1=2.000
d_y_2=1.000
d_y_3=1.778
d_y_4=1.778
d_y_5=1.000
d_y_6=0.778
d_y_8=1.778
d_y_9=0.778
d_y_10=0.750
d_y_11=0.250
d_y_12=0.222
d_y_14=0.778
d_y_15=1.250
d_y_16=1.000
d_y_17=1.000
d_y_19=1.000
d_y_20=1.222
d_y_21=1.222
d_y_22=2.000
normalized distance of container 0 : 0.16666666666666666
normalized distance of container 1 : 0.5
normalized distance of container 2 : 0.3888888888888889
normalized distance of container 3 : 0.38271604938271575
normalized distance of container 4 : 0.49382716049382647
normalized distance of container 5 : 0.17777777777777778
normalized distance of container 6 : 0.27160493827160387
normalized distance of container 7 : 0.06666666666666668
normalized distance of container 8 : 0.27160493827160387
normalized distance of container 9 : 0.12345679012345645
normalized distance of container 10 : 0.1111111111111111
normalized distance of container 11 : 0.055555555555553186
normalized distance of container 12 : 0.0617283950617284
normalized distance of container 13 : 0.055555555555555164
normalized distance of container 14 : 0.16049382716049276
normalized distance of container 15 : 0.16666666666666588
normalized distance of container 16 : 0.1111111111111111
normalized distance of container 17 : 0.15555555555555556
normalized distance of container 18 : 0.05555555555555555
normalized distance of container 19 : 0.26666666666666666
normalized distance of container 20 : 0.17283950617283902
normalized distance of container 21 : 0.2839506172839501
normalized distance of container 22 : 0.48888888888888893
