Number of initial container : 0
Number of new container : 23
Total number of containers : 23
Level_num : 9
Container_level : [6, 8, 3, 6, 3, 9, 1, 3, 8, 8, 6, 1, 8, 8, 8, 6, 6, 3, 3, 1, 6, 8, 6]
ideal_configuration : 
 [[6. 8. 8. 0. 0. 0.]
 [3. 6. 8. 8. 0. 0.]
 [3. 3. 6. 8. 9. 0.]
 [1. 3. 6. 6. 8. 0.]
 [1. 1. 3. 6. 6. 8.]]
Centroid : {6: (2.142857142857143, 1.5714285714285714), 8: (2.857142857142857, 2.4285714285714284), 3: (0.8, 1.6), 9: (4.0, 2.0), 1: (0.3333333333333333, 0.3333333333333333)}
Repeat number : 23
Original weight : [7.28, 20.23, 18.75, 6.39, 12.77, 23.42, 13.88, 20.62, 17.89, 15.79, 22.65, 9.91, 7.64, 15.35, 9.84, 18.2, 18.24, 6.92, 18.56, 13.47, 20.45, 22.52, 6.33]
Group : [2, 3, 1, 2, 1, 3, 0, 1, 3, 3, 2, 0, 3, 3, 3, 2, 2, 1, 1, 0, 2, 3, 2]
Sequence : [1, 2, 3, 4, 5, 6, 7, 8, 9, 10, 11, 12, 13, 14, 15, 16, 17, 18, 19, 20, 21, 22, 23]
Scroe : [207.28, 320.23, 118.75, 206.39, 112.77, 323.42, 13.88, 120.62, 317.89, 315.79, 222.65, 9.91, 307.64, 315.35, 309.84, 218.2, 218.24, 106.92, 118.56, 13.47, 220.45, 322.52, 206.33]
Time taken to solve the MIP model : 357.3229 seconds
min_d : 0, max_d : 9
---------------------------------
solution for: IP model
objective: 3.85132
x_0_4_0=1
x_1_5_0=1
x_2_3_0=1
x_3_3_1=1
x_4_2_0=1
x_5_5_1=1
x_6_1_0=1
x_7_2_1=1
x_8_3_2=1
x_9_3_3=1
x_10_4_1=1
x_11_0_0=1
x_12_4_2=1
x_13_4_3=1
x_14_3_4=1
x_15_2_2=1
x_16_2_3=1
x_17_1_1=1
x_18_1_2=1
x_19_0_1=1
x_20_1_3=1
x_21_2_4=1
x_22_0_2=1
r_3_2=1
r_3_3=1
r_3_4=1
d_0=3.429
d_1=4.571
d_2=3.800
d_3=1.429
d_4=2.800
d_5=2.000
d_6=1.000
d_7=1.800
d_8=0.571
d_9=0.714
d_10=2.429
d_11=0.667
d_12=1.571
d_13=1.714
d_14=1.714
d_15=0.571
d_16=1.571
d_17=0.800
d_18=0.600
d_19=1.000
d_20=2.571
d_21=2.429
d_22=2.571
d_x_0=1.857
d_x_1=2.143
d_x_2=2.200
d_x_3=0.857
d_x_4=1.200
d_x_5=1.000
d_x_6=0.667
d_x_7=1.200
d_x_8=0.143
d_x_9=0.143
d_x_10=1.857
d_x_11=0.333
d_x_12=1.143
d_x_13=1.143
d_x_14=0.143
d_x_15=0.143
d_x_16=0.143
d_x_17=0.200
d_x_18=0.200
d_x_19=0.333
d_x_20=1.143
d_x_21=0.857
d_x_22=2.143
d_y_0=1.571
d_y_1=2.429
d_y_2=1.600
d_y_3=0.571
d_y_4=1.600
d_y_5=1.000
d_y_6=0.333
d_y_7=0.600
d_y_8=0.429
d_y_9=0.571
d_y_10=0.571
d_y_11=0.333
d_y_12=0.429
d_y_13=0.571
d_y_14=1.571
d_y_15=0.429
d_y_16=1.429
d_y_17=0.600
d_y_18=0.400
d_y_19=0.667
d_y_20=1.429
d_y_21=1.571
d_y_22=0.429
normalized distance of container 0 : 0.3809523809523809
normalized distance of container 1 : 0.5079365079365079
normalized distance of container 2 : 0.4222222222222218
normalized distance of container 3 : 0.1587301587301584
normalized distance of container 4 : 0.31111111111111067
normalized distance of container 5 : 0.2222222222222222
normalized distance of container 6 : 0.11111111111110973
normalized distance of container 7 : 0.19999999999999796
normalized distance of container 8 : 0.06349206349206267
normalized distance of container 9 : 0.07936507936507893
normalized distance of container 10 : 0.2698412698412699
normalized distance of container 11 : 0.07407407407407063
normalized distance of container 12 : 0.17460317460317412
normalized distance of container 13 : 0.19047619047619005
normalized distance of container 14 : 0.1904761904761896
normalized distance of container 15 : 0.0634920634920625
normalized distance of container 16 : 0.1746031746031728
normalized distance of container 17 : 0.08888888888888796
normalized distance of container 18 : 0.06666666666666457
normalized distance of container 19 : 0.1111111111111091
normalized distance of container 20 : 0.28571428571428475
normalized distance of container 21 : 0.2698412698412438
normalized distance of container 22 : 0.2857142857142847
