Number of initial container : 7
Number of new container : 13
Total number of containers : 20
Level_num : 9
Container_level : [1, 3, 7, 4, 7, 6, 5, 3, 1, 1, 7, 1, 9, 1, 5, 3, 3, 8, 7, 5]
ideal_configuration : 
 [[5. 7. 0. 0. 0. 0.]
 [3. 5. 7. 0. 0. 0.]
 [1. 3. 5. 7. 0. 0.]
 [1. 1. 3. 6. 8. 0.]
 [1. 1. 3. 4. 7. 9.]]
Centroid : {1: (0.4, 0.8), 3: (1.25, 1.5), 7: (2.5, 2.25), 4: (3.0, 0.0), 6: (3.0, 1.0), 5: (1.0, 3.0), 9: (5.0, 0.0), 8: (4.0, 1.0)}
Repeat number : 7
Original weight : [7.69, 11.27, 20.07, 14.81, 20.92, 18.37, 15.38, 12.35, 8.53, 7.44, 19.99, 7.67, 23.56, 6.71, 16.81, 11.07, 11.41, 23.48, 20.02, 15.79]
Sequence : [0, 0, 0, 0, 0, 0, 0, 1, 2, 3, 4, 5, 6, 7, 8, 9, 10, 11, 12, 13]
Emergency : [0, 0, 0, 0, 0, 0, 0, 0, 0, 0, 0, 0, 0, 0, 0, 0, 0, 0, 0, 0]
Time taken to solve the MIP model : 0.0959 seconds
min_d : 0, max_d : 9
---------------------------------
solution for: IP model
objective: 3
status: OPTIMAL_SOLUTION(2)
x_0_4_0=1
x_1_2_0=1
x_2_3_0=1
x_3_4_1=1
x_4_0_0=1
x_5_2_1=1
x_6_4_2=1
x_7_3_1=1
x_8_3_2=1
x_9_5_0=1
x_10_2_2=1
x_11_5_1=1
x_12_0_1=1
x_13_1_0=1
x_14_4_3=1
x_15_1_1=1
x_16_5_2=1
x_17_5_3=1
x_18_2_3=1
x_19_1_2=1
r_3_0=1
r_3_1=1
r_3_2=1
d_0=4.400
d_1=2.250
d_2=2.750
d_3=2.000
d_4=4.750
d_5=1.000
d_6=4.000
d_7=3.000
d_8=5.000
d_9=6.000
d_10=2.000
d_11=6.000
d_12=6.000
d_13=2.000
d_14=3.000
d_15=2.000
d_16=5.000
d_17=3.000
d_18=2.000
d_19=1.000
d_x_0=3.600
d_x_1=0.750
d_x_2=0.500
d_x_3=1.000
d_x_4=2.500
d_x_5=1.000
d_x_6=3.000
d_x_7=2.000
d_x_8=3.000
d_x_9=5.000
d_x_10=1.000
d_x_11=5.000
d_x_12=5.000
d_x_13=1.000
d_x_14=3.000
d_x_15=1.000
d_x_16=4.000
d_x_17=1.000
d_x_18=1.000
d_y_0=0.800
d_y_1=1.500
d_y_2=2.250
d_y_3=1.000
d_y_4=2.250
d_y_6=1.000
d_y_7=1.000
d_y_8=2.000
d_y_9=1.000
d_y_10=1.000
d_y_11=1.000
d_y_12=1.000
d_y_13=1.000
d_y_15=1.000
d_y_16=1.000
d_y_17=2.000
d_y_18=1.000
d_y_19=1.000
normalized distance of container 0 : 0.48888888888888893
normalized distance of container 1 : 0.25
normalized distance of container 2 : 0.3055555555555556
normalized distance of container 3 : 0.2222222222222222
normalized distance of container 4 : 0.5277777777777778
normalized distance of container 5 : 0.1111111111111111
normalized distance of container 6 : 0.4444444444444444
normalized distance of container 7 : 0.3333333333333333
normalized distance of container 8 : 0.5555555555555556
normalized distance of container 9 : 0.6666666666666666
normalized distance of container 10 : 0.2222222222222222
normalized distance of container 11 : 0.6666666666666666
normalized distance of container 12 : 0.6666666666666666
normalized distance of container 13 : 0.2222222222222222
normalized distance of container 14 : 0.3333333333333333
normalized distance of container 15 : 0.2222222222222222
normalized distance of container 16 : 0.5555555555555556
normalized distance of container 17 : 0.3333333333333333
normalized distance of container 18 : 0.2222222222222222
normalized distance of container 19 : 0.1111111111111111
