Number of initial container : 7
Number of new container : 13
Total number of containers : 20
Level_num : 9
Container_level : [1, 4, 6, 2, 2, 5, 2, 1, 4, 6, 3, 9, 6, 8, 2, 4, 4, 6, 6, 8]
ideal_configuration : 
 [[4. 6. 0. 0. 0. 0.]
 [3. 5. 6. 0. 0. 0.]
 [2. 4. 6. 8. 0. 0.]
 [1. 2. 4. 6. 8. 0.]
 [1. 2. 2. 4. 6. 9.]]
Centroid : {1: (1.0, 0.5), 4: (2.5, 1.75), 6: (3.4, 2.0), 2: (2.0, 0.75), 5: (2.0, 3.0), 3: (1.0, 3.0), 9: (6.0, 0.0), 8: (4.5, 1.5)}
Repeat number : 9
Original weight : [6.88, 13.61, 16.56, 7.58, 7.97, 14.65, 8.73, 5.11, 13.59, 18.13, 10.07, 22.5, 17.8, 21.59, 7.61, 12.72, 13.63, 16.74, 17.79, 21.04]
Sequence : [0, 0, 0, 0, 0, 0, 0, 1, 2, 3, 4, 5, 6, 7, 8, 9, 10, 11, 12, 13]
Emergency : [0, 0, 0, 0, 0, 0, 0, 0, 0, 0, 0, 0, 0, 0, 0, 0, 0, 0, 0, 0]
Time taken to solve the MIP model : 0.0189 seconds
min_d : 0, max_d : 9
---------------------------------
solution for: IP model
objective: 0
x_1_3_0=1
x_2_3_1=1
x_3_2_0=1
x_4_1_0=1
x_5_5_0=1
x_6_5_1=1
x_7_1_1=1
x_8_6_0=1
x_9_1_2=1
x_10_2_1=1
x_11_4_0=1
x_12_2_2=1
x_13_3_2=1
x_14_3_3=1
x_15_6_1=1
x_16_4_1=1
x_17_6_2=1
x_18_4_2=1
x_19_6_3=1
x_20_5_2=1
d_1=2.500
d_2=1.250
d_3=3.400
d_4=1.750
d_5=3.750
d_6=5.000
d_7=1.250
d_8=6.000
d_9=3.000
d_10=3.000
d_11=6.000
d_12=6.000
d_13=1.000
d_14=4.000
d_15=5.000
d_16=3.000
d_17=5.000
d_18=1.000
d_19=4.000
d_20=2.000
d_x_1=2.000
d_x_2=0.500
d_x_3=1.400
d_x_4=1.000
d_x_5=3.000
d_x_6=3.000
d_x_7=1.000
d_x_8=5.000
d_x_9=2.000
d_x_10=2.000
d_x_11=3.000
d_x_12=4.000
d_x_13=1.000
d_x_14=2.000
d_x_15=4.000
d_x_16=2.000
d_x_17=4.000
d_x_18=1.000
d_x_19=3.000
d_x_20=1.000
d_y_1=0.500
d_y_2=0.750
d_y_3=2.000
d_y_4=0.750
d_y_5=0.750
d_y_6=2.000
d_y_7=0.250
d_y_8=1.000
d_y_9=1.000
d_y_10=1.000
d_y_11=3.000
d_y_12=2.000
d_y_14=2.000
d_y_15=1.000
d_y_16=1.000
d_y_17=1.000
d_y_19=1.000
d_y_20=1.000
normalized distance of container 1 : 0.2777777777777778
normalized distance of container 2 : 0.1388888888888889
normalized distance of container 3 : 0.37777777777777777
normalized distance of container 4 : 0.19444444444444445
normalized distance of container 5 : 0.4166666666666667
normalized distance of container 6 : 0.5555555555555556
normalized distance of container 7 : 0.1388888888888889
normalized distance of container 8 : 0.6666666666666666
normalized distance of container 9 : 0.3333333333333333
normalized distance of container 10 : 0.3333333333333333
normalized distance of container 11 : 0.6666666666666666
normalized distance of container 12 : 0.6666666666666666
normalized distance of container 13 : 0.1111111111111111
normalized distance of container 14 : 0.4444444444444444
normalized distance of container 15 : 0.5555555555555556
normalized distance of container 16 : 0.3333333333333333
normalized distance of container 17 : 0.5555555555555556
normalized distance of container 18 : 0.1111111111111111
normalized distance of container 19 : 0.4444444444444444
normalized distance of container 20 : 0.2222222222222222
