Number of initial container : 7
Number of new container : 13
Total number of containers : 20
Level_num : 9
Container_level : [6, 4, 4, 3, 1, 9, 1, 4, 5, 5, 8, 7, 4, 4, 2, 5, 2, 1, 6, 7]
ideal_configuration : 
 [[4. 6. 0. 0. 0. 0.]
 [4. 5. 7. 0. 0. 0.]
 [2. 4. 5. 7. 0. 0.]
 [1. 2. 4. 5. 8. 0.]
 [1. 1. 3. 4. 6. 9.]]
Centroid : {6: (2.5, 2.0), 4: (1.2, 2.0), 3: (2.0, 0.0), 1: (0.3333333333333333, 0.3333333333333333), 9: (5.0, 0.0), 5: (2.0, 2.0), 8: (4.0, 1.0), 7: (2.5, 2.5), 2: (0.5, 1.5)}
Repeat number : 14
Original weight : [17.16, 13.29, 13.06, 10.95, 5.19, 21.95, 6.04, 13.29, 14.85, 15.11, 21.16, 17.81, 11.78, 13.07, 8.44, 13.89, 8.36, 5.83, 16.95, 19.26]
Sequence : [0, 0, 0, 0, 0, 0, 0, 1, 2, 3, 4, 5, 6, 7, 8, 9, 10, 11, 12, 13]
Emergency : [0, 0, 0, 0, 0, 0, 0, 0, 0, 0, 0, 0, 0, 0, 0, 0, 0, 0, 0, 0]
Time taken to solve the MIP model : 0.3001 seconds
min_d : 0, max_d : 9
---------------------------------
solution for: IP model
objective: 10
status: OPTIMAL_SOLUTION(2)
x_0_0_0=1
x_1_0_1=1
x_2_0_2=1
x_3_2_0=1
x_4_2_1=1
x_5_3_0=1
x_6_3_1=1
x_7_4_0=1
x_8_4_1=1
x_9_4_2=1
x_10_3_2=1
x_11_4_3=1
x_12_5_0=1
x_13_5_1=1
x_14_2_2=1
x_15_5_2=1
x_16_1_0=1
x_17_0_3=1
x_18_5_3=1
x_19_1_1=1
r_0_0=1
r_0_1=1
r_0_2=1
r_0_3=1
r_0_4=-0
r_2_0=1
r_2_1=1
r_2_2=1
r_2_3=-0
r_3_0=1
r_3_1=1
r_3_2=1
r_3_4=-0
d_0=4.500
d_1=2.200
d_2=1.200
d_4=2.333
d_5=2.000
d_6=3.333
d_7=5.000
d_8=3.000
d_9=2.000
d_10=2.000
d_11=3.000
d_12=6.000
d_13=5.000
d_14=3.000
d_15=3.000
d_16=3.000
d_17=4.000
d_18=4.000
d_19=4.000
d_x_0=2.500
d_x_1=1.200
d_x_2=1.200
d_x_4=1.667
d_x_5=2.000
d_x_6=2.667
d_x_7=3.000
d_x_8=2.000
d_x_9=2.000
d_x_10=1.000
d_x_11=2.000
d_x_12=4.000
d_x_13=4.000
d_x_14=2.000
d_x_15=3.000
d_x_16=1.000
d_x_17=1.000
d_x_18=3.000
d_x_19=2.000
d_y_0=2.000
d_y_1=1.000
d_y_4=0.667
d_y_6=0.667
d_y_7=2.000
d_y_8=1.000
d_y_10=1.000
d_y_11=1.000
d_y_12=2.000
d_y_13=1.000
d_y_14=1.000
d_y_16=2.000
d_y_17=3.000
d_y_18=1.000
d_y_19=2.000
normalized distance of container 0 : 0.5
normalized distance of container 1 : 0.24444444444444446
normalized distance of container 2 : 0.13333333333333333
normalized distance of container 3 : 0.0
normalized distance of container 4 : 0.2592592592592593
normalized distance of container 5 : 0.2222222222222222
normalized distance of container 6 : 0.37037037037037035
normalized distance of container 7 : 0.5555555555555556
normalized distance of container 8 : 0.3333333333333333
normalized distance of container 9 : 0.2222222222222222
normalized distance of container 10 : 0.2222222222222222
normalized distance of container 11 : 0.3333333333333333
normalized distance of container 12 : 0.6666666666666666
normalized distance of container 13 : 0.5555555555555556
normalized distance of container 14 : 0.3333333333333333
normalized distance of container 15 : 0.3333333333333333
normalized distance of container 16 : 0.3333333333333333
normalized distance of container 17 : 0.4444444444444444
normalized distance of container 18 : 0.4444444444444444
normalized distance of container 19 : 0.4444444444444444
