Number of initial container : 5
Number of new container : 15
Total number of containers : 20
Level_num : 9
Container_level : [3, 7, 6, 9, 8, 2, 1, 1, 3, 7, 7, 1, 2, 4, 8, 2, 8, 6, 1, 1]
ideal_configuration : 
 [[4. 7. 0. 0. 0. 0.]
 [2. 6. 8. 0. 0. 0.]
 [1. 2. 6. 8. 0. 0.]
 [1. 1. 3. 7. 8. 0.]
 [1. 1. 2. 3. 7. 9.]]
Centroid : {3: (2.5, 0.5), 7: (2.6666666666666665, 1.6666666666666667), 6: (1.5, 2.5), 9: (5.0, 0.0), 8: (3.0, 2.0), 2: (1.0, 1.6666666666666667), 1: (0.4, 0.8), 4: (0.0, 4.0)}
Repeat number : 13
Original weight : [10.41, 20.22, 18.36, 23.57, 22.64, 8.38, 7.21, 6.16, 11.5, 20.35, 19.41, 5.99, 10.0, 12.65, 22.74, 9.6, 23.55, 18.66, 5.53, 7.42]
Sequence : [0, 0, 0, 0, 0, 1, 2, 3, 4, 5, 6, 7, 8, 9, 10, 11, 12, 13, 14, 15]
Emergency : [0, 0, 0, 0, 0, 0, 0, 0, 0, 0, 0, 0, 0, 0, 0, 0, 0, 0, 0, 0]
Time taken to solve the MIP model : 0.0554 seconds
min_d : 0, max_d : 9
---------------------------------
solution for: IP model
objective: 3.75556
status: OPTIMAL_SOLUTION(2)
x_0_3_0=1
x_1_5_0=1
x_2_5_1=1
x_3_3_1=1
x_4_5_2=1
x_5_1_0=1
x_6_0_0=1
x_7_1_1=1
x_8_4_0=1
x_9_3_2=1
x_10_4_1=1
x_11_0_1=1
x_12_0_2=1
x_13_0_3=1
x_14_3_3=1
x_15_1_2=1
x_16_4_2=1
x_17_1_3=1
x_18_2_0=1
x_19_2_1=1
r_0_0=1
r_0_1=1
r_0_2=1
r_0_3=1
r_1_0=1
r_1_1=1
r_1_2=1
r_1_3=1
r_2_0=1
r_2_1=1
r_3_0=1
r_3_1=1
r_3_2=1
r_3_3=1
r_5_0=1
r_5_1=1
r_5_2=1
d_0=1.000
d_1=4.000
d_2=5.000
d_3=3.000
d_4=2.000
d_5=1.667
d_6=1.200
d_7=0.800
d_8=2.000
d_9=0.667
d_10=2.000
d_11=0.600
d_12=1.333
d_13=1.000
d_14=1.000
d_15=0.333
d_16=1.000
d_17=1.000
d_18=2.400
d_19=1.800
d_x_0=0.500
d_x_1=2.333
d_x_2=3.500
d_x_3=2.000
d_x_4=2.000
d_x_6=0.400
d_x_7=0.600
d_x_8=1.500
d_x_9=0.333
d_x_10=1.333
d_x_11=0.400
d_x_12=1.000
d_x_16=1.000
d_x_17=0.500
d_x_18=1.600
d_x_19=1.600
d_y_0=0.500
d_y_1=1.667
d_y_2=1.500
d_y_3=1.000
d_y_5=1.667
d_y_6=0.800
d_y_7=0.200
d_y_8=0.500
d_y_9=0.333
d_y_10=0.667
d_y_11=0.200
d_y_12=0.333
d_y_13=1.000
d_y_14=1.000
d_y_15=0.333
d_y_17=0.500
d_y_18=0.800
d_y_19=0.200
normalized distance of container 0 : 0.1111111111111111
normalized distance of container 1 : 0.4444444444444444
normalized distance of container 2 : 0.5555555555555556
normalized distance of container 3 : 0.3333333333333333
normalized distance of container 4 : 0.2222222222222222
normalized distance of container 5 : 0.1851851851851852
normalized distance of container 6 : 0.13333333333333336
normalized distance of container 7 : 0.08888888888888778
normalized distance of container 8 : 0.22222222222222182
normalized distance of container 9 : 0.07407407407407468
normalized distance of container 10 : 0.2222222222222219
normalized distance of container 11 : 0.0666666666666662
normalized distance of container 12 : 0.1481481481481476
normalized distance of container 13 : 0.1111111111111111
normalized distance of container 14 : 0.1111111111111111
normalized distance of container 15 : 0.03703703703703651
normalized distance of container 16 : 0.1111111111111111
normalized distance of container 17 : 0.11111111111111072
normalized distance of container 18 : 0.266666666666666
normalized distance of container 19 : 0.1999999999999989
