Number of initial container : 3
Number of new container : 17
Total number of containers : 20
Level_num : 9
Container_level : [5, 9, 5, 6, 2, 7, 1, 2, 2, 3, 4, 7, 2, 1, 3, 5, 8, 6, 8, 6]
ideal_configuration : 
 [[5. 7. 0. 0. 0. 0.]
 [3. 5. 7. 0. 0. 0.]
 [2. 3. 6. 8. 0. 0.]
 [1. 2. 4. 6. 8. 0.]
 [1. 2. 2. 5. 6. 9.]]
Centroid : {5: (1.3333333333333333, 2.3333333333333335), 9: (5.0, 0.0), 6: (3.0, 1.0), 2: (1.0, 0.75), 7: (1.5, 3.5), 1: (0.0, 0.5), 3: (0.5, 2.5), 4: (2.0, 1.0), 8: (3.5, 1.5)}
Repeat number : 19
Original weight : [15.52, 23.54, 14.95, 17.58, 7.74, 20.72, 7.32, 8.63, 9.12, 10.15, 13.66, 19.6, 8.59, 5.41, 9.95, 15.88, 21.62, 18.37, 22.16, 17.56]
Sequence : [0, 0, 0, 1, 2, 3, 4, 5, 6, 7, 8, 9, 10, 11, 12, 13, 14, 15, 16, 17]
Emergency : [0, 0, 0, 0, 0, 0, 0, 0, 0, 0, 0, 0, 0, 0, 0, 0, 0, 0, 0, 0]
Time taken to solve the MIP model : 0.5149 seconds
min_d : 0, max_d : 9
---------------------------------
solution for: IP model
objective: 3.67593
status: OPTIMAL_SOLUTION(2)
x_0_5_0=1
x_1_1_0=1
x_2_0_0=1
x_3_4_0=-0
x_3_5_1=1
x_4_2_0=1
x_4_4_0=0
x_5_0_1=1
x_5_1_1=0
x_5_2_1=-0
x_5_5_2=0
x_6_0_1=0
x_6_0_2=0
x_6_3_0=1
x_6_4_1=0
x_7_2_0=0
x_7_2_1=1
x_7_3_0=0
x_8_1_3=0
x_8_3_1=1
x_8_4_1=-0
x_9_3_2=1
x_10_3_3=1
x_11_5_2=1
x_12_2_1=0
x_12_2_2=1
x_12_2_3=0
x_12_4_0=0
x_12_4_1=0
x_12_4_2=0
x_13_0_3=0
x_13_0_4=0
x_13_4_0=1
x_14_2_1=0
x_14_4_1=1
x_15_0_2=0
x_15_2_4=0
x_15_4_2=1
x_16_0_2=-0
x_16_1_2=0
x_16_2_4=0
x_16_4_1=-0
x_16_5_1=-0
x_16_5_3=1
x_17_4_3=1
x_18_4_3=-0
x_18_4_4=1
x_18_5_1=-0
x_18_5_3=0
x_19_3_1=-0
x_19_3_4=1
x_19_4_1=0
r_0_0=0
r_0_3=0
r_0_4=0
r_1_0=0
r_1_1=0
r_1_2=0
r_1_3=0
d_0=6.000
d_1=4.000
d_2=3.667
d_3=2.000
d_4=1.750
d_5=4.000
d_6=3.500
d_7=1.250
d_8=2.250
d_9=3.000
d_10=3.000
d_11=5.000
d_12=2.250
d_13=4.500
d_14=5.000
d_15=3.000
d_16=3.000
d_17=3.000
d_18=3.000
d_19=3.000
d_x_0=3.667
d_x_1=4.000
d_x_2=1.333
d_x_3=2.000
d_x_4=1.000
d_x_5=1.500
d_x_6=3.000
d_x_7=1.000
d_x_8=2.000
d_x_9=2.500
d_x_10=1.000
d_x_11=3.500
d_x_12=1.000
d_x_13=4.000
d_x_14=3.500
d_x_15=2.667
d_x_16=1.500
d_x_17=1.000
d_x_18=0.500
d_x_19=0.000
d_y_0=2.333
d_y_2=2.333
d_y_3=-0.000
d_y_4=0.750
d_y_5=2.500
d_y_6=0.500
d_y_7=0.250
d_y_8=0.250
d_y_9=0.500
d_y_10=2.000
d_y_11=1.500
d_y_12=1.250
d_y_13=0.500
d_y_14=1.500
d_y_15=0.333
d_y_16=1.500
d_y_17=2.000
d_y_18=2.500
d_y_19=3.000
normalized distance of container 0 : 0.6666666666666666
normalized distance of container 1 : 0.4444444444444444
normalized distance of container 2 : 0.40740740740740744
normalized distance of container 3 : 0.2222222222222222
normalized distance of container 4 : 0.19444451000108423
normalized distance of container 5 : 0.4444443698934639
normalized distance of container 6 : 0.38888872114917983
normalized distance of container 7 : 0.1388889852882272
normalized distance of container 8 : 0.24999999486147612
normalized distance of container 9 : 0.33333333333333176
normalized distance of container 10 : 0.3333333333333333
normalized distance of container 11 : 0.5555555555555548
normalized distance of container 12 : 0.25000035474585747
normalized distance of container 13 : 0.49999987660606876
normalized distance of container 14 : 0.5555553678953964
normalized distance of container 15 : 0.3333332356474352
normalized distance of container 16 : 0.3333334554368477
normalized distance of container 17 : 0.3333333333333333
normalized distance of container 18 : 0.33333336032406774
normalized distance of container 19 : 0.3333333564682493
