Number of initial container : 3
Number of new container : 12
Total number of containers : 15
Level_num : 9
Container_level : [1, 1, 7, 5, 5, 3, 5, 5, 7, 1, 7, 3, 9, 5, 1]
ideal_configuration : 
 [[5. 0. 0. 0. 0. 0.]
 [5. 7. 0. 0. 0. 0.]
 [1. 5. 7. 0. 0. 0.]
 [1. 3. 5. 7. 0. 0.]
 [1. 1. 3. 5. 9. 0.]]
Centroid : {1: (0.25, 0.75), 7: (2.0, 2.0), 5: (1.2, 2.0), 3: (1.5, 0.5), 9: (4.0, 0.0)}
Repeat number : 2
Original weight : [8.32, 8.88, 20.46, 15.98, 17.26, 11.5, 15.44, 16.17, 20.03, 6.93, 20.38, 13.13, 23.47, 15.57, 8.16]
Group : [0, 0, 0, 0, 0, 0, 0, 0, 0, 0, 0, 0, 0, 0, 0]
Sequence : [0, 0, 0, 1, 2, 3, 4, 5, 6, 7, 8, 9, 10, 11, 12]
Scroe : [8.32, 8.88, 20.46, 15.98, 17.26, 11.5, 15.44, 16.17, 20.03, 6.93, 20.38, 13.13, 23.47, 15.57, 8.16]
Time taken to solve the MIP model : 0.0690 seconds
min_d : 0, max_d : 9
---------------------------------
solution for: IP model
objective: 2.72222
x_0_0_0=1
x_1_4_0=1
x_2_0_1=1
x_3_1_0=1
x_4_1_1=1
x_5_2_0=1
x_6_1_2=1
x_7_1_3=1
x_8_2_1=1
x_9_0_2=1
x_10_2_2=1
x_11_3_0=1
x_12_4_1=1
x_13_1_4=1
x_14_0_3=1
r_0_0=1
r_0_1=1
r_0_2=1
r_0_3=1
r_1_0=1
r_1_1=1
r_1_2=1
r_1_3=1
r_1_4=1
r_2_0=1
r_2_1=1
r_2_2=1
d_0=1.000
d_1=4.500
d_2=3.000
d_3=2.200
d_4=1.200
d_5=1.000
d_6=0.200
d_7=1.200
d_8=1.000
d_9=1.500
d_11=2.000
d_12=1.000
d_13=2.200
d_14=2.500
d_x_0=0.250
d_x_1=3.750
d_x_2=2.000
d_x_3=0.200
d_x_4=0.200
d_x_5=0.500
d_x_6=0.200
d_x_7=0.200
d_x_9=0.250
d_x_11=1.500
d_x_13=0.200
d_x_14=0.250
d_y_0=0.750
d_y_1=0.750
d_y_2=1.000
d_y_3=2.000
d_y_4=1.000
d_y_5=0.500
d_y_7=1.000
d_y_8=1.000
d_y_9=1.250
d_y_11=0.500
d_y_12=1.000
d_y_13=2.000
d_y_14=2.250
normalized distance of container 0 : 0.1111111111111111
normalized distance of container 1 : 0.5
normalized distance of container 2 : 0.3333333333333333
normalized distance of container 3 : 0.24444444444444446
normalized distance of container 4 : 0.13333333333333333
normalized distance of container 5 : 0.11111111111110993
normalized distance of container 6 : 0.022222222222222216
normalized distance of container 7 : 0.13333333333333333
normalized distance of container 8 : 0.1111111111111111
normalized distance of container 9 : 0.16666666666666588
normalized distance of container 10 : 0.0
normalized distance of container 11 : 0.2222222222222222
normalized distance of container 12 : 0.1111111111111111
normalized distance of container 13 : 0.24444444444444446
normalized distance of container 14 : 0.277777777777777
