Number of initial container : 3
Number of new container : 12
Total number of containers : 15
Level_num : 9
Container_level : [1, 6, 6, 1, 8, 7, 7, 3, 9, 3, 7, 4, 1, 7, 7]
ideal_configuration : 
 [[7. 0. 0. 0. 0. 0.]
 [6. 7. 0. 0. 0. 0.]
 [3. 6. 7. 0. 0. 0.]
 [1. 3. 7. 8. 0. 0.]
 [1. 1. 4. 7. 9. 0.]]
Centroid : {1: (0.3333333333333333, 0.3333333333333333), 6: (0.5, 2.5), 8: (3.0, 1.0), 7: (1.6, 2.0), 3: (0.5, 1.5), 9: (4.0, 0.0), 4: (2.0, 0.0)}
Repeat number : 23
Original weight : [6.93, 17.21, 18.05, 7.18, 21.24, 19.73, 19.54, 12.02, 22.56, 11.07, 18.92, 14.32, 7.61, 20.33, 19.2]
Group : [0, 0, 0, 0, 0, 0, 0, 0, 0, 0, 0, 0, 0, 0, 0]
Sequence : [0, 0, 0, 1, 2, 3, 4, 5, 6, 7, 8, 9, 10, 11, 12]
Scroe : [6.93, 17.21, 18.05, 7.18, 21.24, 19.73, 19.54, 12.02, 22.56, 11.07, 18.92, 14.32, 7.61, 20.33, 19.2]
Time taken to solve the MIP model : 0.1161 seconds
min_d : 0, max_d : 9
---------------------------------
solution for: IP model
objective: 2.45185
x_0_2_0=1
x_1_1_0=1
x_2_3_0=1
x_3_0_0=1
x_4_3_1=1
x_5_1_1=1
x_6_1_2=1
x_7_0_1=1
x_8_4_0=1
x_9_0_2=1
x_10_3_2=1
x_11_2_1=1
x_12_0_3=1
x_13_2_2=1
x_14_2_3=1
r_0_1=1
r_0_2=1
r_0_3=1
r_1_0=1
r_1_1=1
r_1_2=1
r_2_2=1
r_2_3=1
r_3_1=1
r_3_2=1
d_0=2.000
d_1=3.000
d_2=5.000
d_3=0.667
d_5=1.600
d_6=0.600
d_7=1.000
d_9=1.000
d_10=1.400
d_11=1.000
d_12=3.000
d_13=0.400
d_14=1.400
d_x_0=1.667
d_x_1=0.500
d_x_2=2.500
d_x_3=0.333
d_x_5=0.600
d_x_6=0.600
d_x_7=0.500
d_x_9=0.500
d_x_10=1.400
d_x_12=0.333
d_x_13=0.400
d_x_14=0.400
d_y_0=0.333
d_y_1=2.500
d_y_2=2.500
d_y_3=0.333
d_y_5=1.000
d_y_7=0.500
d_y_9=0.500
d_y_11=1.000
d_y_12=2.667
d_y_14=1.000
normalized distance of container 0 : 0.2222222222222222
normalized distance of container 1 : 0.3333333333333333
normalized distance of container 2 : 0.5555555555555556
normalized distance of container 3 : 0.07407407407407407
normalized distance of container 4 : 0.0
normalized distance of container 5 : 0.17777777777777778
normalized distance of container 6 : 0.06666666666666668
normalized distance of container 7 : 0.1111111111111111
normalized distance of container 8 : 0.0
normalized distance of container 9 : 0.11111111111110875
normalized distance of container 10 : 0.15555555555555461
normalized distance of container 11 : 0.1111111111111111
normalized distance of container 12 : 0.3333333333333315
normalized distance of container 13 : 0.044444444444443496
normalized distance of container 14 : 0.15555555555555461
