Number of initial container : 3
Number of new container : 12
Total number of containers : 15
Level_num : 9
Container_level : [4, 5, 1, 4, 3, 1, 4, 2, 1, 9, 4, 6, 3, 2, 5]
ideal_configuration : 
 [[4. 0. 0. 0. 0. 0.]
 [3. 5. 0. 0. 0. 0.]
 [2. 4. 5. 0. 0. 0.]
 [1. 2. 4. 6. 0. 0.]
 [1. 1. 3. 4. 9. 0.]]
Centroid : {4: (1.5, 1.75), 5: (1.5, 2.5), 1: (0.3333333333333333, 0.3333333333333333), 3: (1.0, 1.5), 2: (0.5, 1.5), 9: (4.0, 0.0), 6: (3.0, 1.0)}
Repeat number : 22
Original weight : [12.17, 13.48, 6.52, 12.03, 10.82, 6.74, 12.01, 9.32, 7.69, 20.29, 12.79, 15.44, 10.2, 9.32, 13.45]
Group : [0, 0, 0, 0, 0, 0, 0, 0, 0, 0, 0, 0, 0, 0, 0]
Sequence : [0, 0, 0, 1, 2, 3, 4, 5, 6, 7, 8, 9, 10, 11, 12]
Scroe : [12.17, 13.48, 6.52, 12.03, 10.82, 6.74, 12.01, 9.32, 7.69, 20.29, 12.79, 15.44, 10.2, 9.32, 13.45]
Time taken to solve the MIP model : 0.0675 seconds
min_d : 0, max_d : 9
---------------------------------
solution for: IP model
objective: 2.33333
x_0_4_0=1
x_1_2_0=1
x_2_0_0=1
x_3_2_1=1
x_4_1_0=1
x_5_0_1=1
x_6_2_2=1
x_7_0_2=1
x_8_1_1=1
x_9_3_0=1
x_10_1_2=1
x_11_3_1=1
x_12_1_3=1
x_13_0_3=1
x_14_2_3=1
r_1_0=1
r_1_1=1
r_1_2=1
r_1_3=1
r_2_0=1
r_2_1=1
r_2_2=1
r_2_3=1
r_3_0=1
r_3_1=1
r_4_0=1
d_0=4.250
d_1=3.000
d_2=0.667
d_3=1.250
d_4=1.500
d_5=1.000
d_6=0.750
d_7=1.000
d_8=1.333
d_9=1.000
d_10=0.750
d_12=1.500
d_13=2.000
d_14=1.000
d_x_0=2.500
d_x_1=0.500
d_x_2=0.333
d_x_3=0.500
d_x_5=0.333
d_x_6=0.500
d_x_7=0.500
d_x_8=0.667
d_x_9=1.000
d_x_10=0.500
d_x_13=0.500
d_x_14=0.500
d_y_0=1.750
d_y_1=2.500
d_y_2=0.333
d_y_3=0.750
d_y_4=1.500
d_y_5=0.667
d_y_6=0.250
d_y_7=0.500
d_y_8=0.667
d_y_10=0.250
d_y_12=1.500
d_y_13=1.500
d_y_14=0.500
normalized distance of container 0 : 0.4722222222222222
normalized distance of container 1 : 0.3333333333333333
normalized distance of container 2 : 0.07407407407407407
normalized distance of container 3 : 0.1388888888888887
normalized distance of container 4 : 0.16666666666666666
normalized distance of container 5 : 0.11111111111111084
normalized distance of container 6 : 0.08333333333332425
normalized distance of container 7 : 0.11111111111110954
normalized distance of container 8 : 0.14814814814814684
normalized distance of container 9 : 0.1111111111111111
normalized distance of container 10 : 0.08333333333333294
normalized distance of container 11 : 0.0
normalized distance of container 12 : 0.16666666666666666
normalized distance of container 13 : 0.22222222222222143
normalized distance of container 14 : 0.11111111111110993
