Number of initial container : 3
Number of new container : 12
Total number of containers : 15
Level_num : 9
Container_level : [6, 2, 1, 7, 8, 5, 5, 2, 3, 9, 6, 8, 3, 4, 4]
ideal_configuration : 
 [[6. 0. 0. 0. 0. 0.]
 [4. 7. 0. 0. 0. 0.]
 [3. 5. 8. 0. 0. 0.]
 [2. 3. 5. 8. 0. 0.]
 [1. 2. 4. 6. 9. 0.]]
Centroid : {6: (1.5, 2.0), 2: (0.5, 0.5), 1: (0.0, 0.0), 7: (1.0, 3.0), 8: (2.5, 1.5), 5: (1.5, 1.5), 3: (0.5, 1.5), 9: (4.0, 0.0), 4: (1.0, 1.5)}
Repeat number : 11
Original weight : [19.55, 11.1, 8.19, 20.49, 22.52, 17.02, 16.45, 11.2, 13.26, 23.94, 19.93, 23.39, 13.52, 14.41, 14.71]
Sequence : [0, 0, 0, 1, 2, 3, 4, 5, 6, 7, 8, 9, 10, 11, 12]
Emergency : [0, 0, 0, 0, 0, 0, 0, 0, 0, 0, 0, 0, 0, 0, 0]
Time taken to solve the MIP model : 0.0190 seconds
min_d : 0, max_d : 9
---------------------------------
solution for: IP model
objective: 2.55556
status: OPTIMAL_SOLUTION(2)
x_0_3_0=1
x_1_5_0=1
x_2_2_0=1
x_3_1_0=1
x_4_3_1=1
x_5_1_1=1
x_6_2_1=1
x_7_0_0=1
x_8_0_1=1
x_9_4_0=1
x_10_2_2=1
x_11_3_2=1
x_12_0_2=1
x_13_1_2=1
x_14_1_3=1
r_1_0=1
r_1_1=1
r_1_2=1
r_1_3=1
d_0=3.500
d_1=5.000
d_2=2.000
d_3=3.000
d_4=1.000
d_5=1.000
d_6=1.000
d_7=1.000
d_8=1.000
d_10=0.500
d_11=1.000
d_12=1.000
d_13=0.500
d_14=1.500
d_x_0=1.500
d_x_1=4.500
d_x_2=2.000
d_x_4=0.500
d_x_5=0.500
d_x_6=0.500
d_x_7=0.500
d_x_8=0.500
d_x_10=0.500
d_x_11=0.500
d_x_12=0.500
d_y_0=2.000
d_y_1=0.500
d_y_3=3.000
d_y_4=0.500
d_y_5=0.500
d_y_6=0.500
d_y_7=0.500
d_y_8=0.500
d_y_11=0.500
d_y_12=0.500
d_y_13=0.500
d_y_14=1.500
normalized distance of container 0 : 0.3888888888888889
normalized distance of container 1 : 0.5555555555555556
normalized distance of container 2 : 0.2222222222222222
normalized distance of container 3 : 0.3333333333333333
normalized distance of container 4 : 0.11111111111111091
normalized distance of container 5 : 0.1111111111111111
normalized distance of container 6 : 0.11111111111111033
normalized distance of container 7 : 0.11111111111110954
normalized distance of container 8 : 0.1111111111111111
normalized distance of container 9 : 0.0
normalized distance of container 10 : 0.05555555555555477
normalized distance of container 11 : 0.11111111111111033
normalized distance of container 12 : 0.11111111111110875
normalized distance of container 13 : 0.05555555555555477
normalized distance of container 14 : 0.16666666666666666
