Number of initial container : 3
Number of new container : 12
Total number of containers : 15
Level_num : 9
Container_level : [3, 4, 3, 1, 1, 6, 7, 9, 7, 2, 6, 8, 6, 1, 2]
ideal_configuration : 
 [[6. 0. 0. 0. 0. 0.]
 [3. 7. 0. 0. 0. 0.]
 [2. 4. 7. 0. 0. 0.]
 [1. 2. 6. 8. 0. 0.]
 [1. 1. 3. 6. 9. 0.]]
Centroid : {3: (1.0, 1.5), 4: (1.0, 2.0), 1: (0.3333333333333333, 0.3333333333333333), 6: (1.6666666666666667, 1.6666666666666667), 7: (1.5, 2.5), 9: (4.0, 0.0), 2: (0.5, 1.5), 8: (3.0, 1.0)}
Repeat number : 18
Original weight : [10.29, 13.12, 10.79, 5.45, 7.54, 16.75, 18.74, 22.54, 19.96, 8.63, 17.27, 20.63, 16.94, 5.67, 8.94]
Group : [0, 0, 0, 0, 0, 0, 0, 0, 0, 0, 0, 0, 0, 0, 0]
Sequence : [0, 0, 0, 1, 2, 3, 4, 5, 6, 7, 8, 9, 10, 11, 12]
Scroe : [10.29, 13.12, 10.79, 5.45, 7.54, 16.75, 18.74, 22.54, 19.96, 8.63, 17.27, 20.63, 16.94, 5.67, 8.94]
Time taken to solve the MIP model : 0.0633 seconds
min_d : 0, max_d : 9
---------------------------------
solution for: IP model
objective: 2.03704
x_0_1_0=1
x_1_1_1=1
x_2_3_0=1
x_3_2_0=1
x_4_0_0=1
x_5_2_1=1
x_6_2_2=1
x_7_4_0=1
x_8_2_3=1
x_9_1_2=1
x_10_1_3=1
x_11_3_1=1
x_12_3_2=1
x_13_0_1=1
x_14_0_2=1
r_0_0=1
r_0_1=1
r_0_2=1
r_1_0=1
r_1_1=1
r_1_2=1
r_1_3=1
r_3_1=1
r_3_2=1
d_0=1.500
d_1=1.000
d_2=3.500
d_3=2.000
d_4=0.667
d_5=1.000
d_6=1.000
d_8=1.000
d_9=1.000
d_10=2.000
d_12=1.667
d_13=1.000
d_14=1.000
d_x_2=2.000
d_x_3=1.667
d_x_4=0.333
d_x_5=0.333
d_x_6=0.500
d_x_8=0.500
d_x_9=0.500
d_x_10=0.667
d_x_12=1.333
d_x_13=0.333
d_x_14=0.500
d_y_0=1.500
d_y_1=1.000
d_y_2=1.500
d_y_3=0.333
d_y_4=0.333
d_y_5=0.667
d_y_6=0.500
d_y_8=0.500
d_y_9=0.500
d_y_10=1.333
d_y_12=0.333
d_y_13=0.667
d_y_14=0.500
normalized distance of container 0 : 0.16666666666666666
normalized distance of container 1 : 0.1111111111111111
normalized distance of container 2 : 0.3888888888888889
normalized distance of container 3 : 0.22222222222222174
normalized distance of container 4 : 0.07407407407407407
normalized distance of container 5 : 0.11111111111111059
normalized distance of container 6 : 0.11111111111111012
normalized distance of container 7 : 0.0
normalized distance of container 8 : 0.11111111111110993
normalized distance of container 9 : 0.11111111111110875
normalized distance of container 10 : 0.22222222222222174
normalized distance of container 11 : 0.0
normalized distance of container 12 : 0.18518518518518415
normalized distance of container 13 : 0.11111111111110926
normalized distance of container 14 : 0.11111111111111033
