Number of initial container : 3
Number of new container : 12
Total number of containers : 15
Level_num : 9
Container_level : [5, 5, 4, 8, 2, 9, 1, 7, 4, 7, 3, 5, 6, 6, 8]
ideal_configuration : 
 [[7. 0. 0. 0. 0. 0.]
 [5. 7. 0. 0. 0. 0.]
 [4. 5. 8. 0. 0. 0.]
 [2. 4. 6. 8. 0. 0.]
 [1. 3. 5. 6. 9. 0.]]
Centroid : {5: (1.0, 1.6666666666666667), 4: (0.5, 1.5), 8: (2.5, 1.5), 2: (0.0, 1.0), 9: (4.0, 0.0), 1: (0.0, 0.0), 7: (0.5, 3.5), 3: (1.0, 0.0), 6: (2.5, 0.5)}
Repeat number : 14
Original weight : [16.18, 15.82, 13.52, 21.66, 9.58, 22.9, 7.16, 19.05, 14.02, 20.34, 11.9, 15.65, 17.92, 18.6, 22.63]
Group : [0, 0, 0, 0, 0, 0, 0, 0, 0, 0, 0, 0, 0, 0, 0]
Sequence : [0, 0, 0, 1, 2, 3, 4, 5, 6, 7, 8, 9, 10, 11, 12]
Scroe : [16.18, 15.82, 13.52, 21.66, 9.58, 22.9, 7.16, 19.05, 14.02, 20.34, 11.9, 15.65, 17.92, 18.6, 22.63]
Time taken to solve the MIP model : 0.0523 seconds
min_d : 0, max_d : 9
---------------------------------
solution for: IP model
objective: 2.51852
x_0_4_0=1
x_1_1_0=1
x_2_2_0=1
x_3_2_1=1
x_4_0_0=1
x_5_4_1=1
x_6_0_1=1
x_7_2_2=1
x_8_0_2=1
x_9_0_3=1
x_10_1_1=1
x_11_1_2=1
x_12_3_0=1
x_13_3_1=1
x_14_3_2=1
r_0_0=1
r_0_1=1
r_0_2=1
r_0_3=1
r_1_0=1
r_1_1=1
r_1_2=1
r_2_1=1
r_2_2=1
d_0=4.667
d_1=1.667
d_2=3.000
d_3=1.000
d_4=1.000
d_5=1.000
d_6=1.000
d_7=3.000
d_8=1.000
d_9=1.000
d_10=1.000
d_11=0.333
d_12=1.000
d_13=1.000
d_14=1.000
d_x_0=3.000
d_x_2=1.500
d_x_3=0.500
d_x_7=1.500
d_x_8=0.500
d_x_9=0.500
d_x_12=0.500
d_x_13=0.500
d_x_14=0.500
d_y_0=1.667
d_y_1=1.667
d_y_2=1.500
d_y_3=0.500
d_y_4=1.000
d_y_5=1.000
d_y_6=1.000
d_y_7=1.500
d_y_8=0.500
d_y_9=0.500
d_y_10=1.000
d_y_11=0.333
d_y_12=0.500
d_y_13=0.500
d_y_14=0.500
normalized distance of container 0 : 0.5185185185185186
normalized distance of container 1 : 0.1851851851851852
normalized distance of container 2 : 0.3333333333333333
normalized distance of container 3 : 0.1111111111111111
normalized distance of container 4 : 0.1111111111111111
normalized distance of container 5 : 0.1111111111111111
normalized distance of container 6 : 0.1111111111111111
normalized distance of container 7 : 0.33333333333333176
normalized distance of container 8 : 0.11111111111111033
normalized distance of container 9 : 0.11111111111111101
normalized distance of container 10 : 0.1111111111111111
normalized distance of container 11 : 0.03703703703703651
normalized distance of container 12 : 0.11111111111111072
normalized distance of container 13 : 0.11111111111111072
normalized distance of container 14 : 0.11111111111110993
