Number of initial container : 3
Number of new container : 12
Total number of containers : 15
Level_num : 9
Container_level : [4, 2, 5, 8, 4, 1, 6, 5, 8, 4, 3, 1, 4, 9, 6]
ideal_configuration : 
 [[6. 0. 0. 0. 0. 0.]
 [4. 6. 0. 0. 0. 0.]
 [3. 4. 8. 0. 0. 0.]
 [1. 4. 5. 8. 0. 0.]
 [1. 2. 4. 5. 9. 0.]]
Centroid : {4: (1.0, 1.5), 2: (1.0, 0.0), 5: (2.5, 0.5), 8: (2.5, 1.5), 1: (0.0, 0.5), 6: (0.5, 3.5), 3: (0.0, 2.0), 9: (4.0, 0.0)}
Repeat number : 24
Original weight : [11.61, 7.67, 13.02, 18.56, 10.42, 5.07, 14.29, 13.64, 17.36, 10.47, 8.51, 5.74, 10.54, 18.8, 14.38]
Sequence : [0, 0, 0, 1, 2, 3, 4, 5, 6, 7, 8, 9, 10, 11, 12]
Emergency : [0, 0, 0, 0, 0, 0, 0, 0, 0, 0, 0, 0, 0, 0, 0]
Time taken to solve the MIP model : 0.0386 seconds
min_d : 0, max_d : 9
---------------------------------
solution for: IP model
objective: 2.44444
status: OPTIMAL_SOLUTION(2)
x_0_4_0=1
x_1_3_0=1
x_2_1_0=1
x_3_3_1=1
x_4_1_1=1
x_5_0_0=1
x_6_1_2=1
x_7_2_0=1
x_8_3_2=1
x_9_0_1=1
x_10_0_2=1
x_11_0_3=1
x_12_2_1=1
x_13_4_1=1
x_14_0_4=1
r_0_1=1
r_0_2=1
r_0_3=1
r_0_4=1
r_1_0=1
r_1_1=1
r_1_2=1
r_2_0=1
r_2_1=1
r_3_1=1
r_3_2=1
d_0=4.500
d_1=2.000
d_2=2.000
d_3=1.000
d_4=0.500
d_5=0.500
d_6=2.000
d_7=1.000
d_8=1.000
d_9=1.500
d_11=2.500
d_12=1.500
d_13=1.000
d_14=1.000
d_x_0=3.000
d_x_1=2.000
d_x_2=1.500
d_x_3=0.500
d_x_6=0.500
d_x_7=0.500
d_x_8=0.500
d_x_9=1.000
d_x_12=1.000
d_x_14=0.500
d_y_0=1.500
d_y_2=0.500
d_y_3=0.500
d_y_4=0.500
d_y_5=0.500
d_y_6=1.500
d_y_7=0.500
d_y_8=0.500
d_y_9=0.500
d_y_11=2.500
d_y_12=0.500
d_y_13=1.000
d_y_14=0.500
normalized distance of container 0 : 0.5
normalized distance of container 1 : 0.2222222222222222
normalized distance of container 2 : 0.2222222222222222
normalized distance of container 3 : 0.1111111111111111
normalized distance of container 4 : 0.05555555555555555
normalized distance of container 5 : 0.055555555555555164
normalized distance of container 6 : 0.22222222222222143
normalized distance of container 7 : 0.1111111111111111
normalized distance of container 8 : 0.11111111111110993
normalized distance of container 9 : 0.16666666666666666
normalized distance of container 10 : 0.0
normalized distance of container 11 : 0.277777777777777
normalized distance of container 12 : 0.16666666666666666
normalized distance of container 13 : 0.1111111111111111
normalized distance of container 14 : 0.11111111111111012
