Number of initial container : 5
Number of new container : 18
Total number of containers : 23
Level_num : 9
Container_level : [8, 3, 1, 2, 7, 5, 7, 4, 3, 3, 1, 6, 7, 1, 9, 8, 6, 2, 7, 5, 1, 8, 1]
ideal_configuration : 
 [[4. 7. 8. 0. 0. 0.]
 [2. 5. 7. 8. 0. 0.]
 [1. 3. 5. 7. 9. 0.]
 [1. 1. 3. 6. 7. 0.]
 [1. 1. 2. 3. 6. 8.]]
Centroid : {8: (3.3333333333333335, 2.3333333333333335), 3: (2.0, 1.0), 1: (0.4, 0.8), 2: (1.0, 1.5), 7: (2.5, 2.5), 5: (1.5, 2.5), 4: (0.0, 4.0), 6: (3.5, 0.5), 9: (4.0, 2.0)}
Repeat number : 13
Original weight : [21.33, 11.25, 6.78, 10.02, 19.46, 16.22, 21.22, 12.99, 10.44, 11.87, 6.48, 18.16, 19.97, 7.06, 23.55, 23.06, 18.44, 7.91, 19.25, 14.92, 7.24, 22.47, 5.56]
Group : [0, 0, 0, 0, 0, 0, 0, 0, 0, 0, 0, 0, 0, 0, 0, 0, 0, 0, 0, 0, 0, 0, 0]
Sequence : [0, 0, 0, 0, 0, 1, 2, 3, 4, 5, 6, 7, 8, 9, 10, 11, 12, 13, 14, 15, 16, 17, 18]
Scroe : [21.33, 11.25, 6.78, 10.02, 19.46, 16.22, 21.22, 12.99, 10.44, 11.87, 6.48, 18.16, 19.97, 7.06, 23.55, 23.06, 18.44, 7.91, 19.25, 14.92, 7.24, 22.47, 5.56]
Time taken to solve the MIP model : 0.4874 seconds
min_d : 0, max_d : 9
---------------------------------
solution for: IP model
objective: 5
x_0_5_0=1
x_1_0_0=1
x_2_0_1=1
x_3_2_0=1
x_4_4_0=1
x_5_1_0=1
x_6_4_1=1
x_7_0_2=1
x_8_2_1=1
x_9_2_2=1
x_10_3_0=1
x_11_2_3=1
x_12_2_4=1
x_13_3_1=1
x_14_5_1=1
x_15_4_2=1
x_16_1_1=1
x_17_3_2=1
x_18_1_2=1
x_19_3_3=1
x_20_0_3=1
x_21_1_3=1
x_22_0_4=1
r_0_0=1
r_0_1=1
r_0_2=1
r_0_3=1
r_0_4=1
d_0=4.000
d_1=3.000
d_2=0.600
d_3=2.500
d_4=4.000
d_5=4.000
d_6=4.000
d_7=2.000
d_9=1.000
d_10=4.000
d_11=5.000
d_12=3.000
d_13=4.000
d_14=2.000
d_15=2.000
d_16=4.000
d_17=3.000
d_18=3.000
d_19=3.000
d_20=4.000
d_21=4.000
d_22=5.000
d_x_0=1.667
d_x_1=2.000
d_x_2=0.400
d_x_3=1.000
d_x_4=1.500
d_x_5=1.000
d_x_6=2.000
d_x_10=3.000
d_x_11=2.000
d_x_12=1.000
d_x_13=3.000
d_x_14=1.000
d_x_15=1.000
d_x_16=3.000
d_x_17=2.000
d_x_18=2.000
d_x_19=2.000
d_x_20=1.000
d_x_21=3.000
d_x_22=1.000
d_y_0=2.333
d_y_1=1.000
d_y_2=0.200
d_y_3=1.500
d_y_4=2.500
d_y_5=3.000
d_y_6=2.000
d_y_7=2.000
d_y_9=1.000
d_y_10=1.000
d_y_11=3.000
d_y_12=2.000
d_y_13=1.000
d_y_14=1.000
d_y_15=1.000
d_y_16=1.000
d_y_17=1.000
d_y_18=1.000
d_y_19=1.000
d_y_20=3.000
d_y_21=1.000
d_y_22=4.000
normalized distance of container 0 : 0.4444444444444444
normalized distance of container 1 : 0.3333333333333333
normalized distance of container 2 : 0.06666666666666667
normalized distance of container 3 : 0.2777777777777778
normalized distance of container 4 : 0.4444444444444444
normalized distance of container 5 : 0.4444444444444444
normalized distance of container 6 : 0.4444444444444444
normalized distance of container 7 : 0.2222222222222222
normalized distance of container 8 : 0.0
normalized distance of container 9 : 0.1111111111111111
normalized distance of container 10 : 0.4444444444444444
normalized distance of container 11 : 0.5555555555555556
normalized distance of container 12 : 0.3333333333333333
normalized distance of container 13 : 0.4444444444444444
normalized distance of container 14 : 0.2222222222222222
normalized distance of container 15 : 0.2222222222222222
normalized distance of container 16 : 0.4444444444444444
normalized distance of container 17 : 0.3333333333333333
normalized distance of container 18 : 0.3333333333333333
normalized distance of container 19 : 0.3333333333333333
normalized distance of container 20 : 0.4444444444444444
normalized distance of container 21 : 0.4444444444444444
normalized distance of container 22 : 0.5555555555555556
