Number of initial container : 5
Number of new container : 18
Total number of containers : 23
Level_num : 9
Container_level : [2, 4, 1, 1, 7, 4, 2, 5, 3, 2, 3, 6, 6, 8, 8, 1, 6, 3, 1, 2, 8, 8, 1]
ideal_configuration : 
 [[3. 6. 8. 0. 0. 0.]
 [2. 3. 6. 8. 0. 0.]
 [1. 2. 4. 6. 8. 0.]
 [1. 1. 2. 4. 7. 0.]
 [1. 1. 2. 3. 5. 8.]]
Centroid : {2: (1.25, 1.5), 4: (2.5, 1.5), 1: (0.4, 0.8), 7: (4.0, 1.0), 5: (4.0, 0.0), 3: (1.3333333333333333, 2.3333333333333335), 6: (2.0, 3.0), 8: (3.5, 2.25)}
Repeat number : 22
Original weight : [9.77, 15.22, 7.78, 7.17, 21.53, 15.19, 11.04, 17.14, 11.52, 10.27, 12.03, 17.98, 17.95, 23.45, 23.36, 8.39, 18.95, 12.28, 7.51, 9.34, 22.92, 23.8, 7.76]
Group : [0, 0, 0, 0, 0, 0, 0, 0, 0, 0, 0, 0, 0, 0, 0, 0, 0, 0, 0, 0, 0, 0, 0]
Sequence : [0, 0, 0, 0, 0, 1, 2, 3, 4, 5, 6, 7, 8, 9, 10, 11, 12, 13, 14, 15, 16, 17, 18]
Scroe : [9.77, 15.22, 7.78, 7.17, 21.53, 15.19, 11.04, 17.14, 11.52, 10.27, 12.03, 17.98, 17.95, 23.45, 23.36, 8.39, 18.95, 12.28, 7.51, 9.34, 22.92, 23.8, 7.76]
Time taken to solve the MIP model : 1.7102 seconds
min_d : 0, max_d : 9
---------------------------------
solution for: IP model
objective: 3
x_0_1_0=1
x_1_2_0=1
x_2_4_0=1
x_3_3_0=1
x_4_0_0=1
x_5_1_1=1
x_6_4_1=1
x_7_1_2=1
x_8_4_2=1
x_9_5_0=1
x_10_5_1=1
x_11_5_2=1
x_12_1_3=1
x_13_1_4=1
x_14_2_1=1
x_15_0_1=1
x_16_5_3=1
x_17_4_3=1
x_18_3_1=1
x_19_0_2=1
x_20_4_4=1
x_21_2_2=1
x_22_3_2=1
r_0_0=1
r_0_1=1
r_0_2=1
d_0=1.750
d_1=2.000
d_2=4.400
d_3=3.400
d_4=5.000
d_5=3.000
d_6=4.000
d_7=5.000
d_8=4.000
d_9=6.000
d_10=6.000
d_11=4.000
d_12=1.000
d_13=5.000
d_14=4.000
d_15=2.000
d_16=3.000
d_17=4.000
d_18=4.000
d_19=3.000
d_20=3.000
d_21=3.000
d_22=5.000
d_x_0=0.250
d_x_1=0.500
d_x_2=3.600
d_x_3=2.600
d_x_4=4.000
d_x_5=2.000
d_x_6=3.000
d_x_7=3.000
d_x_8=3.000
d_x_9=4.000
d_x_10=4.000
d_x_11=3.000
d_x_12=1.000
d_x_13=3.000
d_x_14=2.000
d_x_15=1.000
d_x_16=3.000
d_x_17=3.000
d_x_18=3.000
d_x_19=2.000
d_x_20=1.000
d_x_21=2.000
d_x_22=3.000
d_y_0=1.500
d_y_1=1.500
d_y_2=0.800
d_y_3=0.800
d_y_4=1.000
d_y_5=1.000
d_y_6=1.000
d_y_7=2.000
d_y_8=1.000
d_y_9=2.000
d_y_10=2.000
d_y_11=1.000
d_y_13=2.000
d_y_14=2.000
d_y_15=1.000
d_y_17=1.000
d_y_18=1.000
d_y_19=1.000
d_y_20=2.000
d_y_21=1.000
d_y_22=2.000
normalized distance of container 0 : 0.19444444444444445
normalized distance of container 1 : 0.2222222222222222
normalized distance of container 2 : 0.48888888888888893
normalized distance of container 3 : 0.3777777777777778
normalized distance of container 4 : 0.5555555555555556
normalized distance of container 5 : 0.3333333333333333
normalized distance of container 6 : 0.4444444444444444
normalized distance of container 7 : 0.5555555555555556
normalized distance of container 8 : 0.4444444444444444
normalized distance of container 9 : 0.6666666666666666
normalized distance of container 10 : 0.6666666666666666
normalized distance of container 11 : 0.4444444444444444
normalized distance of container 12 : 0.1111111111111111
normalized distance of container 13 : 0.5555555555555556
normalized distance of container 14 : 0.4444444444444444
normalized distance of container 15 : 0.2222222222222222
normalized distance of container 16 : 0.3333333333333333
normalized distance of container 17 : 0.4444444444444444
normalized distance of container 18 : 0.4444444444444444
normalized distance of container 19 : 0.3333333333333333
normalized distance of container 20 : 0.3333333333333333
normalized distance of container 21 : 0.3333333333333333
normalized distance of container 22 : 0.5555555555555556
