Number of initial container : 5
Number of new container : 18
Total number of containers : 23
Level_num : 9
Container_level : [2, 5, 8, 8, 3, 4, 3, 6, 4, 1, 1, 8, 5, 1, 1, 4, 3, 1, 9, 5, 5, 5, 1]
ideal_configuration : 
 [[4. 5. 8. 0. 0. 0.]
 [2. 4. 5. 8. 0. 0.]
 [1. 3. 4. 5. 9. 0.]
 [1. 1. 3. 5. 6. 0.]
 [1. 1. 1. 3. 5. 8.]]
Centroid : {2: (0.0, 3.0), 5: (2.6, 2.0), 8: (3.3333333333333335, 2.3333333333333335), 3: (2.0, 1.0), 4: (1.0, 3.0), 6: (4.0, 1.0), 1: (0.6666666666666666, 0.6666666666666666), 9: (4.0, 2.0)}
Repeat number : 7
Original weight : [11.47, 17.67, 22.03, 23.02, 13.71, 15.42, 14.64, 18.92, 15.13, 10.57, 11.21, 23.11, 17.9, 9.62, 9.97, 15.97, 14.63, 10.77, 23.76, 18.3, 17.16, 17.81, 11.18]
Group : [0, 0, 0, 0, 0, 0, 0, 0, 0, 0, 0, 0, 0, 0, 0, 0, 0, 0, 0, 0, 0, 0, 0]
Sequence : [0, 0, 0, 0, 0, 1, 2, 3, 4, 5, 6, 7, 8, 9, 10, 11, 12, 13, 14, 15, 16, 17, 18]
Scroe : [11.47, 17.67, 22.03, 23.02, 13.71, 15.42, 14.64, 18.92, 15.13, 10.57, 11.21, 23.11, 17.9, 9.62, 9.97, 15.97, 14.63, 10.77, 23.76, 18.3, 17.16, 17.81, 11.18]
Time taken to solve the MIP model : 0.6448 seconds
min_d : 0, max_d : 9
---------------------------------
solution for: IP model
objective: 2
x_0_2_0=1
x_1_2_1=1
x_2_5_0=1
x_3_2_2=1
x_4_4_0=1
x_5_4_1=1
x_6_3_0=1
x_7_4_2=1
x_8_3_1=1
x_9_0_0=1
x_10_0_1=1
x_11_4_3=1
x_12_3_2=1
x_13_1_0=1
x_14_1_1=1
x_15_0_2=1
x_16_5_1=1
x_17_1_2=1
x_18_2_3=1
x_19_3_3=1
x_20_0_3=1
x_21_0_4=1
x_22_1_3=1
r_5_0=1
r_5_1=1
d_0=5.000
d_1=1.600
d_2=4.000
d_3=1.667
d_4=3.000
d_5=5.000
d_6=2.000
d_7=1.000
d_8=4.000
d_9=2.000
d_10=2.000
d_11=2.000
d_12=1.000
d_13=2.000
d_14=2.000
d_15=2.000
d_16=3.000
d_17=3.000
d_18=3.000
d_19=2.000
d_20=4.000
d_21=5.000
d_22=4.000
d_x_0=2.000
d_x_1=0.600
d_x_2=1.667
d_x_3=1.333
d_x_4=2.000
d_x_5=3.000
d_x_6=1.000
d_x_8=2.000
d_x_9=1.000
d_x_10=1.000
d_x_11=1.000
d_x_12=1.000
d_x_13=1.000
d_x_14=1.000
d_x_15=1.000
d_x_16=3.000
d_x_17=1.000
d_x_18=2.000
d_x_19=1.000
d_x_20=3.000
d_x_21=3.000
d_x_22=1.000
d_y_0=3.000
d_y_1=1.000
d_y_2=2.333
d_y_3=0.333
d_y_4=1.000
d_y_5=2.000
d_y_6=1.000
d_y_7=1.000
d_y_8=2.000
d_y_9=1.000
d_y_10=1.000
d_y_11=1.000
d_y_13=1.000
d_y_14=1.000
d_y_15=1.000
d_y_17=2.000
d_y_18=1.000
d_y_19=1.000
d_y_20=1.000
d_y_21=2.000
d_y_22=3.000
normalized distance of container 0 : 0.5555555555555556
normalized distance of container 1 : 0.17777777777777778
normalized distance of container 2 : 0.4444444444444444
normalized distance of container 3 : 0.18518518518518523
normalized distance of container 4 : 0.3333333333333333
normalized distance of container 5 : 0.5555555555555556
normalized distance of container 6 : 0.2222222222222222
normalized distance of container 7 : 0.1111111111111111
normalized distance of container 8 : 0.4444444444444444
normalized distance of container 9 : 0.2222222222222222
normalized distance of container 10 : 0.2222222222222222
normalized distance of container 11 : 0.2222222222222222
normalized distance of container 12 : 0.1111111111111111
normalized distance of container 13 : 0.2222222222222222
normalized distance of container 14 : 0.2222222222222222
normalized distance of container 15 : 0.2222222222222222
normalized distance of container 16 : 0.3333333333333333
normalized distance of container 17 : 0.3333333333333333
normalized distance of container 18 : 0.3333333333333333
normalized distance of container 19 : 0.2222222222222222
normalized distance of container 20 : 0.4444444444444444
normalized distance of container 21 : 0.5555555555555556
normalized distance of container 22 : 0.4444444444444444
