Number of initial container : 5
Number of new container : 18
Total number of containers : 23
Level_num : 9
Container_level : [4, 8, 1, 4, 3, 9, 8, 1, 3, 5, 6, 1, 1, 6, 6, 5, 2, 8, 6, 3, 3, 4, 8]
ideal_configuration : 
 [[4. 6. 8. 0. 0. 0.]
 [3. 4. 6. 8. 0. 0.]
 [1. 3. 5. 6. 9. 0.]
 [1. 2. 3. 5. 8. 0.]
 [1. 1. 3. 4. 6. 8.]]
Centroid : {4: (1.3333333333333333, 2.3333333333333335), 8: (3.5, 2.0), 1: (0.25, 0.75), 3: (1.25, 1.5), 9: (4.0, 2.0), 5: (2.5, 1.5), 6: (2.5, 2.25), 2: (1.0, 1.0)}
Repeat number : 11
Original weight : [13.2, 21.55, 5.5, 12.45, 11.69, 23.32, 21.19, 7.54, 11.15, 14.77, 18.76, 6.17, 7.1, 17.3, 18.21, 15.96, 8.38, 21.77, 17.53, 11.76, 10.47, 14.19, 22.46]
Group : [0, 0, 0, 0, 0, 0, 0, 0, 0, 0, 0, 0, 0, 0, 0, 0, 0, 0, 0, 0, 0, 0, 0]
Sequence : [0, 0, 0, 0, 0, 1, 2, 3, 4, 5, 6, 7, 8, 9, 10, 11, 12, 13, 14, 15, 16, 17, 18]
Scroe : [13.2, 21.55, 5.5, 12.45, 11.69, 23.32, 21.19, 7.54, 11.15, 14.77, 18.76, 6.17, 7.1, 17.3, 18.21, 15.96, 8.38, 21.77, 17.53, 11.76, 10.47, 14.19, 22.46]
Time taken to solve the MIP model : 1.0550 seconds
min_d : 0, max_d : 9
---------------------------------
solution for: IP model
objective: 7
x_0_1_0=1
x_1_2_0=1
x_2_1_1=1
x_3_3_0=1
x_4_2_1=1
x_5_1_2=1
x_6_2_2=1
x_7_5_0=1
x_8_5_1=1
x_9_5_2=1
x_10_5_3=1
x_11_4_0=1
x_12_4_1=1
x_13_4_2=1
x_14_4_3=1
x_15_3_1=1
x_16_0_0=1
x_17_5_4=1
x_18_3_2=1
x_19_0_1=1
x_20_2_3=1
x_21_0_2=1
x_22_4_4=1
r_1_0=1
r_1_1=1
r_1_2=1
r_2_0=1
r_2_1=1
r_2_2=1
r_2_3=1
r_2_4=-0
d_0=2.667
d_1=3.500
d_2=1.000
d_3=4.000
d_4=1.250
d_5=3.000
d_6=2.000
d_7=6.000
d_8=5.000
d_9=4.000
d_10=4.000
d_11=5.000
d_12=5.000
d_13=3.000
d_14=3.000
d_15=2.000
d_16=2.000
d_17=4.000
d_18=2.000
d_19=3.000
d_20=3.000
d_21=3.000
d_22=3.000
d_x_0=0.333
d_x_1=1.500
d_x_2=0.750
d_x_3=1.667
d_x_4=0.750
d_x_5=3.000
d_x_6=2.000
d_x_7=5.000
d_x_8=4.000
d_x_9=3.000
d_x_10=3.000
d_x_11=4.000
d_x_12=4.000
d_x_13=2.000
d_x_14=2.000
d_x_15=1.000
d_x_16=1.000
d_x_17=2.000
d_x_18=1.000
d_x_19=2.000
d_x_20=1.000
d_x_21=2.000
d_x_22=1.000
d_y_0=2.333
d_y_1=2.000
d_y_2=0.250
d_y_3=2.333
d_y_4=0.500
d_y_7=1.000
d_y_8=1.000
d_y_9=1.000
d_y_10=1.000
d_y_11=1.000
d_y_12=1.000
d_y_13=1.000
d_y_14=1.000
d_y_15=1.000
d_y_16=1.000
d_y_17=2.000
d_y_18=1.000
d_y_19=1.000
d_y_20=2.000
d_y_21=1.000
d_y_22=2.000
normalized distance of container 0 : 0.29629629629629634
normalized distance of container 1 : 0.3888888888888889
normalized distance of container 2 : 0.1111111111111111
normalized distance of container 3 : 0.4444444444444444
normalized distance of container 4 : 0.1388888888888889
normalized distance of container 5 : 0.3333333333333333
normalized distance of container 6 : 0.2222222222222222
normalized distance of container 7 : 0.6666666666666666
normalized distance of container 8 : 0.5555555555555556
normalized distance of container 9 : 0.4444444444444444
normalized distance of container 10 : 0.4444444444444444
normalized distance of container 11 : 0.5555555555555556
normalized distance of container 12 : 0.5555555555555556
normalized distance of container 13 : 0.3333333333333333
normalized distance of container 14 : 0.3333333333333333
normalized distance of container 15 : 0.2222222222222222
normalized distance of container 16 : 0.2222222222222222
normalized distance of container 17 : 0.4444444444444444
normalized distance of container 18 : 0.2222222222222222
normalized distance of container 19 : 0.3333333333333333
normalized distance of container 20 : 0.3333333333333333
normalized distance of container 21 : 0.3333333333333333
normalized distance of container 22 : 0.3333333333333333
