Number of initial container : 0
Number of new container : 7
Total number of containers : 7
Level_num : 9
Container_level : [5, 9, 6, 2, 1, 1, 5]
ideal_configuration : 
 [[0. 0. 0. 0. 0. 0.]
 [9. 0. 0. 0. 0. 0.]
 [5. 0. 0. 0. 0. 0.]
 [1. 5. 0. 0. 0. 0.]
 [1. 2. 6. 0. 0. 0.]]
Centroid : {5: (0.5, 1.5), 9: (0.0, 3.0), 6: (2.0, 0.0), 2: (1.0, 0.0), 1: (0.0, 0.5)}
Repeat number : 20
Original weight : [16.23, 22.14, 17.68, 11.2, 10.3, 8.61, 16.95]
Group : [0, 0, 0, 0, 0, 0, 0]
Sequence : [1, 2, 3, 4, 5, 6, 7]
Scroe : [16.23, 22.14, 17.68, 11.2, 10.3, 8.61, 16.95]
Time taken to solve the MIP model : 0.0191 seconds
min_d : 0, max_d : 9
---------------------------------
solution for: IP model
objective: 0.888889
x_0_0_0=1
x_1_0_1=1
x_2_2_0=1
x_3_1_0=1
x_4_0_2=1
x_5_1_1=1
x_6_1_2=1
r_0_0=1
r_0_1=1
r_0_2=1
r_1_0=1
r_1_1=1
r_1_2=1
d_0=2.000
d_1=2.000
d_4=1.500
d_5=1.500
d_6=1.000
d_x_0=0.500
d_x_5=1.000
d_x_6=0.500
d_y_0=1.500
d_y_1=2.000
d_y_4=1.500
d_y_5=0.500
d_y_6=0.500
normalized distance of container 0 : 0.22222222222222182
normalized distance of container 1 : 0.2222222222222222
normalized distance of container 2 : 0.0
normalized distance of container 3 : 0.0
normalized distance of container 4 : 0.16666666666666666
normalized distance of container 5 : 0.16666666666666508
normalized distance of container 6 : 0.11111111111110875
