Number of initial container : 0
Number of new container : 7
Total number of containers : 7
Level_num : 9
Container_level : [8, 4, 1, 6, 5, 1, 1]
ideal_configuration : 
 [[0. 0. 0. 0. 0. 0.]
 [8. 0. 0. 0. 0. 0.]
 [4. 0. 0. 0. 0. 0.]
 [1. 5. 0. 0. 0. 0.]
 [1. 1. 6. 0. 0. 0.]]
Centroid : {8: (0.0, 3.0), 4: (0.0, 2.0), 1: (0.3333333333333333, 0.3333333333333333), 6: (2.0, 0.0), 5: (1.0, 1.0)}
Repeat number : 13
Original weight : [23.62, 14.18, 6.17, 17.41, 15.76, 8.24, 7.05]
Group : [0, 0, 0, 0, 0, 0, 0]
Sequence : [1, 2, 3, 4, 5, 6, 7]
Scroe : [23.62, 14.18, 6.17, 17.41, 15.76, 8.24, 7.05]
Time taken to solve the MIP model : 0.0181 seconds
min_d : 0, max_d : 9
---------------------------------
solution for: IP model
objective: 1.03704
x_0_0_0=1
x_1_0_1=1
x_2_1_0=1
x_3_2_0=1
x_4_2_1=1
x_5_1_1=1
x_6_0_2=1
r_0_0=1
r_0_1=1
r_0_2=1
r_2_0=1
r_2_1=1
d_0=3.000
d_1=1.000
d_2=1.000
d_4=1.000
d_5=1.333
d_6=2.000
d_x_2=0.667
d_x_4=1.000
d_x_5=0.667
d_x_6=0.333
d_y_0=3.000
d_y_1=1.000
d_y_2=0.333
d_y_5=0.667
d_y_6=1.667
normalized distance of container 0 : 0.3333333333333333
normalized distance of container 1 : 0.1111111111111111
normalized distance of container 2 : 0.11111111111111079
normalized distance of container 3 : 0.0
normalized distance of container 4 : 0.1111111111111111
normalized distance of container 5 : 0.14814814814814817
normalized distance of container 6 : 0.2222222222222201
