Number of initial container : 0
Number of new container : 7
Total number of containers : 7
Level_num : 9
Container_level : [1, 1, 7, 5, 3, 9, 3]
ideal_configuration : 
 [[0. 0. 0. 0. 0. 0.]
 [9. 0. 0. 0. 0. 0.]
 [3. 0. 0. 0. 0. 0.]
 [1. 5. 0. 0. 0. 0.]
 [1. 3. 7. 0. 0. 0.]]
Centroid : {1: (0.0, 0.5), 7: (2.0, 0.0), 5: (1.0, 1.0), 3: (0.5, 1.0), 9: (0.0, 3.0)}
Repeat number : 16
Original weight : [8.01, 7.08, 20.94, 16.33, 12.42, 23.39, 13.03]
Group : [0, 0, 0, 0, 0, 0, 0]
Sequence : [1, 2, 3, 4, 5, 6, 7]
Scroe : [8.01, 7.08, 20.94, 16.33, 12.42, 23.39, 13.03]
Time taken to solve the MIP model : 0.0185 seconds
min_d : 0, max_d : 9
---------------------------------
solution for: IP model
objective: 0.444444
x_0_0_0=1
x_1_0_1=1
x_2_2_0=1
x_3_1_0=1
x_4_0_2=1
x_5_0_3=1
x_6_1_1=1
r_0_0=1
r_0_1=1
r_0_2=1
r_0_3=1
r_1_0=1
r_1_1=1
d_0=0.500
d_1=0.500
d_3=1.000
d_4=1.500
d_6=0.500
d_x_4=0.500
d_x_6=0.500
d_y_0=0.500
d_y_1=0.500
d_y_3=1.000
d_y_4=1.000
normalized distance of container 0 : 0.05555555555555555
normalized distance of container 1 : 0.055555555555555455
normalized distance of container 2 : 0.0
normalized distance of container 3 : 0.1111111111111111
normalized distance of container 4 : 0.16666666666666508
normalized distance of container 5 : 0.0
normalized distance of container 6 : 0.05555555555555398
