Number of initial container : 0
Number of new container : 7
Total number of containers : 7
Level_num : 9
Container_level : [2, 1, 2, 1, 6, 9, 6]
ideal_configuration : 
 [[0. 0. 0. 0. 0. 0.]
 [9. 0. 0. 0. 0. 0.]
 [2. 0. 0. 0. 0. 0.]
 [1. 6. 0. 0. 0. 0.]
 [1. 2. 6. 0. 0. 0.]]
Centroid : {2: (0.5, 1.0), 1: (0.0, 0.5), 6: (1.5, 0.5), 9: (0.0, 3.0)}
Repeat number : 24
Original weight : [10.54, 7.48, 9.84, 8.72, 17.07, 21.01, 16.98]
Group : [0, 0, 0, 0, 0, 0, 0]
Sequence : [1, 2, 3, 4, 5, 6, 7]
Scroe : [10.54, 7.48, 9.84, 8.72, 17.07, 21.01, 16.98]
Time taken to solve the MIP model : 0.0185 seconds
min_d : 0, max_d : 9
---------------------------------
solution for: IP model
objective: 0.666667
x_0_1_0=1
x_1_0_0=1
x_2_1_1=1
x_3_0_1=1
x_4_2_0=1
x_5_0_2=1
x_6_2_1=1
r_1_0=1
r_1_1=1
r_2_0=1
r_2_1=1
d_0=1.500
d_1=0.500
d_2=0.500
d_3=0.500
d_4=1.000
d_5=1.000
d_6=1.000
d_x_0=0.500
d_x_2=0.500
d_x_4=0.500
d_x_6=0.500
d_y_0=1.000
d_y_1=0.500
d_y_3=0.500
d_y_4=0.500
d_y_5=1.000
d_y_6=0.500
normalized distance of container 0 : 0.16666666666666627
normalized distance of container 1 : 0.055555555555555455
normalized distance of container 2 : 0.05555555555555477
normalized distance of container 3 : 0.05555555555555477
normalized distance of container 4 : 0.11111111111110875
normalized distance of container 5 : 0.1111111111111111
normalized distance of container 6 : 0.11111111111110875
