Number of initial container : 10
Number of new container : 13
Total number of containers : 23
Level_num : 9
Container_level : [8, 6, 1, 9, 8, 7, 7, 8, 1, 1, 1, 6, 3, 4, 3, 7, 2, 3, 7, 8, 7, 5, 3]
ideal_configuration : 
 [[5. 7. 8. 0. 0. 0.]
 [3. 6. 7. 8. 0. 0.]
 [1. 3. 6. 7. 9. 0.]
 [1. 2. 3. 7. 8. 0.]
 [1. 1. 3. 4. 7. 8.]]
Centroid : {8: (3.5, 2.0), 6: (1.5, 2.5), 1: (0.25, 0.75), 9: (4.0, 2.0), 7: (2.6, 2.0), 3: (1.25, 1.5), 4: (3.0, 0.0), 2: (1.0, 1.0), 5: (0.0, 4.0)}
Repeat number : 13
Original weight : [19.91, 16.14, 7.54, 21.92, 21.42, 19.29, 19.41, 21.03, 5.92, 6.98, 5.5, 17.09, 9.96, 13.39, 11.09, 18.28, 8.4, 10.43, 18.58, 19.95, 19.07, 14.88, 11.51]
Group : [0, 0, 0, 0, 0, 0, 0, 0, 0, 0, 0, 0, 0, 0, 0, 0, 0, 0, 0, 0, 0, 0, 0]
Sequence : [0, 0, 0, 0, 0, 0, 0, 0, 0, 0, 1, 2, 3, 4, 5, 6, 7, 8, 9, 10, 11, 12, 13]
Scroe : [19.91, 16.14, 7.54, 21.92, 21.42, 19.29, 19.41, 21.03, 5.92, 6.98, 5.5, 17.09, 9.96, 13.39, 11.09, 18.28, 8.4, 10.43, 18.58, 19.95, 19.07, 14.88, 11.51]
Time taken to solve the MIP model : 0.0987 seconds
min_d : 0, max_d : 9
---------------------------------
solution for: IP model
objective: 12
x_0_5_0=1
x_1_1_0=1
x_2_5_1=1
x_3_1_1=1
x_4_2_0=1
x_5_2_1=1
x_6_2_2=1
x_7_0_0=1
x_8_2_3=1
x_9_2_4=1
x_10_3_0=1
x_11_1_2=1
x_12_3_1=1
x_13_5_2=1
x_14_3_2=1
x_15_3_3=1
x_16_4_0=1
x_17_4_1=1
x_18_4_2=1
x_19_3_4=1
x_20_4_3=1
x_21_5_3=1
x_22_5_4=1
r_1_1=1
r_1_2=1
r_2_0=1
r_2_1=1
r_2_2=1
r_2_3=1
r_2_4=1
r_5_0=1
r_5_1=1
r_5_2=1
r_5_3=1
r_5_4=1
d_0=3.500
d_1=3.000
d_2=5.000
d_3=4.000
d_4=3.500
d_5=1.600
d_6=0.600
d_7=5.500
d_8=4.000
d_9=5.000
d_10=4.000
d_11=2.000
d_12=3.000
d_13=4.000
d_14=3.000
d_15=2.000
d_16=4.000
d_17=4.000
d_18=2.000
d_19=3.000
d_20=3.000
d_21=6.000
d_22=7.000
d_x_0=1.500
d_x_1=0.500
d_x_2=4.750
d_x_3=3.000
d_x_4=1.500
d_x_5=0.600
d_x_6=0.600
d_x_7=3.500
d_x_8=1.750
d_x_9=1.750
d_x_10=3.000
d_x_11=1.000
d_x_12=2.000
d_x_13=2.000
d_x_14=2.000
d_x_15=1.000
d_x_16=3.000
d_x_17=3.000
d_x_18=2.000
d_x_19=1.000
d_x_20=2.000
d_x_21=5.000
d_x_22=4.000
d_y_0=2.000
d_y_1=2.500
d_y_2=0.250
d_y_3=1.000
d_y_4=2.000
d_y_5=1.000
d_y_7=2.000
d_y_8=2.250
d_y_9=3.250
d_y_10=1.000
d_y_11=1.000
d_y_12=1.000
d_y_13=2.000
d_y_14=1.000
d_y_15=1.000
d_y_16=1.000
d_y_17=1.000
d_y_19=2.000
d_y_20=1.000
d_y_21=1.000
d_y_22=3.000
normalized distance of container 0 : 0.3888888888888889
normalized distance of container 1 : 0.3333333333333333
normalized distance of container 2 : 0.5555555555555556
normalized distance of container 3 : 0.4444444444444444
normalized distance of container 4 : 0.3888888888888889
normalized distance of container 5 : 0.17777777777777778
normalized distance of container 6 : 0.06666666666666668
normalized distance of container 7 : 0.6111111111111112
normalized distance of container 8 : 0.4444444444444444
normalized distance of container 9 : 0.5555555555555556
normalized distance of container 10 : 0.4444444444444444
normalized distance of container 11 : 0.2222222222222222
normalized distance of container 12 : 0.3333333333333333
normalized distance of container 13 : 0.4444444444444444
normalized distance of container 14 : 0.3333333333333333
normalized distance of container 15 : 0.2222222222222222
normalized distance of container 16 : 0.4444444444444444
normalized distance of container 17 : 0.4444444444444444
normalized distance of container 18 : 0.2222222222222222
normalized distance of container 19 : 0.3333333333333333
normalized distance of container 20 : 0.3333333333333333
normalized distance of container 21 : 0.6666666666666666
normalized distance of container 22 : 0.7777777777777778
