Number of initial container : 10
Number of new container : 13
Total number of containers : 23
Level_num : 9
Container_level : [9, 3, 6, 6, 1, 6, 6, 5, 3, 4, 4, 3, 2, 6, 7, 1, 3, 2, 8, 7, 4, 1, 5]
ideal_configuration : 
 [[4. 6. 7. 0. 0. 0.]
 [3. 4. 6. 8. 0. 0.]
 [2. 3. 5. 6. 9. 0.]
 [1. 2. 3. 5. 6. 0.]
 [1. 1. 3. 4. 6. 7.]]
Centroid : {9: (4.0, 2.0), 3: (1.25, 1.5), 6: (2.8, 2.0), 1: (0.3333333333333333, 0.3333333333333333), 5: (2.5, 1.5), 4: (1.3333333333333333, 2.3333333333333335), 2: (0.5, 1.5), 7: (3.5, 2.0), 8: (3.0, 3.0)}
Repeat number : 8
Original weight : [23.98, 12.14, 18.75, 17.92, 6.34, 18.25, 18.57, 17.12, 11.29, 14.41, 14.22, 11.94, 9.03, 17.97, 19.47, 5.84, 10.93, 8.95, 22.37, 20.74, 13.57, 7.35, 17.02]
Group : [0, 0, 0, 0, 0, 0, 0, 0, 0, 0, 0, 0, 0, 0, 0, 0, 0, 0, 0, 0, 0, 0, 0]
Sequence : [0, 0, 0, 0, 0, 0, 0, 0, 0, 0, 1, 2, 3, 4, 5, 6, 7, 8, 9, 10, 11, 12, 13]
Scroe : [23.98, 12.14, 18.75, 17.92, 6.34, 18.25, 18.57, 17.12, 11.29, 14.41, 14.22, 11.94, 9.03, 17.97, 19.47, 5.84, 10.93, 8.95, 22.37, 20.74, 13.57, 7.35, 17.02]
Time taken to solve the MIP model : 0.1066 seconds
min_d : 0, max_d : 9
---------------------------------
solution for: IP model
objective: 11
x_0_5_0=1
x_1_4_0=1
x_2_0_0=1
x_3_0_1=1
x_4_2_0=1
x_5_0_2=1
x_6_4_1=1
x_7_3_0=1
x_8_4_2=1
x_9_5_1=1
x_10_5_2=1
x_11_0_3=1
x_12_2_1=1
x_13_3_1=1
x_14_3_2=1
x_15_1_0=1
x_16_2_2=1
x_17_1_1=1
x_18_3_3=1
x_19_1_2=1
x_20_2_3=1
x_21_5_3=1
x_22_2_4=1
r_0_0=1
r_0_1=1
r_0_2=1
r_0_3=1
r_4_0=1
r_4_1=1
r_4_2=1
r_5_0=1
r_5_1=1
r_5_2=1
r_5_3=1
d_0=3.000
d_1=4.250
d_2=4.800
d_3=3.800
d_4=2.000
d_5=2.800
d_6=2.200
d_7=2.000
d_8=3.250
d_9=5.000
d_10=5.000
d_11=4.000
d_12=3.000
d_13=2.000
d_14=1.000
d_15=2.000
d_16=2.000
d_17=2.000
d_19=3.000
d_20=2.000
d_21=8.000
d_22=4.000
d_x_0=1.000
d_x_1=2.750
d_x_2=2.800
d_x_3=2.800
d_x_4=1.667
d_x_5=2.800
d_x_6=1.200
d_x_7=0.500
d_x_8=2.750
d_x_9=3.667
d_x_10=4.000
d_x_11=2.000
d_x_12=2.000
d_x_13=1.000
d_x_14=1.000
d_x_15=1.000
d_x_16=1.000
d_x_17=1.000
d_x_19=3.000
d_x_20=1.000
d_x_21=5.000
d_x_22=1.000
d_y_0=2.000
d_y_1=1.500
d_y_2=2.000
d_y_3=1.000
d_y_4=0.333
d_y_6=1.000
d_y_7=1.500
d_y_8=0.500
d_y_9=1.333
d_y_10=1.000
d_y_11=2.000
d_y_12=1.000
d_y_13=1.000
d_y_15=1.000
d_y_16=1.000
d_y_17=1.000
d_y_20=1.000
d_y_21=3.000
d_y_22=3.000
normalized distance of container 0 : 0.3333333333333333
normalized distance of container 1 : 0.4722222222222222
normalized distance of container 2 : 0.5333333333333333
normalized distance of container 3 : 0.4222222222222222
normalized distance of container 4 : 0.2222222222222222
normalized distance of container 5 : 0.3111111111111111
normalized distance of container 6 : 0.24444444444444446
normalized distance of container 7 : 0.2222222222222222
normalized distance of container 8 : 0.3611111111111111
normalized distance of container 9 : 0.5555555555555556
normalized distance of container 10 : 0.5555555555555556
normalized distance of container 11 : 0.4444444444444444
normalized distance of container 12 : 0.3333333333333333
normalized distance of container 13 : 0.2222222222222222
normalized distance of container 14 : 0.1111111111111111
normalized distance of container 15 : 0.2222222222222222
normalized distance of container 16 : 0.2222222222222222
normalized distance of container 17 : 0.2222222222222222
normalized distance of container 18 : 0.0
normalized distance of container 19 : 0.3333333333333333
normalized distance of container 20 : 0.2222222222222222
normalized distance of container 21 : 0.8888888888888888
normalized distance of container 22 : 0.4444444444444444
