Number of initial container : 10
Number of new container : 13
Total number of containers : 23
Level_num : 9
Container_level : [7, 1, 2, 7, 7, 5, 8, 6, 9, 5, 6, 8, 5, 7, 7, 2, 4, 7, 3, 3, 5, 1, 4]
ideal_configuration : 
 [[5. 7. 8. 0. 0. 0.]
 [4. 5. 7. 8. 0. 0.]
 [2. 4. 6. 7. 9. 0.]
 [1. 3. 5. 6. 7. 0.]
 [1. 2. 3. 5. 7. 7.]]
Centroid : {7: (3.1666666666666665, 1.6666666666666667), 1: (0.0, 0.5), 2: (0.5, 1.0), 5: (1.5, 2.0), 8: (2.5, 3.5), 6: (2.5, 1.5), 9: (4.0, 2.0), 4: (0.5, 2.5), 3: (1.5, 0.5)}
Repeat number : 1
Original weight : [17.58, 6.76, 9.89, 17.94, 18.53, 14.37, 19.7, 17.0, 20.64, 14.79, 17.07, 20.54, 14.12, 18.42, 17.67, 9.83, 12.04, 17.43, 11.76, 11.61, 15.38, 7.29, 12.04]
Group : [0, 0, 0, 0, 0, 0, 0, 0, 0, 0, 0, 0, 0, 0, 0, 0, 0, 0, 0, 0, 0, 0, 0]
Sequence : [0, 0, 0, 0, 0, 0, 0, 0, 0, 0, 1, 2, 3, 4, 5, 6, 7, 8, 9, 10, 11, 12, 13]
Scroe : [17.58, 6.76, 9.89, 17.94, 18.53, 14.37, 19.7, 17.0, 20.64, 14.79, 17.07, 20.54, 14.12, 18.42, 17.67, 9.83, 12.04, 17.43, 11.76, 11.61, 15.38, 7.29, 12.04]
Time taken to solve the MIP model : 0.3590 seconds
min_d : 0, max_d : 9
---------------------------------
solution for: IP model
objective: 13
x_0_5_0=1
x_1_5_1=1
x_2_0_0=1
x_3_1_0=1
x_4_3_0=1
x_5_5_2=1
x_6_5_3=1
x_7_2_0=1
x_8_5_4=1
x_9_0_1=1
x_10_2_1=1
x_11_3_1=1
x_12_1_1=1
x_13_2_2=1
x_14_0_2=1
x_15_4_0=1
x_16_4_1=1
x_17_0_3=1
x_18_1_2=1
x_19_1_3=1
x_20_0_4=1
x_21_1_4=1
x_22_4_2=1
r_0_2=1
r_0_3=1
r_0_4=1
r_1_0=1
r_1_1=1
r_1_2=1
r_1_3=1
r_1_4=1
r_5_0=1
r_5_1=1
r_5_2=1
r_5_3=1
r_5_4=1
d_0=3.500
d_1=5.500
d_2=1.500
d_3=3.833
d_4=1.833
d_5=3.500
d_6=3.000
d_7=2.000
d_8=3.000
d_9=2.500
d_10=2.000
d_11=4.000
d_12=2.000
d_13=3.000
d_14=5.000
d_15=5.000
d_16=6.000
d_17=6.000
d_18=3.000
d_19=4.000
d_20=4.000
d_21=5.000
d_22=5.000
d_x_0=1.833
d_x_1=5.000
d_x_2=0.500
d_x_3=2.167
d_x_4=0.167
d_x_5=3.500
d_x_6=2.500
d_x_7=0.500
d_x_8=1.000
d_x_9=1.500
d_x_10=1.000
d_x_11=1.000
d_x_12=1.000
d_x_13=2.000
d_x_14=4.000
d_x_15=4.000
d_x_16=4.000
d_x_17=4.000
d_x_18=1.000
d_x_19=1.000
d_x_20=2.000
d_x_21=1.000
d_x_22=4.000
d_y_0=1.667
d_y_1=0.500
d_y_2=1.000
d_y_3=1.667
d_y_4=1.667
d_y_6=0.500
d_y_7=1.500
d_y_8=2.000
d_y_9=1.000
d_y_10=1.000
d_y_11=3.000
d_y_12=1.000
d_y_13=1.000
d_y_14=1.000
d_y_15=1.000
d_y_16=2.000
d_y_17=2.000
d_y_18=2.000
d_y_19=3.000
d_y_20=2.000
d_y_21=4.000
d_y_22=1.000
normalized distance of container 0 : 0.3888888888888889
normalized distance of container 1 : 0.6111111111111112
normalized distance of container 2 : 0.16666666666666666
normalized distance of container 3 : 0.4259259259259259
normalized distance of container 4 : 0.2037037037037037
normalized distance of container 5 : 0.3888888888888889
normalized distance of container 6 : 0.3333333333333333
normalized distance of container 7 : 0.2222222222222222
normalized distance of container 8 : 0.3333333333333333
normalized distance of container 9 : 0.2777777777777778
normalized distance of container 10 : 0.2222222222222222
normalized distance of container 11 : 0.4444444444444444
normalized distance of container 12 : 0.2222222222222222
normalized distance of container 13 : 0.3333333333333333
normalized distance of container 14 : 0.5555555555555556
normalized distance of container 15 : 0.5555555555555556
normalized distance of container 16 : 0.6666666666666666
normalized distance of container 17 : 0.6666666666666666
normalized distance of container 18 : 0.3333333333333333
normalized distance of container 19 : 0.4444444444444444
normalized distance of container 20 : 0.4444444444444444
normalized distance of container 21 : 0.5555555555555556
normalized distance of container 22 : 0.5555555555555556
