Number of initial container : 10
Number of new container : 13
Total number of containers : 23
Level_num : 9
Container_level : [5, 5, 3, 8, 5, 6, 3, 9, 8, 2, 5, 8, 8, 8, 2, 1, 6, 3, 3, 5, 3, 1, 2]
ideal_configuration : 
 [[5. 6. 8. 0. 0. 0.]
 [3. 5. 6. 8. 0. 0.]
 [2. 3. 5. 8. 9. 0.]
 [1. 2. 3. 5. 8. 0.]
 [1. 2. 3. 3. 5. 8.]]
Centroid : {5: (2.0, 2.0), 3: (1.6, 1.2), 8: (3.4, 2.0), 6: (1.5, 3.5), 9: (4.0, 2.0), 2: (0.6666666666666666, 1.0), 1: (0.0, 0.5)}
Repeat number : 26
Original weight : [16.69, 14.43, 10.34, 22.08, 14.44, 17.23, 11.25, 23.79, 22.98, 8.37, 16.72, 23.1, 22.17, 22.08, 9.49, 5.01, 17.79, 9.99, 10.87, 14.74, 11.07, 7.18, 8.21]
Group : [0, 0, 0, 0, 0, 0, 0, 0, 0, 0, 0, 0, 0, 0, 0, 0, 0, 0, 0, 0, 0, 0, 0]
Sequence : [0, 0, 0, 0, 0, 0, 0, 0, 0, 0, 1, 2, 3, 4, 5, 6, 7, 8, 9, 10, 11, 12, 13]
Scroe : [16.69, 14.43, 10.34, 22.08, 14.44, 17.23, 11.25, 23.79, 22.98, 8.37, 16.72, 23.1, 22.17, 22.08, 9.49, 5.01, 17.79, 9.99, 10.87, 14.74, 11.07, 7.18, 8.21]
Time taken to solve the MIP model : 0.2749 seconds
min_d : 0, max_d : 9
---------------------------------
solution for: IP model
objective: 10
x_0_4_0=1
x_1_3_0=1
x_2_3_1=1
x_3_5_0=1
x_4_3_2=1
x_5_4_1=1
x_6_3_3=1
x_7_5_1=1
x_8_3_4=1
x_9_1_0=1
x_10_2_0=1
x_11_2_1=1
x_12_2_2=1
x_13_2_3=1
x_14_1_1=1
x_15_0_0=1
x_16_4_2=1
x_17_1_2=1
x_18_1_3=1
x_19_1_4=1
x_20_2_4=1
x_21_0_1=1
x_22_0_2=1
r_2_0=1
r_2_1=1
r_2_2=1
r_2_3=1
r_2_4=1
r_3_0=1
r_3_1=1
r_3_2=1
r_3_3=1
r_3_4=1
d_0=4.000
d_1=3.000
d_2=1.600
d_3=3.600
d_4=1.000
d_5=5.000
d_6=3.200
d_7=2.000
d_8=2.400
d_9=1.333
d_10=2.000
d_11=3.000
d_12=2.000
d_13=3.000
d_14=1.000
d_15=1.000
d_16=5.000
d_17=2.000
d_18=3.000
d_19=3.000
d_20=4.000
d_21=1.000
d_22=2.000
d_x_0=2.000
d_x_1=1.000
d_x_2=1.400
d_x_3=1.600
d_x_4=1.000
d_x_5=2.500
d_x_6=1.400
d_x_7=1.000
d_x_8=0.400
d_x_9=0.333
d_x_11=2.000
d_x_12=2.000
d_x_13=2.000
d_x_14=1.000
d_x_16=3.000
d_x_17=1.000
d_x_18=1.000
d_x_19=1.000
d_x_20=1.000
d_x_22=1.000
d_y_0=2.000
d_y_1=2.000
d_y_2=0.200
d_y_3=2.000
d_y_5=2.500
d_y_6=1.800
d_y_7=1.000
d_y_8=2.000
d_y_9=1.000
d_y_10=2.000
d_y_11=1.000
d_y_13=1.000
d_y_15=1.000
d_y_16=2.000
d_y_17=1.000
d_y_18=2.000
d_y_19=2.000
d_y_20=3.000
d_y_21=1.000
d_y_22=1.000
normalized distance of container 0 : 0.4444444444444444
normalized distance of container 1 : 0.3333333333333333
normalized distance of container 2 : 0.17777777777777776
normalized distance of container 3 : 0.4
normalized distance of container 4 : 0.1111111111111111
normalized distance of container 5 : 0.5555555555555556
normalized distance of container 6 : 0.35555555555555557
normalized distance of container 7 : 0.2222222222222222
normalized distance of container 8 : 0.26666666666666666
normalized distance of container 9 : 0.14814814814814817
normalized distance of container 10 : 0.2222222222222222
normalized distance of container 11 : 0.3333333333333333
normalized distance of container 12 : 0.2222222222222222
normalized distance of container 13 : 0.3333333333333333
normalized distance of container 14 : 0.1111111111111111
normalized distance of container 15 : 0.1111111111111111
normalized distance of container 16 : 0.5555555555555556
normalized distance of container 17 : 0.2222222222222222
normalized distance of container 18 : 0.3333333333333333
normalized distance of container 19 : 0.3333333333333333
normalized distance of container 20 : 0.4444444444444444
normalized distance of container 21 : 0.1111111111111111
normalized distance of container 22 : 0.2222222222222222
