Number of initial container : 10
Number of new container : 13
Total number of containers : 23
Level_num : 9
Container_level : [4, 9, 5, 7, 4, 8, 1, 5, 2, 1, 1, 8, 1, 6, 4, 1, 4, 8, 5, 5, 3, 8, 1]
ideal_configuration : 
 [[4. 5. 8. 0. 0. 0.]
 [2. 4. 6. 8. 0. 0.]
 [1. 3. 5. 7. 9. 0.]
 [1. 1. 4. 5. 8. 0.]
 [1. 1. 1. 4. 5. 8.]]
Centroid : {4: (1.5, 2.0), 9: (4.0, 2.0), 5: (2.5, 1.75), 7: (3.0, 2.0), 8: (3.5, 2.0), 1: (0.6666666666666666, 0.6666666666666666), 2: (0.0, 3.0), 6: (2.0, 3.0), 3: (1.0, 2.0)}
Repeat number : 23
Original weight : [13.1, 23.63, 15.79, 20.04, 13.94, 22.25, 6.24, 14.88, 7.91, 6.14, 7.36, 22.51, 7.64, 18.85, 14.24, 6.34, 13.77, 22.81, 15.59, 15.57, 10.54, 23.07, 5.44]
Group : [0, 0, 0, 0, 0, 0, 0, 0, 0, 0, 0, 0, 0, 0, 0, 0, 0, 0, 0, 0, 0, 0, 0]
Sequence : [0, 0, 0, 0, 0, 0, 0, 0, 0, 0, 1, 2, 3, 4, 5, 6, 7, 8, 9, 10, 11, 12, 13]
Scroe : [13.1, 23.63, 15.79, 20.04, 13.94, 22.25, 6.24, 14.88, 7.91, 6.14, 7.36, 22.51, 7.64, 18.85, 14.24, 6.34, 13.77, 22.81, 15.59, 15.57, 10.54, 23.07, 5.44]
Time taken to solve the MIP model : 0.1166 seconds
min_d : 0, max_d : 9
---------------------------------
solution for: IP model
objective: 14
x_0_3_0=1
x_1_5_0=1
x_2_5_1=1
x_3_2_0=1
x_4_2_1=1
x_5_1_0=1
x_6_3_1=1
x_7_4_0=1
x_8_3_2=1
x_9_1_1=1
x_10_0_0=1
x_11_4_1=1
x_12_0_1=1
x_13_1_2=1
x_14_0_2=1
x_15_3_3=1
x_16_2_2=1
x_17_4_2=1
x_18_0_3=1
x_19_0_4=1
x_19_3_4=0
x_20_2_3=1
x_21_4_3=1
x_22_2_4=1
r_1_0=1
r_1_1=1
r_1_2=1
r_2_0=1
r_2_1=1
r_2_2=1
r_2_3=1
r_2_4=1
r_3_0=1
r_3_1=1
r_3_2=1
r_3_3=1
r_3_4=0
r_5_0=1
r_5_1=1
d_0=3.500
d_1=3.000
d_2=3.250
d_3=3.000
d_4=1.500
d_5=4.500
d_6=2.667
d_7=3.250
d_8=4.000
d_9=0.667
d_10=2.000
d_11=2.000
d_12=2.000
d_13=2.000
d_14=2.000
d_15=6.000
d_16=1.000
d_17=1.000
d_18=5.000
d_19=6.000
d_20=2.000
d_21=2.000
d_22=6.000
d_x_0=1.500
d_x_1=1.000
d_x_2=2.500
d_x_3=1.000
d_x_4=0.500
d_x_5=2.500
d_x_6=2.333
d_x_7=1.500
d_x_8=3.000
d_x_9=0.333
d_x_10=1.000
d_x_11=1.000
d_x_12=1.000
d_x_13=1.000
d_x_14=2.000
d_x_15=3.000
d_x_16=1.000
d_x_17=1.000
d_x_18=3.000
d_x_19=3.000
d_x_20=1.000
d_x_21=1.000
d_x_22=2.000
d_y_0=2.000
d_y_1=2.000
d_y_2=0.750
d_y_3=2.000
d_y_4=1.000
d_y_5=2.000
d_y_6=0.333
d_y_7=1.750
d_y_8=1.000
d_y_9=0.333
d_y_10=1.000
d_y_11=1.000
d_y_12=1.000
d_y_13=1.000
d_y_15=3.000
d_y_18=2.000
d_y_19=3.000
d_y_20=1.000
d_y_21=1.000
d_y_22=4.000
normalized distance of container 0 : 0.3888888888888889
normalized distance of container 1 : 0.3333333333333333
normalized distance of container 2 : 0.3611111111111111
normalized distance of container 3 : 0.3333333333333333
normalized distance of container 4 : 0.16666666666666666
normalized distance of container 5 : 0.5
normalized distance of container 6 : 0.29629629629629634
normalized distance of container 7 : 0.3611111111111111
normalized distance of container 8 : 0.4444444444444444
normalized distance of container 9 : 0.07407407407407408
normalized distance of container 10 : 0.2222222222222222
normalized distance of container 11 : 0.2222222222222222
normalized distance of container 12 : 0.2222222222222222
normalized distance of container 13 : 0.2222222222222222
normalized distance of container 14 : 0.2222222222222222
normalized distance of container 15 : 0.6666666666666666
normalized distance of container 16 : 0.1111111111111111
normalized distance of container 17 : 0.1111111111111111
normalized distance of container 18 : 0.5555555555555556
normalized distance of container 19 : 0.6666666666666666
normalized distance of container 20 : 0.2222222222222222
normalized distance of container 21 : 0.2222222222222222
normalized distance of container 22 : 0.6666666666666666
