Number of initial container : 7
Number of new container : 18
Total number of containers : 25
Level_num : 9
Container_level : [6, 3, 3, 6, 6, 9, 1, 1, 6, 1, 8, 3, 8, 3, 3, 1, 3, 6, 1, 6, 3, 6, 6, 3, 6]
ideal_configuration : 
 [[3. 6. 6. 9. 0. 0.]
 [3. 3. 6. 6. 0. 0.]
 [1. 3. 3. 6. 8. 0.]
 [1. 1. 3. 6. 6. 8.]
 [1. 1. 3. 3. 6. 6.]]
Centroid : {6: (3.0, 2.0), 3: (1.375, 1.875), 9: (3.0, 4.0), 1: (0.4, 0.8), 8: (4.5, 1.5)}
Repeat number : 12
Original weight : [11.16, 14.64, 15.73, 17.51, 23.46, 19.53, 21.74, 7.54, 11.95, 22.26, 5.03, 5.19, 14.17, 6.52, 5.62, 12.69, 8.53, 17.72, 13.77, 20.53, 16.53, 16.16, 8.96, 20.08, 13.83]
Group : [2, 1, 1, 2, 2, 3, 0, 0, 2, 0, 3, 1, 3, 1, 1, 0, 1, 2, 0, 2, 1, 2, 2, 1, 2]
Sequence : [0, 0, 0, 0, 0, 0, 0, 1, 2, 3, 4, 5, 6, 7, 8, 9, 10, 11, 12, 13, 14, 15, 16, 17, 18]
Scroe : [211.16, 114.64, 115.73, 217.51, 223.46, 319.53, 21.74, 7.54, 211.95, 22.26, 305.03, 105.19, 314.17, 106.52, 105.62, 12.69, 108.53, 217.72, 13.77, 220.53, 116.53, 216.16, 208.96, 120.08, 213.83]
Time taken to solve the MIP model : 0.0785 seconds
min_d : 0, max_d : 9
---------------------------------
solution for: IP model
objective: 6.23333
x_0_0_0=1
x_1_5_0=1
x_2_2_0=1
x_3_4_0=1
x_4_4_1=1
x_5_3_0=1
x_6_2_1=1
x_7_1_0=1
x_8_4_2=1
x_9_1_1=1
x_10_5_1=1
x_11_2_2=1
x_12_3_1=1
x_13_1_2=1
x_14_2_3=1
x_15_1_3=1
x_16_2_4=1
x_17_4_3=1
x_18_1_4=1
x_19_3_2=1
x_20_0_1=1
x_21_4_4=1
x_22_5_2=1
x_23_0_2=1
x_24_5_3=1
r_0_0=1
r_0_1=1
r_0_2=1
r_1_1=1
r_1_2=1
r_1_3=1
r_1_4=1
r_2_0=1
r_2_1=1
r_2_2=1
r_2_3=1
r_2_4=1
r_3_0=1
r_3_1=1
r_3_2=1
r_4_0=1
r_4_1=1
r_4_2=1
r_4_3=1
r_4_4=1
r_5_1=1
r_5_2=1
r_5_3=1
d_0=5.000
d_1=5.500
d_2=2.500
d_3=3.000
d_4=2.000
d_5=4.000
d_6=1.800
d_7=1.400
d_8=1.000
d_9=0.800
d_10=1.000
d_11=0.750
d_12=2.000
d_13=0.500
d_14=1.750
d_15=2.800
d_16=2.750
d_17=2.000
d_18=3.800
d_20=2.250
d_21=3.000
d_22=2.000
d_23=1.500
d_24=3.000
d_x_0=3.000
d_x_1=3.625
d_x_2=0.625
d_x_3=1.000
d_x_4=1.000
d_x_6=1.600
d_x_7=0.600
d_x_8=1.000
d_x_9=0.600
d_x_10=0.500
d_x_11=0.625
d_x_12=1.500
d_x_13=0.375
d_x_14=0.625
d_x_15=0.600
d_x_16=0.625
d_x_17=1.000
d_x_18=0.600
d_x_20=1.375
d_x_21=1.000
d_x_22=2.000
d_x_23=1.375
d_x_24=2.000
d_y_0=2.000
d_y_1=1.875
d_y_2=1.875
d_y_3=2.000
d_y_4=1.000
d_y_5=4.000
d_y_6=0.200
d_y_7=0.800
d_y_9=0.200
d_y_10=0.500
d_y_11=0.125
d_y_12=0.500
d_y_13=0.125
d_y_14=1.125
d_y_15=2.200
d_y_16=2.125
d_y_17=1.000
d_y_18=3.200
d_y_20=0.875
d_y_21=2.000
d_y_23=0.125
d_y_24=1.000
normalized distance of container 0 : 0.5555555555555556
normalized distance of container 1 : 0.6111111111111112
normalized distance of container 2 : 0.2777777777777778
normalized distance of container 3 : 0.3333333333333333
normalized distance of container 4 : 0.2222222222222222
normalized distance of container 5 : 0.4444444444444444
normalized distance of container 6 : 0.2
normalized distance of container 7 : 0.15555555555555556
normalized distance of container 8 : 0.1111111111111111
normalized distance of container 9 : 0.08888888888888888
normalized distance of container 10 : 0.11111111111111081
normalized distance of container 11 : 0.08333333333333329
normalized distance of container 12 : 0.22222222222222182
normalized distance of container 13 : 0.05555555555555506
normalized distance of container 14 : 0.19444444444444445
normalized distance of container 15 : 0.3111111111111111
normalized distance of container 16 : 0.3055555555555556
normalized distance of container 17 : 0.2222222222222222
normalized distance of container 18 : 0.4222222222222223
normalized distance of container 19 : 0.0
normalized distance of container 20 : 0.25
normalized distance of container 21 : 0.3333333333333333
normalized distance of container 22 : 0.22222222222222218
normalized distance of container 23 : 0.16666666666666627
normalized distance of container 24 : 0.3333333333333333
