Number of initial container : 7
Number of new container : 18
Total number of containers : 25
Level_num : 9
Container_level : [1, 3, 8, 8, 3, 8, 6, 3, 6, 8, 6, 8, 6, 1, 1, 3, 9, 8, 6, 8, 6, 3, 8, 8, 6]
ideal_configuration : 
 [[6. 8. 8. 9. 0. 0.]
 [3. 6. 8. 8. 0. 0.]
 [3. 3. 6. 8. 8. 0.]
 [1. 3. 6. 6. 8. 8.]
 [1. 1. 3. 6. 6. 8.]]
Centroid : {1: (0.3333333333333333, 0.3333333333333333), 3: (0.8, 1.6), 8: (3.2222222222222223, 2.2222222222222223), 6: (2.142857142857143, 1.5714285714285714), 9: (3.0, 4.0)}
Repeat number : 25
Original weight : [19.35, 23.29, 21.58, 10.71, 11.27, 14.41, 13.65, 20.35, 15.25, 7.31, 18.76, 9.14, 14.53, 18.98, 5.09, 22.82, 23.81, 7.32, 20.68, 20.18, 5.23, 10.79, 16.06, 23.27, 17.9]
Group : [0, 1, 3, 3, 1, 3, 2, 1, 2, 3, 2, 3, 2, 0, 0, 1, 3, 3, 2, 3, 2, 1, 3, 3, 2]
Sequence : [0, 0, 0, 0, 0, 0, 0, 1, 2, 3, 4, 5, 6, 7, 8, 9, 10, 11, 12, 13, 14, 15, 16, 17, 18]
Scroe : [19.35, 123.28999999999999, 321.58, 310.71, 111.27, 314.41, 213.65, 120.35, 215.25, 307.31, 218.76, 309.14, 214.53, 18.98, 5.09, 122.82, 323.81, 307.32, 220.68, 320.18, 205.23, 110.78999999999999, 316.06, 323.27, 217.9]
Time taken to solve the MIP model : 0.2507 seconds
min_d : 0, max_d : 9
---------------------------------
solution for: IP model
objective: 6.23069
x_0_2_0=1
x_1_3_0=1
x_2_0_0=1
x_3_3_1=1
x_4_4_0=1
x_5_4_1=1
x_6_3_2=1
x_7_2_1=1
x_8_4_2=1
x_9_0_1=1
x_10_5_0=1
x_11_3_3=1
x_12_5_1=1
x_13_1_0=1
x_14_1_1=1
x_15_1_2=1
x_16_3_4=1
x_17_4_3=1
x_18_2_2=1
x_19_5_2=1
x_20_2_3=1
x_21_1_3=1
x_22_5_3=1
x_23_4_4=1
x_24_2_4=1
r_0_0=1
r_0_1=1
r_1_0=1
r_1_1=1
r_1_2=1
r_1_3=1
r_2_2=1
r_2_3=1
r_2_4=1
r_3_1=1
r_3_2=1
r_3_3=1
r_3_4=1
r_4_1=1
r_4_2=1
r_4_3=1
r_4_4=1
r_5_0=1
r_5_1=1
r_5_2=1
r_5_3=1
d_0=2.000
d_1=3.800
d_2=5.444
d_3=1.444
d_4=4.800
d_5=2.000
d_6=1.286
d_7=1.800
d_8=2.286
d_9=4.444
d_10=4.429
d_11=1.000
d_12=3.429
d_13=1.000
d_14=1.333
d_15=0.600
d_17=1.556
d_18=0.571
d_19=2.000
d_20=1.571
d_21=1.600
d_22=2.556
d_23=2.556
d_24=2.571
d_x_0=1.667
d_x_1=2.200
d_x_2=3.222
d_x_3=0.222
d_x_4=3.200
d_x_5=0.778
d_x_6=0.857
d_x_7=1.200
d_x_8=1.857
d_x_9=3.222
d_x_10=2.857
d_x_11=0.222
d_x_12=2.857
d_x_13=0.667
d_x_14=0.667
d_x_15=0.200
d_x_17=0.778
d_x_18=0.143
d_x_19=1.778
d_x_20=0.143
d_x_21=0.200
d_x_22=1.778
d_x_23=0.778
d_x_24=0.143
d_y_0=0.333
d_y_1=1.600
d_y_2=2.222
d_y_3=1.222
d_y_4=1.600
d_y_5=1.222
d_y_6=0.429
d_y_7=0.600
d_y_8=0.429
d_y_9=1.222
d_y_10=1.571
d_y_11=0.778
d_y_12=0.571
d_y_13=0.333
d_y_14=0.667
d_y_15=0.400
d_y_17=0.778
d_y_18=0.429
d_y_19=0.222
d_y_20=1.429
d_y_21=1.400
d_y_22=0.778
d_y_23=1.778
d_y_24=2.429
normalized distance of container 0 : 0.2222222222222222
normalized distance of container 1 : 0.4222222222222223
normalized distance of container 2 : 0.6049382716049383
normalized distance of container 3 : 0.16049382716049385
normalized distance of container 4 : 0.5333333333333334
normalized distance of container 5 : 0.2222222222222222
normalized distance of container 6 : 0.14285714285714288
normalized distance of container 7 : 0.2
normalized distance of container 8 : 0.25396825396825384
normalized distance of container 9 : 0.4938271604938272
normalized distance of container 10 : 0.4920634920634921
normalized distance of container 11 : 0.11111111111111081
normalized distance of container 12 : 0.380952380952381
normalized distance of container 13 : 0.1111111111111111
normalized distance of container 14 : 0.14814814814814808
normalized distance of container 15 : 0.0666666666666663
normalized distance of container 16 : 0.0
normalized distance of container 17 : 0.17283950617283908
normalized distance of container 18 : 0.06349206349206332
normalized distance of container 19 : 0.22222222222222213
normalized distance of container 20 : 0.1746031746031742
normalized distance of container 21 : 0.17777777777777742
normalized distance of container 22 : 0.2839506172839502
normalized distance of container 23 : 0.28395061728395027
normalized distance of container 24 : 0.28571428571428553
