Number of initial container : 3
Number of new container : 17
Total number of containers : 20
Level_num : 9
Container_level : [3, 6, 3, 3, 1, 8, 1, 8, 1, 6, 3, 9, 1, 6, 1, 6, 6, 3, 3, 6]
ideal_configuration : 
 [[3. 6. 0. 0. 0. 0.]
 [3. 6. 6. 0. 0. 0.]
 [1. 3. 6. 8. 0. 0.]
 [1. 1. 3. 6. 8. 0.]
 [1. 1. 3. 3. 6. 9.]]
Centroid : {3: (1.3333333333333333, 1.6666666666666667), 6: (2.1666666666666665, 2.1666666666666665), 1: (0.4, 0.8), 8: (3.5, 1.5), 9: (5.0, 0.0)}
Repeat number : 26
Original weight : [22.0, 18.57, 11.77, 23.01, 6.79, 5.55, 14.09, 10.44, 7.64, 21.12, 7.44, 17.66, 22.16, 7.71, 21.94, 12.17, 6.27, 21.89, 13.94, 17.75]
Group : [1, 2, 1, 1, 0, 3, 0, 3, 0, 2, 1, 3, 0, 2, 0, 2, 2, 1, 1, 2]
Sequence : [0, 0, 0, 1, 2, 3, 4, 5, 6, 7, 8, 9, 10, 11, 12, 13, 14, 15, 16, 17]
Scroe : [122.0, 218.57, 111.77, 123.01, 6.79, 305.55, 14.09, 310.44, 7.64, 221.12, 107.44, 317.66, 22.16, 207.71, 21.94, 212.17, 206.27, 121.89, 113.94, 217.75]
Time taken to solve the MIP model : 0.2667 seconds
min_d : 0, max_d : 9
---------------------------------
solution for: IP model
objective: 2.3037
x_0_0_0=1
x_1_5_0=1
x_2_4_0=1
x_3_0_1=1
x_4_1_0=1
x_5_4_1=1
x_6_1_1=1
x_7_4_2=1
x_8_2_0=1
x_9_5_1=1
x_10_1_2=1
x_11_5_2=1
x_12_2_1=1
x_12_3_0=-0
x_13_2_2=1
x_14_2_1=-0
x_14_3_0=1
x_15_2_3=1
x_16_0_2=1
x_17_3_1=1
x_18_1_3=1
x_19_3_2=1
d_0=3.000
d_1=5.000
d_2=4.333
d_3=2.000
d_4=1.400
d_5=1.000
d_6=0.800
d_7=1.000
d_8=2.400
d_9=4.000
d_10=0.667
d_11=2.000
d_12=1.800
d_13=0.333
d_14=3.400
d_15=1.000
d_16=2.333
d_17=2.333
d_18=1.667
d_19=1.000
d_x_0=1.333
d_x_1=2.833
d_x_2=2.667
d_x_3=1.333
d_x_4=0.600
d_x_5=0.500
d_x_6=0.600
d_x_7=0.500
d_x_8=1.600
d_x_9=2.833
d_x_10=0.333
d_x_12=1.600
d_x_13=0.167
d_x_14=2.600
d_x_15=0.167
d_x_16=2.167
d_x_17=1.667
d_x_18=0.333
d_x_19=0.833
d_y_0=1.667
d_y_1=2.167
d_y_2=1.667
d_y_3=0.667
d_y_4=0.800
d_y_5=0.500
d_y_6=0.200
d_y_7=0.500
d_y_8=0.800
d_y_9=1.167
d_y_10=0.333
d_y_11=2.000
d_y_12=0.200
d_y_13=0.167
d_y_14=0.800
d_y_15=0.833
d_y_16=0.167
d_y_17=0.667
d_y_18=1.333
d_y_19=0.167
normalized distance of container 0 : 0.3333333333333333
normalized distance of container 1 : 0.5555555555555556
normalized distance of container 2 : 0.48148148148148157
normalized distance of container 3 : 0.22222222222222218
normalized distance of container 4 : 0.15555555555555556
normalized distance of container 5 : 0.11111111111111091
normalized distance of container 6 : 0.08888888888888888
normalized distance of container 7 : 0.11111111111111072
normalized distance of container 8 : 0.2666666666666667
normalized distance of container 9 : 0.44444444444444386
normalized distance of container 10 : 0.07407407407407846
normalized distance of container 11 : 0.2222222222222222
normalized distance of container 12 : 0.19999999999992626
normalized distance of container 13 : 0.037037037037032566
normalized distance of container 14 : 0.37777777777785027
normalized distance of container 15 : 0.11111111111110707
normalized distance of container 16 : 0.25925925925925924
normalized distance of container 17 : 0.25925925925925825
normalized distance of container 18 : 0.18518518518518465
normalized distance of container 19 : 0.11111111111111056
