Number of initial container : 3
Number of new container : 17
Total number of containers : 20
Level_num : 9
Container_level : [8, 1, 8, 6, 8, 9, 6, 1, 1, 6, 8, 1, 6, 1, 1, 6, 8, 3, 8, 3]
ideal_configuration : 
 [[6. 8. 0. 0. 0. 0.]
 [3. 6. 8. 0. 0. 0.]
 [1. 3. 6. 8. 0. 0.]
 [1. 1. 6. 8. 8. 0.]
 [1. 1. 1. 6. 8. 9.]]
Centroid : {8: (2.8333333333333335, 1.8333333333333333), 1: (0.6666666666666666, 0.6666666666666666), 6: (1.6, 2.0), 9: (5.0, 0.0), 3: (0.5, 2.5)}
Repeat number : 29
Original weight : [11.76, 21.58, 15.38, 19.2, 17.92, 19.34, 21.35, 17.12, 17.05, 16.94, 6.99, 6.01, 10.14, 23.38, 10.16, 10.04, 11.92, 16.94, 8.87, 21.24]
Group : [3, 0, 3, 2, 3, 3, 2, 0, 0, 2, 3, 0, 2, 0, 0, 2, 3, 1, 3, 1]
Sequence : [0, 0, 0, 1, 2, 3, 4, 5, 6, 7, 8, 9, 10, 11, 12, 13, 14, 15, 16, 17]
Scroe : [311.76, 21.58, 315.38, 219.2, 317.92, 319.34, 221.35, 17.12, 17.05, 216.94, 306.99, 6.01, 210.14, 23.38, 10.16, 210.04, 311.92, 116.94, 308.87, 121.24]
Time taken to solve the MIP model : 0.3701 seconds
min_d : 0, max_d : 9
---------------------------------
solution for: IP model
objective: 2.01111
x_0_5_0=1
x_1_2_0=1
x_2_5_1=1
x_3_2_1=1
x_4_5_2=1
x_5_5_3=1
x_6_2_2=1
x_7_4_0=1
x_8_0_0=1
x_9_3_0=1
x_10_3_1=1
x_11_1_0=1
x_12_4_1=1
x_13_0_1=1
x_14_1_1=1
x_15_1_2=1
x_16_3_2=1
x_17_0_2=1
x_18_4_2=1
x_19_0_3=1
d_0=4.000
d_1=2.000
d_2=3.000
d_3=1.400
d_4=2.333
d_5=3.000
d_6=0.400
d_7=4.000
d_8=1.333
d_9=3.400
d_10=1.000
d_11=1.000
d_12=3.400
d_13=1.000
d_14=0.667
d_15=0.600
d_16=0.333
d_17=1.000
d_18=1.333
d_19=1.000
d_x_0=2.167
d_x_1=1.333
d_x_2=2.167
d_x_3=0.400
d_x_4=2.167
d_x_6=0.400
d_x_7=3.333
d_x_8=0.667
d_x_9=1.400
d_x_10=0.167
d_x_11=0.333
d_x_12=2.400
d_x_13=0.667
d_x_14=0.333
d_x_15=0.600
d_x_16=0.167
d_x_17=0.500
d_x_18=1.167
d_x_19=0.500
d_y_0=1.833
d_y_1=0.667
d_y_2=0.833
d_y_3=1.000
d_y_4=0.167
d_y_5=3.000
d_y_7=0.667
d_y_8=0.667
d_y_9=2.000
d_y_10=0.833
d_y_11=0.667
d_y_12=1.000
d_y_13=0.333
d_y_14=0.333
d_y_16=0.167
d_y_17=0.500
d_y_18=0.167
d_y_19=0.500
normalized distance of container 0 : 0.4444444444444444
normalized distance of container 1 : 0.2222222222222222
normalized distance of container 2 : 0.3333333333333333
normalized distance of container 3 : 0.1555555555555553
normalized distance of container 4 : 0.259259259259259
normalized distance of container 5 : 0.3333333333333333
normalized distance of container 6 : 0.044444444444443496
normalized distance of container 7 : 0.44444444444444436
normalized distance of container 8 : 0.14814814814814814
normalized distance of container 9 : 0.3777777777777768
normalized distance of container 10 : 0.11111111111111065
normalized distance of container 11 : 0.11111111111111056
normalized distance of container 12 : 0.3777777777777772
normalized distance of container 13 : 0.11111111111111056
normalized distance of container 14 : 0.074074074074073
normalized distance of container 15 : 0.06666666666666668
normalized distance of container 16 : 0.03703703703703631
normalized distance of container 17 : 0.11111111111111012
normalized distance of container 18 : 0.14814814814814742
normalized distance of container 19 : 0.11111111111111012
