Number of initial container : 3
Number of new container : 17
Total number of containers : 20
Level_num : 9
Container_level : [3, 6, 1, 8, 3, 8, 3, 1, 1, 3, 3, 3, 3, 1, 3, 8, 6, 1, 9, 8]
ideal_configuration : 
 [[3. 8. 0. 0. 0. 0.]
 [3. 3. 8. 0. 0. 0.]
 [1. 3. 3. 8. 0. 0.]
 [1. 1. 3. 6. 8. 0.]
 [1. 1. 3. 3. 6. 9.]]
Centroid : {3: (1.375, 1.875), 6: (3.5, 0.5), 1: (0.4, 0.8), 8: (2.5, 2.5), 9: (5.0, 0.0)}
Repeat number : 18
Original weight : [16.3, 5.9, 16.46, 18.11, 17.74, 20.1, 17.11, 17.91, 15.53, 17.26, 22.25, 6.74, 21.39, 6.54, 12.23, 16.28, 5.45, 18.65, 23.66, 21.19]
Group : [1, 2, 0, 3, 1, 3, 1, 0, 0, 1, 1, 1, 1, 0, 1, 3, 2, 0, 3, 3]
Sequence : [0, 0, 0, 1, 2, 3, 4, 5, 6, 7, 8, 9, 10, 11, 12, 13, 14, 15, 16, 17]
Scroe : [116.3, 205.9, 16.46, 318.11, 117.74, 320.1, 117.11, 17.91, 15.53, 117.26, 122.25, 106.74, 121.39, 6.54, 112.23, 316.28, 205.45, 18.65, 323.66, 321.19]
Time taken to solve the MIP model : 0.2617 seconds
min_d : 0, max_d : 9
---------------------------------
solution for: IP model
objective: 2.08333
x_0_3_0=1
x_1_4_0=1
x_2_2_0=1
x_3_4_1=1
x_4_3_1=1
x_5_4_2=1
x_6_2_1=1
x_7_1_0=1
x_8_5_0=1
x_9_2_2=1
x_10_2_3=1
x_11_1_1=1
x_12_3_2=1
x_13_0_0=1
x_14_1_2=1
x_15_3_3=1
x_16_5_1=1
x_17_0_1=1
x_18_5_2=1
x_19_4_3=1
d_0=3.500
d_1=1.000
d_2=2.400
d_3=3.000
d_4=2.500
d_5=2.000
d_6=1.500
d_7=1.400
d_8=5.400
d_9=0.750
d_10=1.750
d_11=1.250
d_12=1.750
d_13=1.200
d_14=0.500
d_15=1.000
d_16=2.000
d_17=0.600
d_18=2.000
d_19=2.000
d_x_0=1.625
d_x_1=0.500
d_x_2=1.600
d_x_3=1.500
d_x_4=1.625
d_x_5=1.500
d_x_6=0.625
d_x_7=0.600
d_x_8=4.600
d_x_9=0.625
d_x_10=0.625
d_x_11=0.375
d_x_12=1.625
d_x_13=0.400
d_x_14=0.375
d_x_15=0.500
d_x_16=1.500
d_x_17=0.400
d_x_19=1.500
d_y_0=1.875
d_y_1=0.500
d_y_2=0.800
d_y_3=1.500
d_y_4=0.875
d_y_5=0.500
d_y_6=0.875
d_y_7=0.800
d_y_8=0.800
d_y_9=0.125
d_y_10=1.125
d_y_11=0.875
d_y_12=0.125
d_y_13=0.800
d_y_14=0.125
d_y_15=0.500
d_y_16=0.500
d_y_17=0.200
d_y_18=2.000
d_y_19=0.500
normalized distance of container 0 : 0.3888888888888889
normalized distance of container 1 : 0.1111111111111111
normalized distance of container 2 : 0.2666666666666667
normalized distance of container 3 : 0.3333333333333333
normalized distance of container 4 : 0.27777777777777757
normalized distance of container 5 : 0.22222222222222202
normalized distance of container 6 : 0.16666666666666627
normalized distance of container 7 : 0.15555555555555556
normalized distance of container 8 : 0.6
normalized distance of container 9 : 0.08333333333333215
normalized distance of container 10 : 0.19444444444444364
normalized distance of container 11 : 0.1388888888888889
normalized distance of container 12 : 0.19444444444444325
normalized distance of container 13 : 0.13333333333333242
normalized distance of container 14 : 0.05555555555555437
normalized distance of container 15 : 0.11111111111111033
normalized distance of container 16 : 0.22222222222222043
normalized distance of container 17 : 0.06666666666666528
normalized distance of container 18 : 0.2222222222222222
normalized distance of container 19 : 0.22222222222222143
