Number of initial container : 0
Number of new container : 23
Total number of containers : 23
Level_num : 9
Container_level : [4, 8, 6, 6, 8, 3, 2, 6, 3, 7, 1, 8, 4, 6, 6, 7, 4, 6, 7, 2, 1, 9, 1]
ideal_configuration : 
 [[6. 6. 8. 0. 0. 0.]
 [3. 6. 7. 8. 0. 0.]
 [2. 4. 6. 7. 9. 0.]
 [1. 2. 4. 6. 7. 0.]
 [1. 1. 3. 4. 6. 8.]]
Centroid : {4: (2.0, 1.0), 8: (3.3333333333333335, 2.3333333333333335), 6: (1.8333333333333333, 2.3333333333333335), 3: (1.0, 1.5), 2: (0.5, 1.5), 7: (3.0, 2.0), 1: (0.3333333333333333, 0.3333333333333333), 9: (4.0, 2.0)}
Repeat number : 27
Original weight : [13.37, 21.84, 17.14, 18.15, 20.96, 11.6, 8.93, 16.52, 11.22, 18.92, 5.1, 21.69, 12.3, 18.0, 17.49, 19.64, 12.8, 17.79, 20.13, 7.75, 5.34, 22.93, 5.8]
Group : [0, 0, 0, 0, 0, 0, 0, 0, 0, 0, 0, 0, 0, 0, 0, 0, 0, 0, 0, 0, 0, 0, 0]
Sequence : [1, 2, 3, 4, 5, 6, 7, 8, 9, 10, 11, 12, 13, 14, 15, 16, 17, 18, 19, 20, 21, 22, 23]
Scroe : [13.37, 21.84, 17.14, 18.15, 20.96, 11.6, 8.93, 16.52, 11.22, 18.92, 5.1, 21.69, 12.3, 18.0, 17.49, 19.64, 12.8, 17.79, 20.13, 7.75, 5.34, 22.93, 5.8]
Time taken to solve the MIP model : 141.4097 seconds
min_d : 0, max_d : 9
---------------------------------
solution for: IP model
objective: 3.88889
x_0_3_0=1
x_1_5_0=1
x_2_4_0=1
x_3_4_1=1
x_4_4_2=1
x_5_2_0=1
x_6_1_0=1
x_7_3_1=1
x_8_1_1=1
x_9_3_2=1
x_10_0_0=1
x_11_4_3=1
x_12_2_1=1
x_13_1_2=1
x_14_2_2=1
x_15_3_3=1
x_16_5_1=1
x_17_2_3=1
x_18_3_4=1
x_19_5_2=1
x_20_0_1=1
x_21_4_4=1
x_22_0_2=1
r_5_0=1
r_5_1=1
r_5_2=1
d_0=2.000
d_1=4.000
d_2=4.500
d_3=3.500
d_4=1.000
d_5=2.500
d_6=2.000
d_7=2.500
d_8=0.500
d_10=0.667
d_11=1.333
d_13=1.167
d_14=0.500
d_15=1.000
d_16=3.000
d_17=0.833
d_18=2.000
d_19=5.000
d_20=1.000
d_21=2.000
d_22=2.000
d_x_0=1.000
d_x_1=1.667
d_x_2=2.167
d_x_3=2.167
d_x_4=0.667
d_x_5=1.000
d_x_6=0.500
d_x_7=1.167
d_x_10=0.333
d_x_11=0.667
d_x_13=0.833
d_x_14=0.167
d_x_16=3.000
d_x_17=0.167
d_x_19=4.500
d_x_20=0.333
d_x_22=0.333
d_y_0=1.000
d_y_1=2.333
d_y_2=2.333
d_y_3=1.333
d_y_4=0.333
d_y_5=1.500
d_y_6=1.500
d_y_7=1.333
d_y_8=0.500
d_y_10=0.333
d_y_11=0.667
d_y_13=0.333
d_y_14=0.333
d_y_15=1.000
d_y_17=0.667
d_y_18=2.000
d_y_19=0.500
d_y_20=0.667
d_y_21=2.000
d_y_22=1.667
normalized distance of container 0 : 0.2222222222222222
normalized distance of container 1 : 0.44444444444444436
normalized distance of container 2 : 0.4999999999999998
normalized distance of container 3 : 0.38888888888888823
normalized distance of container 4 : 0.11111111111111087
normalized distance of container 5 : 0.2777777777777778
normalized distance of container 6 : 0.2222222222222222
normalized distance of container 7 : 0.2777777777777767
normalized distance of container 8 : 0.05555555555555477
normalized distance of container 9 : 0.0
normalized distance of container 10 : 0.07407407407407407
normalized distance of container 11 : 0.1481481481481481
normalized distance of container 12 : 0.0
normalized distance of container 13 : 0.1296296296296304
normalized distance of container 14 : 0.05555555555555548
normalized distance of container 15 : 0.1111111111111111
normalized distance of container 16 : 0.3333333333333333
normalized distance of container 17 : 0.09259259259259152
normalized distance of container 18 : 0.2222222222222222
normalized distance of container 19 : 0.5555555555555531
normalized distance of container 20 : 0.11111111111110926
normalized distance of container 21 : 0.2222222222222222
normalized distance of container 22 : 0.2222222222222244
