Number of initial container : 0
Number of new container : 23
Total number of containers : 23
Level_num : 9
Container_level : [2, 1, 6, 3, 1, 1, 1, 7, 3, 2, 3, 2, 1, 9, 7, 7, 4, 6, 8, 4, 6, 1, 8]
ideal_configuration : 
 [[3. 6. 8. 0. 0. 0.]
 [2. 3. 6. 8. 0. 0.]
 [1. 2. 4. 7. 9. 0.]
 [1. 1. 2. 4. 7. 0.]
 [1. 1. 1. 3. 6. 7.]]
Centroid : {2: (1.0, 2.0), 1: (0.6666666666666666, 0.6666666666666666), 6: (2.3333333333333335, 2.3333333333333335), 3: (1.3333333333333333, 2.3333333333333335), 7: (4.0, 1.0), 9: (4.0, 2.0), 4: (2.5, 1.5), 8: (2.5, 3.5)}
Repeat number : 4
Original weight : [10.86, 8.08, 18.59, 12.34, 8.21, 9.83, 9.76, 20.37, 13.49, 10.56, 11.95, 11.72, 7.88, 23.54, 20.36, 19.98, 14.22, 19.46, 21.68, 14.29, 19.47, 7.88, 23.47]
Group : [0, 0, 0, 0, 0, 0, 0, 0, 0, 0, 0, 0, 0, 0, 0, 0, 0, 0, 0, 0, 0, 0, 0]
Sequence : [1, 2, 3, 4, 5, 6, 7, 8, 9, 10, 11, 12, 13, 14, 15, 16, 17, 18, 19, 20, 21, 22, 23]
Scroe : [10.86, 8.08, 18.59, 12.34, 8.21, 9.83, 9.76, 20.37, 13.49, 10.56, 11.95, 11.72, 7.88, 23.54, 20.36, 19.98, 14.22, 19.46, 21.68, 14.29, 19.47, 7.88, 23.47]
Time taken to solve the MIP model : 2.5210 seconds
min_d : 0, max_d : 9
---------------------------------
solution for: IP model
objective: 2.35185
x_0_2_0=1
x_1_0_0=1
x_2_4_0=1
x_3_2_1=1
x_4_1_0=1
x_5_0_1=1
x_6_1_1=1
x_7_4_1=1
x_8_2_2=1
x_9_1_2=1
x_10_1_3=1
x_11_0_2=1
x_12_3_0=1
x_13_4_2=1
x_14_0_3=1
x_15_1_4=1
x_16_3_1=1
x_17_2_3=1
x_18_2_4=1
x_19_3_2=1
x_20_3_3=1
x_21_5_0=1
x_22_3_4=1
d_0=3.000
d_1=1.333
d_2=4.000
d_3=2.000
d_4=1.000
d_5=1.000
d_6=0.667
d_8=1.000
d_10=1.000
d_11=1.000
d_12=3.000
d_14=6.000
d_15=6.000
d_16=1.000
d_17=1.000
d_18=1.000
d_19=1.000
d_20=1.333
d_21=5.000
d_22=1.000
d_x_0=1.000
d_x_1=0.667
d_x_2=1.667
d_x_3=0.667
d_x_4=0.333
d_x_5=0.667
d_x_6=0.333
d_x_8=0.667
d_x_10=0.333
d_x_11=1.000
d_x_12=2.333
d_x_14=4.000
d_x_15=3.000
d_x_16=0.500
d_x_17=0.333
d_x_18=0.500
d_x_19=0.500
d_x_20=0.667
d_x_21=4.333
d_x_22=0.500
d_y_0=2.000
d_y_1=0.667
d_y_2=2.333
d_y_3=1.333
d_y_4=0.667
d_y_5=0.333
d_y_6=0.333
d_y_8=0.333
d_y_10=0.667
d_y_12=0.667
d_y_14=2.000
d_y_15=3.000
d_y_16=0.500
d_y_17=0.667
d_y_18=0.500
d_y_19=0.500
d_y_20=0.667
d_y_21=0.667
d_y_22=0.500
normalized distance of container 0 : 0.3333333333333333
normalized distance of container 1 : 0.14814814814814814
normalized distance of container 2 : 0.444444444444444
normalized distance of container 3 : 0.22222222222222118
normalized distance of container 4 : 0.11111111111110979
normalized distance of container 5 : 0.11111111111111058
normalized distance of container 6 : 0.07407407407407224
normalized distance of container 7 : 0.0
normalized distance of container 8 : 0.11111111111111008
normalized distance of container 9 : 0.0
normalized distance of container 10 : 0.11111111111111065
normalized distance of container 11 : 0.1111111111111111
normalized distance of container 12 : 0.333333333333332
normalized distance of container 13 : 0.0
normalized distance of container 14 : 0.6666666666666666
normalized distance of container 15 : 0.6666666666666666
normalized distance of container 16 : 0.11111111111111072
normalized distance of container 17 : 0.11111111111111066
normalized distance of container 18 : 0.11111111111111101
normalized distance of container 19 : 0.11111111111110993
normalized distance of container 20 : 0.14814814814814703
normalized distance of container 21 : 0.5555555555555542
normalized distance of container 22 : 0.1111111111111111
