Number of initial container : 0
Number of new container : 25
Total number of containers : 25
Level_num : 9
Container_level : [3, 5, 5, 7, 3, 8, 4, 4, 3, 8, 6, 5, 4, 4, 2, 9, 4, 6, 3, 3, 4, 2, 8, 1, 1]
ideal_configuration : 
 [[4. 5. 7. 9. 0. 0.]
 [3. 4. 5. 8. 0. 0.]
 [2. 3. 4. 5. 8. 0.]
 [1. 3. 3. 4. 6. 8.]
 [1. 2. 3. 4. 4. 6.]]
Centroid : {3: (2.2, 1.4), 5: (3.0, 3.0), 7: (3.0, 4.0), 8: (5.0, 2.0), 4: (3.1666666666666665, 1.6666666666666667), 6: (5.5, 0.5), 2: (1.5, 1.0), 9: (4.0, 4.0), 1: (1.0, 0.5)}
Repeat number : 12
Original weight : [12.28, 15.49, 16.85, 21.3, 11.1, 23.77, 13.59, 13.88, 10.87, 23.5, 17.13, 15.99, 12.82, 12.94, 9.61, 23.86, 14.06, 18.33, 10.33, 10.3, 12.37, 8.2, 22.65, 5.39, 5.87]
Sequence : [1, 2, 3, 4, 5, 6, 7, 8, 9, 10, 11, 12, 13, 14, 15, 16, 17, 18, 19, 20, 21, 22, 23, 24, 25]
Emergency : [0, 0, 0, 0, 0, 0, 0, 0, 0, 0, 0, 0, 0, 0, 0, 0, 0, 0, 0, 0, 0, 0, 0, 0, 0]
Time taken to solve the MIP model : 200.4095 seconds
min_d : 0, max_d : 9
---------------------------------
solution for: IP model
objective: 5.14444
status: OPTIMAL_SOLUTION(2)
x_1_3_0=1
x_2_3_1=1
x_3_3_2=1
x_4_3_3=1
x_5_4_0=1
x_6_3_4=1
x_7_4_1=1
x_8_4_2=1
x_9_5_0=1
x_10_4_3=-0
x_10_5_1=-0
x_10_6_0=1
x_11_5_2=0
x_11_6_0=-0
x_11_6_1=1
x_12_4_3=1
x_12_5_2=-0
x_12_6_2=-0
x_12_6_4=-0
x_13_5_0=0
x_13_5_1=1
x_13_5_3=-0
x_13_6_1=-0
x_14_5_2=1
x_14_5_3=-0
x_14_5_4=0
x_15_2_0=1
x_16_4_3=0
x_16_4_4=1
x_16_5_2=-0
x_16_5_3=-0
x_16_5_4=-0
x_17_4_3=-0
x_17_5_2=0
x_17_5_3=1
x_18_4_3=0
x_18_4_4=-0
x_18_5_0=-0
x_18_5_3=0
x_18_5_4=1
x_18_6_0=-0
x_19_5_0=-0
x_19_6_2=1
x_20_2_1=1
x_21_2_2=1
x_22_6_2=-0
x_22_6_3=1
x_23_2_3=1
x_24_1_0=1
x_25_1_1=1
r_6_0=1
r_6_1=1
r_6_2=1
r_6_3=1
d_1=2.200
d_2=2.000
d_3=1.000
d_4=1.000
d_5=3.200
d_6=4.000
d_7=1.500
d_8=1.167
d_9=4.200
d_10=3.000
d_11=1.000
d_12=1.000
d_13=2.500
d_14=2.167
d_15=1.500
d_16=-0.000
d_17=3.167
d_18=4.000
d_19=4.400
d_20=0.600
d_21=1.500
d_22=6.500
d_23=4.000
d_24=0.500
d_25=0.500
d_x_1=0.800
d_x_5=1.800
d_x_6=2.000
d_x_7=0.833
d_x_8=0.833
d_x_9=2.800
d_x_10=1.000
d_x_11=0.500
d_x_12=1.000
d_x_13=1.833
d_x_14=1.833
d_x_15=0.500
d_x_16=-0.000
d_x_17=1.833
d_x_18=0.500
d_x_19=3.800
d_x_20=0.200
d_x_21=1.167
d_x_22=4.500
d_x_23=3.000
d_y_1=1.400
d_y_2=2.000
d_y_3=1.000
d_y_4=1.000
d_y_5=1.400
d_y_6=2.000
d_y_7=0.667
d_y_8=0.333
d_y_9=1.400
d_y_10=2.000
d_y_11=0.500
d_y_12=-0.000
d_y_13=0.667
d_y_14=0.333
d_y_15=1.000
d_y_16=-0.000
d_y_17=1.333
d_y_18=3.500
d_y_19=0.600
d_y_20=0.400
d_y_21=0.333
d_y_22=2.000
d_y_23=1.000
d_y_24=0.500
d_y_25=0.500
normalized distance of container 1 : 0.2444444444444444
normalized distance of container 2 : 0.2222222222222222
normalized distance of container 3 : 0.1111111111111111
normalized distance of container 4 : 0.1111111111111111
normalized distance of container 5 : 0.35555555555555546
normalized distance of container 6 : 0.44444444444434744
normalized distance of container 7 : 0.16666666666666663
normalized distance of container 8 : 0.12962962962962843
normalized distance of container 9 : 0.46666666666666656
normalized distance of container 10 : 0.33333333333351
normalized distance of container 11 : 0.11111111111112631
normalized distance of container 12 : 0.11111111111085638
normalized distance of container 13 : 0.2777777777777649
normalized distance of container 14 : 0.24074074074075538
normalized distance of container 15 : 0.16666666666666508
normalized distance of container 16 : -3.071399766985536e-13
normalized distance of container 17 : 0.35185185185199447
normalized distance of container 18 : 0.4444444444445016
normalized distance of container 19 : 0.4888888888888988
normalized distance of container 20 : 0.06666666666666604
normalized distance of container 21 : 0.16666666666666663
normalized distance of container 22 : 0.7222222222222472
normalized distance of container 23 : 0.4444444444444444
normalized distance of container 24 : 0.05555555555555555
normalized distance of container 25 : 0.05555555555555555
