Number of initial container : 0
Number of new container : 25
Total number of containers : 25
Level_num : 9
Container_level : [6, 5, 5, 6, 8, 3, 8, 7, 6, 2, 3, 6, 3, 2, 8, 6, 5, 3, 7, 1, 2, 9, 7, 1, 2]
ideal_configuration : 
 [[5. 6. 7. 9. 0. 0.]
 [3. 5. 6. 8. 0. 0.]
 [2. 3. 5. 6. 8. 0.]
 [1. 2. 3. 6. 7. 8.]
 [1. 2. 2. 3. 6. 7.]]
Centroid : {6: (2.6, 2.0), 5: (1.0, 3.0), 8: (4.0, 2.0), 3: (1.5, 1.5), 7: (3.6666666666666665, 1.6666666666666667), 2: (1.0, 0.75), 1: (0.0, 0.5), 9: (3.0, 4.0)}
Repeat number : 26
Original weight : [15.71, 13.07, 13.04, 15.4, 20.38, 9.28, 18.66, 18.5, 15.1, 9.11, 9.32, 15.33, 9.26, 7.36, 20.29, 15.82, 14.08, 10.56, 18.51, 5.39, 8.36, 20.47, 16.74, 5.49, 7.45]
Sequence : [1, 2, 3, 4, 5, 6, 7, 8, 9, 10, 11, 12, 13, 14, 15, 16, 17, 18, 19, 20, 21, 22, 23, 24, 25]
Emergency : [0, 0, 0, 0, 0, 0, 0, 0, 0, 0, 0, 0, 0, 0, 0, 0, 0, 0, 0, 0, 0, 0, 0, 0, 0]
Time taken to solve the MIP model : 1354.3775 seconds
min_d : 0, max_d : 9
---------------------------------
solution for: IP model
objective: 5.56481
x_0_4_0=1
x_1_5_0=1
x_2_3_0=1
x_3_5_1=1
x_4_4_1=1
x_5_2_0=1
x_6_4_2=1
x_7_5_2=1
x_8_3_1=1
x_9_1_0=1
x_10_2_1=1
x_11_3_2=1
x_12_1_1=1
x_13_4_3=1
x_14_5_3=1
x_15_3_3=1
x_16_1_2=1
x_17_2_2=1
x_18_1_3=1
x_19_0_0=1
x_20_4_4=1
x_21_3_4=1
x_22_2_3=1
x_23_0_1=1
x_24_0_2=1
r_4_0=1
r_4_1=1
r_4_2=1
r_4_3=1
r_4_4=1
d_0=3.400
d_1=7.000
d_2=5.000
d_3=3.400
d_4=1.000
d_5=2.000
d_7=1.667
d_8=1.400
d_9=0.750
d_10=1.000
d_11=0.400
d_12=1.000
d_13=5.250
d_14=2.000
d_15=1.400
d_16=1.000
d_17=1.000
d_18=4.000
d_19=0.500
d_20=6.250
d_22=3.000
d_23=0.500
d_24=2.250
d_x_0=1.400
d_x_1=4.000
d_x_2=2.000
d_x_3=2.400
d_x_5=0.500
d_x_7=1.333
d_x_8=0.400
d_x_10=0.500
d_x_11=0.400
d_x_12=0.500
d_x_13=3.000
d_x_14=1.000
d_x_15=0.400
d_x_17=0.500
d_x_18=2.667
d_x_20=3.000
d_x_22=1.667
d_x_24=1.000
d_y_0=2.000
d_y_1=3.000
d_y_2=3.000
d_y_3=1.000
d_y_4=1.000
d_y_5=1.500
d_y_7=0.333
d_y_8=1.000
d_y_9=0.750
d_y_10=0.500
d_y_12=0.500
d_y_13=2.250
d_y_14=1.000
d_y_15=1.000
d_y_16=1.000
d_y_17=0.500
d_y_18=1.333
d_y_19=0.500
d_y_20=3.250
d_y_22=1.333
d_y_23=0.500
d_y_24=1.250
normalized distance of container 0 : 0.3777777777777777
normalized distance of container 1 : 0.7777777777777778
normalized distance of container 2 : 0.5555555555555556
normalized distance of container 3 : 0.37777777777777777
normalized distance of container 4 : 0.1111111111111111
normalized distance of container 5 : 0.22222222222222143
normalized distance of container 6 : 0.0
normalized distance of container 7 : 0.18518518518518468
normalized distance of container 8 : 0.155555555555555
normalized distance of container 9 : 0.08333333333333333
normalized distance of container 10 : 0.11111111111111033
normalized distance of container 11 : 0.04444444444444389
normalized distance of container 12 : 0.1111111111111111
normalized distance of container 13 : 0.5833333333333326
normalized distance of container 14 : 0.2222222222222222
normalized distance of container 15 : 0.155555555555555
normalized distance of container 16 : 0.1111111111111111
normalized distance of container 17 : 0.11111111111110954
normalized distance of container 18 : 0.44444444444444353
normalized distance of container 19 : 0.05555555555555555
normalized distance of container 20 : 0.6944444444444435
normalized distance of container 21 : 0.0
normalized distance of container 22 : 0.33333333333333326
normalized distance of container 23 : 0.05555555555555398
normalized distance of container 24 : 0.25
