Number of initial container : 0
Number of new container : 25
Total number of containers : 25
Level_num : 9
Container_level : [8, 3, 6, 7, 3, 5, 2, 7, 5, 8, 6, 2, 9, 1, 3, 7, 2, 2, 2, 4, 6, 8, 3, 1, 7]
ideal_configuration : 
 [[3. 6. 7. 9. 0. 0.]
 [2. 4. 6. 8. 0. 0.]
 [2. 3. 5. 7. 8. 0.]
 [1. 2. 3. 5. 7. 8.]
 [1. 2. 2. 3. 6. 7.]]
Centroid : {8: (4.0, 2.0), 3: (1.5, 1.75), 6: (2.3333333333333335, 2.3333333333333335), 7: (3.5, 1.75), 5: (2.5, 1.5), 2: (0.8, 1.2), 9: (3.0, 4.0), 1: (0.0, 0.5), 4: (1.0, 3.0)}
Repeat number : 22
Original weight : [22.73, 11.23, 17.63, 20.29, 11.37, 16.65, 7.85, 20.11, 15.79, 22.85, 18.54, 7.67, 24.0, 6.18, 10.76, 20.04, 9.19, 8.19, 8.73, 13.66, 17.84, 23.01, 10.44, 5.06, 20.45]
Sequence : [1, 2, 3, 4, 5, 6, 7, 8, 9, 10, 11, 12, 13, 14, 15, 16, 17, 18, 19, 20, 21, 22, 23, 24, 25]
Emergency : [0, 0, 0, 0, 0, 0, 0, 0, 0, 0, 0, 0, 0, 0, 0, 0, 0, 0, 0, 0, 0, 0, 0, 0, 0]
Time taken to solve the MIP model : 15.4459 seconds
min_d : 0, max_d : 9
---------------------------------
solution for: IP model
objective: 4.12222
x_0_5_0=1
x_1_2_0=1
x_2_4_0=1
x_3_4_1=1
x_4_2_1=1
x_5_2_2=1
x_6_3_0=1
x_7_2_3=1
x_8_3_1=1
x_9_4_2=1
x_10_3_2=1
x_11_1_0=1
x_12_2_4=1
x_13_0_0=1
x_14_5_1=1
x_15_3_3=1
x_16_0_1=1
x_17_1_1=1
x_18_1_2=1
x_19_1_3=1
x_20_1_4=1
x_21_4_3=1
x_22_0_2=1
x_23_5_2=1
x_24_3_4=1
r_5_0=1
r_5_1=1
r_5_2=1
d_0=3.000
d_1=2.250
d_2=4.000
d_3=1.250
d_4=1.250
d_5=1.000
d_6=3.400
d_7=2.750
d_8=1.000
d_10=1.000
d_11=1.400
d_12=1.000
d_13=0.500
d_14=4.250
d_15=1.750
d_16=1.000
d_17=0.400
d_18=1.000
d_20=3.000
d_21=1.000
d_22=1.750
d_23=6.500
d_24=2.750
d_x_0=1.000
d_x_1=0.500
d_x_2=1.667
d_x_3=0.500
d_x_4=0.500
d_x_5=0.500
d_x_6=2.200
d_x_7=1.500
d_x_8=0.500
d_x_10=0.667
d_x_11=0.200
d_x_12=1.000
d_x_14=3.500
d_x_15=0.500
d_x_16=0.800
d_x_17=0.200
d_x_18=0.200
d_x_20=1.333
d_x_22=1.500
d_x_23=5.000
d_x_24=0.500
d_y_0=2.000
d_y_1=1.750
d_y_2=2.333
d_y_3=0.750
d_y_4=0.750
d_y_5=0.500
d_y_6=1.200
d_y_7=1.250
d_y_8=0.500
d_y_10=0.333
d_y_11=1.200
d_y_13=0.500
d_y_14=0.750
d_y_15=1.250
d_y_16=0.200
d_y_17=0.200
d_y_18=0.800
d_y_20=1.667
d_y_21=1.000
d_y_22=0.250
d_y_23=1.500
d_y_24=2.250
normalized distance of container 0 : 0.3333333333333333
normalized distance of container 1 : 0.2499999999999996
normalized distance of container 2 : 0.444444444444444
normalized distance of container 3 : 0.13888888888888848
normalized distance of container 4 : 0.1388888888888881
normalized distance of container 5 : 0.11111111111111037
normalized distance of container 6 : 0.37777777777777655
normalized distance of container 7 : 0.3055555555555556
normalized distance of container 8 : 0.11111111111111072
normalized distance of container 9 : 0.0
normalized distance of container 10 : 0.1111111111111111
normalized distance of container 11 : 0.15555555555555428
normalized distance of container 12 : 0.1111111111111111
normalized distance of container 13 : 0.05555555555555555
normalized distance of container 14 : 0.47222222222222143
normalized distance of container 15 : 0.19444444444444425
normalized distance of container 16 : 0.11111111111111116
normalized distance of container 17 : 0.04444444444444443
normalized distance of container 18 : 0.11111111111110913
normalized distance of container 19 : 0.0
normalized distance of container 20 : 0.3333333333333319
normalized distance of container 21 : 0.1111111111111111
normalized distance of container 22 : 0.19444444444444442
normalized distance of container 23 : 0.7222222222222222
normalized distance of container 24 : 0.3055555555555556
