Number of initial container : 5
Number of new container : 15
Total number of containers : 20
Level_num : 9
Container_level : [1, 1, 3, 7, 5, 1, 5, 1, 7, 8, 4, 1, 3, 7, 6, 9, 6, 4, 7, 5]
ideal_configuration : 
 [[5. 7. 0. 0. 0. 0.]
 [3. 5. 7. 0. 0. 0.]
 [1. 4. 6. 7. 0. 0.]
 [1. 1. 4. 6. 8. 0.]
 [1. 1. 3. 5. 7. 9.]]
Centroid : {1: (0.4, 0.8), 3: (1.0, 1.5), 7: (2.5, 2.25), 5: (1.3333333333333333, 2.3333333333333335), 8: (4.0, 1.0), 4: (1.5, 1.5), 6: (2.5, 1.5), 9: (5.0, 0.0)}
Repeat number : 30
Original weight : [8.64, 8.4, 10.91, 19.03, 14.98, 8.09, 14.95, 7.02, 19.82, 20.68, 13.67, 8.85, 12.1, 19.78, 17.5, 22.57, 17.09, 13.63, 20.39, 14.99]
Group : [0, 0, 0, 0, 0, 0, 0, 0, 0, 0, 0, 0, 0, 0, 0, 0, 0, 0, 0, 0]
Sequence : [0, 0, 0, 0, 0, 1, 2, 3, 4, 5, 6, 7, 8, 9, 10, 11, 12, 13, 14, 15]
Scroe : [8.64, 8.4, 10.91, 19.03, 14.98, 8.09, 14.95, 7.02, 19.82, 20.68, 13.67, 8.85, 12.1, 19.78, 17.5, 22.57, 17.09, 13.63, 20.39, 14.99]
Time taken to solve the MIP model : 0.1077 seconds
min_d : 0, max_d : 9
---------------------------------
solution for: IP model
objective: 3.5
x_0_4_0=1
x_1_1_0=1
x_2_1_1=1
x_3_1_2=1
x_4_4_1=1
x_5_2_0=1
x_6_1_3=1
x_7_0_0=1
x_8_3_0=1
x_9_4_2=1
x_10_2_1=1
x_11_0_1=1
x_12_0_2=1
x_13_2_2=1
x_14_3_1=1
x_15_5_0=1
x_16_3_2=1
x_17_2_3=1
x_18_3_3=1
x_19_1_4=1
r_0_0=1
r_0_1=1
r_0_2=1
r_1_2=1
r_1_3=1
r_1_4=1
r_2_0=1
r_2_1=1
r_2_2=1
r_2_3=1
r_3_0=1
r_3_1=1
r_3_2=1
r_3_3=1
r_4_2=1
d_0=4.400
d_1=1.400
d_2=0.500
d_3=1.750
d_4=4.000
d_5=2.400
d_6=1.000
d_7=1.200
d_8=2.750
d_9=1.000
d_10=1.000
d_11=0.600
d_12=1.500
d_13=0.750
d_14=1.000
d_16=1.000
d_17=2.000
d_18=1.250
d_19=2.000
d_x_0=3.600
d_x_1=0.600
d_x_3=1.500
d_x_4=2.667
d_x_5=1.600
d_x_6=0.333
d_x_7=0.400
d_x_8=0.500
d_x_10=0.500
d_x_11=0.400
d_x_12=1.000
d_x_13=0.500
d_x_14=0.500
d_x_16=0.500
d_x_17=0.500
d_x_18=0.500
d_x_19=0.333
d_y_0=0.800
d_y_1=0.800
d_y_2=0.500
d_y_3=0.250
d_y_4=1.333
d_y_5=0.800
d_y_6=0.667
d_y_7=0.800
d_y_8=2.250
d_y_9=1.000
d_y_10=0.500
d_y_11=0.200
d_y_12=0.500
d_y_13=0.250
d_y_14=0.500
d_y_16=0.500
d_y_17=1.500
d_y_18=0.750
d_y_19=1.667
normalized distance of container 0 : 0.48888888888888893
normalized distance of container 1 : 0.15555555555555556
normalized distance of container 2 : 0.05555555555555555
normalized distance of container 3 : 0.19444444444444445
normalized distance of container 4 : 0.4444444444444444
normalized distance of container 5 : 0.2666666666666661
normalized distance of container 6 : 0.111111111111111
normalized distance of container 7 : 0.13333333333333336
normalized distance of container 8 : 0.30555555555555514
normalized distance of container 9 : 0.1111111111111111
normalized distance of container 10 : 0.11111111111111033
normalized distance of container 11 : 0.0666666666666662
normalized distance of container 12 : 0.16666666666666588
normalized distance of container 13 : 0.08333333333333333
normalized distance of container 14 : 0.11111111111111072
normalized distance of container 15 : 0.0
normalized distance of container 16 : 0.11111111111111033
normalized distance of container 17 : 0.22222222222222143
normalized distance of container 18 : 0.1388888888888881
normalized distance of container 19 : 0.2222222222222222
