Number of initial container : 10
Number of new container : 10
Total number of containers : 20
Level_num : 9
Container_level : [1, 3, 3, 8, 8, 8, 4, 3, 4, 4, 5, 7, 3, 1, 9, 4, 2, 7, 6, 7]
ideal_configuration : 
 [[4. 7. 0. 0. 0. 0.]
 [3. 5. 8. 0. 0. 0.]
 [3. 4. 6. 8. 0. 0.]
 [1. 3. 4. 7. 8. 0.]
 [1. 2. 3. 4. 7. 9.]]
Centroid : {1: (0.0, 0.5), 3: (0.75, 1.5), 8: (3.0, 2.0), 4: (1.5, 1.75), 5: (1.0, 3.0), 7: (2.6666666666666665, 1.6666666666666667), 9: (5.0, 0.0), 2: (1.0, 0.0), 6: (2.0, 2.0)}
Repeat number : 7
Original weight : [6.53, 11.56, 11.97, 21.74, 22.53, 22.52, 13.53, 11.0, 13.76, 15.0, 15.58, 19.89, 11.39, 6.55, 23.69, 13.7, 9.51, 20.63, 19.16, 19.44]
Sequence : [0, 0, 0, 0, 0, 0, 0, 0, 0, 0, 1, 2, 3, 4, 5, 6, 7, 8, 9, 10]
Emergency : [0, 0, 0, 0, 0, 0, 0, 0, 0, 0, 0, 0, 0, 0, 0, 0, 0, 0, 0, 0]
Time taken to solve the MIP model : 0.0314 seconds
min_d : 0, max_d : 9
---------------------------------
solution for: IP model
objective: 6.12963
status: OPTIMAL_SOLUTION(2)
x_0_5_0=1
x_1_1_0=1
x_2_2_0=1
x_3_1_1=1
x_4_5_1=1
x_5_5_2=1
x_6_5_3=1
x_7_1_2=1
x_8_1_3=1
x_9_3_0=1
x_10_3_1=1
x_11_3_2=1
x_12_4_0=1
x_13_0_0=1
x_14_4_1=1
x_15_2_1=1
x_16_0_1=1
x_17_3_3=1
x_18_2_2=1
x_19_2_3=1
r_1_0=1
r_1_1=1
r_1_2=1
r_1_3=1
r_5_1=1
r_5_2=1
r_5_3=1
d_0=5.500
d_1=1.750
d_2=2.750
d_3=3.000
d_4=3.000
d_5=2.000
d_6=4.750
d_7=0.750
d_8=1.750
d_9=3.250
d_10=4.000
d_11=0.667
d_12=4.750
d_13=0.500
d_14=2.000
d_15=1.250
d_16=2.000
d_17=1.667
d_19=2.000
d_x_0=5.000
d_x_1=0.250
d_x_2=1.250
d_x_3=2.000
d_x_4=2.000
d_x_5=2.000
d_x_6=3.500
d_x_7=0.250
d_x_8=0.500
d_x_9=1.500
d_x_10=2.000
d_x_11=0.333
d_x_12=3.250
d_x_14=1.000
d_x_15=0.500
d_x_16=1.000
d_x_17=0.333
d_x_19=0.667
d_y_0=0.500
d_y_1=1.500
d_y_2=1.500
d_y_3=1.000
d_y_4=1.000
d_y_6=1.250
d_y_7=0.500
d_y_8=1.250
d_y_9=1.750
d_y_10=2.000
d_y_11=0.333
d_y_12=1.500
d_y_13=0.500
d_y_14=1.000
d_y_15=0.750
d_y_16=1.000
d_y_17=1.333
d_y_19=1.333
normalized distance of container 0 : 0.6111111111111112
normalized distance of container 1 : 0.19444444444444445
normalized distance of container 2 : 0.3055555555555556
normalized distance of container 3 : 0.3333333333333333
normalized distance of container 4 : 0.3333333333333333
normalized distance of container 5 : 0.2222222222222222
normalized distance of container 6 : 0.5277777777777778
normalized distance of container 7 : 0.08333333333333333
normalized distance of container 8 : 0.19444444444444445
normalized distance of container 9 : 0.3611111111111111
normalized distance of container 10 : 0.4444444444444444
normalized distance of container 11 : 0.07407407407407379
normalized distance of container 12 : 0.527777777777777
normalized distance of container 13 : 0.05555555555555477
normalized distance of container 14 : 0.2222222222222222
normalized distance of container 15 : 0.13888888888888806
normalized distance of container 16 : 0.2222222222222222
normalized distance of container 17 : 0.18518518518518454
normalized distance of container 18 : 0.0
normalized distance of container 19 : 0.22222222222222218
