Number of initial container : 5
Number of new container : 5
Total number of containers : 10
Level_num : 9
Container_level : [1, 5, 6, 3, 2, 5, 9, 4, 1, 5]
ideal_configuration : 
 [[0. 0. 0. 0. 0. 0.]
 [5. 0. 0. 0. 0. 0.]
 [3. 5. 0. 0. 0. 0.]
 [1. 4. 6. 0. 0. 0.]
 [1. 2. 5. 9. 0. 0.]]
Centroid : {1: (0.0, 0.5), 5: (1.0, 1.6666666666666667), 6: (2.0, 1.0), 3: (0.0, 2.0), 2: (1.0, 0.0), 9: (3.0, 0.0), 4: (1.0, 1.0)}
Repeat number : 17
Original weight : [5.15, 16.35, 17.25, 11.78, 8.97, 14.92, 23.54, 14.04, 5.27, 14.36]
Sequence : [0, 0, 0, 0, 0, 1, 2, 3, 4, 5]
Emergency : [0, 0, 0, 0, 0, 0, 0, 0, 0, 0]
Time taken to solve the MIP model : 0.0062 seconds
min_d : 0, max_d : 9
---------------------------------
solution for: IP model
objective: 0
status: OPTIMAL_SOLUTION(2)
x_0_0_0=1
x_1_5_0=1
x_2_5_1=1
x_3_1_0=1
x_4_3_0=1
x_5_0_1=1
x_6_0_2=1
x_7_1_1=1
x_8_2_0=1
x_9_1_2=1
d_0=0.500
d_1=5.667
d_2=3.000
d_3=3.000
d_4=2.000
d_5=2.000
d_6=5.000
d_8=3.000
d_9=1.000
d_x_1=4.000
d_x_2=3.000
d_x_3=1.000
d_x_4=2.000
d_x_5=1.000
d_x_6=3.000
d_x_8=2.000
d_y_0=0.500
d_y_1=1.667
d_y_3=2.000
d_y_5=1.000
d_y_6=2.000
d_y_8=1.000
d_y_9=1.000
normalized distance of container 0 : 0.05555555555555555
normalized distance of container 1 : 0.6296296296296297
normalized distance of container 2 : 0.3333333333333333
normalized distance of container 3 : 0.3333333333333333
normalized distance of container 4 : 0.2222222222222222
normalized distance of container 5 : 0.2222222222222222
normalized distance of container 6 : 0.5555555555555556
normalized distance of container 7 : 0.0
normalized distance of container 8 : 0.3333333333333333
normalized distance of container 9 : 0.1111111111111111
