Number of initial container : 10
Number of new container : 13
Total number of containers : 23
Level_num : 9
Container_level : [8, 7, 6, 8, 4, 1, 7, 3, 7, 8, 8, 2, 2, 9, 1, 8, 5, 7, 6, 4, 4, 8, 4]
ideal_configuration : 
 [[6. 7. 8. 0. 0. 0.]
 [4. 6. 8. 8. 0. 0.]
 [2. 4. 7. 8. 9. 0.]
 [1. 3. 4. 7. 8. 0.]
 [1. 2. 4. 5. 7. 8.]]
Centroid : {8: (3.1666666666666665, 2.1666666666666665), 7: (2.5, 1.75), 6: (0.5, 3.5), 4: (1.25, 1.5), 1: (0.0, 0.5), 3: (1.0, 1.0), 2: (0.5, 1.0), 9: (4.0, 2.0), 5: (3.0, 0.0)}
Repeat number : 3
Original weight : [21.87, 21.52, 18.94, 22.31, 14.04, 6.65, 21.15, 10.73, 21.04, 22.54, 21.85, 8.3, 8.97, 23.86, 5.88, 21.7, 15.91, 21.43, 19.36, 13.42, 13.56, 23.61, 13.04]
Group : [0, 0, 0, 0, 0, 0, 0, 0, 0, 0, 0, 0, 0, 0, 0, 0, 0, 0, 0, 0, 0, 0, 0]
Sequence : [0, 0, 0, 0, 0, 0, 0, 0, 0, 0, 1, 2, 3, 4, 5, 6, 7, 8, 9, 10, 11, 12, 13]
Scroe : [21.87, 21.52, 18.94, 22.31, 14.04, 6.65, 21.15, 10.73, 21.04, 22.54, 21.85, 8.3, 8.97, 23.86, 5.88, 21.7, 15.91, 21.43, 19.36, 13.42, 13.56, 23.61, 13.04]
Time taken to solve the MIP model : 0.0698 seconds
min_d : 0, max_d : 9
---------------------------------
solution for: IP model
objective: 5.01852
x_0_5_0=1
x_1_3_0=1
x_2_2_0=1
x_3_3_1=1
x_4_2_1=1
x_5_4_0=1
x_6_1_0=1
x_7_4_1=1
x_8_1_1=1
x_9_4_2=1
x_10_3_2=1
x_11_0_0=1
x_12_0_1=1
x_13_4_3=1
x_14_0_2=1
x_15_3_3=1
x_16_5_1=1
x_17_2_2=1
x_18_0_3=1
x_19_1_2=1
x_20_1_3=1
x_21_3_4=1
x_22_2_3=1
r_0_0=1
r_0_1=1
r_0_2=1
r_0_3=1
r_1_0=1
r_1_1=1
r_1_2=1
r_1_3=1
r_2_0=1
r_2_1=1
r_2_2=1
r_2_3=1
r_3_1=1
r_3_2=1
r_3_3=1
r_3_4=1
r_4_2=1
r_4_3=1
r_5_0=1
r_5_1=1
d_0=4.000
d_1=2.250
d_2=5.000
d_3=1.333
d_4=1.250
d_5=4.500
d_6=3.250
d_7=3.000
d_8=2.250
d_9=1.000
d_10=0.333
d_11=1.500
d_12=0.500
d_13=1.000
d_14=1.500
d_15=1.000
d_16=3.000
d_17=0.750
d_18=1.000
d_19=0.750
d_20=1.750
d_21=2.000
d_22=2.250
d_x_0=1.833
d_x_1=0.500
d_x_2=1.500
d_x_3=0.167
d_x_4=0.750
d_x_5=4.000
d_x_6=1.500
d_x_7=3.000
d_x_8=1.500
d_x_9=0.833
d_x_10=0.167
d_x_11=0.500
d_x_12=0.500
d_x_15=0.167
d_x_16=2.000
d_x_17=0.500
d_x_18=0.500
d_x_19=0.250
d_x_20=0.250
d_x_21=0.167
d_x_22=0.750
d_y_0=2.167
d_y_1=1.750
d_y_2=3.500
d_y_3=1.167
d_y_4=0.500
d_y_5=0.500
d_y_6=1.750
d_y_8=0.750
d_y_9=0.167
d_y_10=0.167
d_y_11=1.000
d_y_13=1.000
d_y_14=1.500
d_y_15=0.833
d_y_16=1.000
d_y_17=0.250
d_y_18=0.500
d_y_19=0.500
d_y_20=1.500
d_y_21=1.833
d_y_22=1.500
normalized distance of container 0 : 0.4444444444444444
normalized distance of container 1 : 0.25
normalized distance of container 2 : 0.5555555555555556
normalized distance of container 3 : 0.1481481481481481
normalized distance of container 4 : 0.1388888888888889
normalized distance of container 5 : 0.5
normalized distance of container 6 : 0.3611111111111111
normalized distance of container 7 : 0.3333333333333333
normalized distance of container 8 : 0.25
normalized distance of container 9 : 0.1111111111111111
normalized distance of container 10 : 0.03703703703703701
normalized distance of container 11 : 0.16666666666666588
normalized distance of container 12 : 0.05555555555555477
normalized distance of container 13 : 0.1111111111111111
normalized distance of container 14 : 0.16666666666666588
normalized distance of container 15 : 0.11111111111111077
normalized distance of container 16 : 0.3333333333333333
normalized distance of container 17 : 0.08333333333333254
normalized distance of container 18 : 0.11111111111111101
normalized distance of container 19 : 0.08333333333333254
normalized distance of container 20 : 0.19444444444444445
normalized distance of container 21 : 0.22222222222222188
normalized distance of container 22 : 0.24999999999999922
