Number of initial container : 10
Number of new container : 13
Total number of containers : 23
Level_num : 9
Container_level : [3, 2, 2, 3, 4, 3, 6, 1, 4, 3, 7, 6, 1, 1, 3, 2, 1, 8, 9, 6, 4, 3, 2]
ideal_configuration : 
 [[3. 4. 7. 0. 0. 0.]
 [2. 3. 4. 8. 0. 0.]
 [1. 2. 3. 6. 9. 0.]
 [1. 2. 3. 3. 6. 0.]
 [1. 1. 2. 3. 4. 6.]]
Centroid : {3: (1.8333333333333333, 1.8333333333333333), 2: (1.0, 1.5), 4: (2.3333333333333335, 2.3333333333333335), 6: (4.0, 1.0), 1: (0.25, 0.75), 7: (2.0, 4.0), 8: (3.0, 3.0), 9: (4.0, 2.0)}
Repeat number : 28
Original weight : [12.32, 9.05, 9.03, 11.14, 12.46, 11.5, 18.81, 6.85, 13.28, 10.81, 19.55, 17.52, 6.06, 7.03, 11.76, 9.68, 7.17, 21.57, 23.1, 17.0, 14.28, 10.7, 9.92]
Group : [0, 0, 0, 0, 0, 0, 0, 0, 0, 0, 0, 0, 0, 0, 0, 0, 0, 0, 0, 0, 0, 0, 0]
Sequence : [0, 0, 0, 0, 0, 0, 0, 0, 0, 0, 1, 2, 3, 4, 5, 6, 7, 8, 9, 10, 11, 12, 13]
Scroe : [12.32, 9.05, 9.03, 11.14, 12.46, 11.5, 18.81, 6.85, 13.28, 10.81, 19.55, 17.52, 6.06, 7.03, 11.76, 9.68, 7.17, 21.57, 23.1, 17.0, 14.28, 10.7, 9.92]
Time taken to solve the MIP model : 0.0681 seconds
min_d : 0, max_d : 9
---------------------------------
solution for: IP model
objective: 5.09259
x_0_1_0=1
x_1_5_0=1
x_2_0_0=1
x_3_1_1=1
x_4_2_0=1
x_5_3_0=1
x_6_5_1=1
x_7_5_2=1
x_8_1_2=1
x_9_2_1=1
x_10_1_3=1
x_11_3_1=1
x_12_0_1=1
x_13_0_2=1
x_14_3_2=1
x_15_1_4=1
x_16_0_3=1
x_17_3_3=1
x_18_4_0=1
x_19_4_1=1
x_20_4_2=1
x_21_2_2=1
x_22_2_3=1
r_0_0=1
r_0_1=1
r_0_2=1
r_0_3=1
r_1_0=1
r_1_1=1
r_1_2=1
r_1_3=1
r_1_4=1
r_2_0=1
r_2_1=1
r_2_2=1
r_2_3=1
r_2_4=-0
r_3_0=1
r_3_1=1
r_3_2=1
r_3_3=1
r_4_0=1
r_4_1=1
r_4_2=1
r_5_0=1
r_5_1=1
r_5_2=1
r_5_4=-0
d_0=2.667
d_1=5.500
d_2=2.500
d_3=1.667
d_4=2.667
d_5=3.000
d_6=1.000
d_7=6.000
d_8=1.667
d_9=1.000
d_10=2.000
d_11=1.000
d_12=0.500
d_13=1.500
d_14=1.333
d_15=2.500
d_16=2.500
d_18=2.000
d_20=2.000
d_21=0.333
d_22=2.500
d_x_0=0.833
d_x_1=4.000
d_x_2=1.000
d_x_3=0.833
d_x_4=0.333
d_x_5=1.167
d_x_6=1.000
d_x_7=4.750
d_x_8=1.333
d_x_9=0.167
d_x_10=1.000
d_x_11=1.000
d_x_12=0.250
d_x_13=0.250
d_x_14=1.167
d_x_16=0.250
d_x_20=1.667
d_x_21=0.167
d_x_22=1.000
d_y_0=1.833
d_y_1=1.500
d_y_2=1.500
d_y_3=0.833
d_y_4=2.333
d_y_5=1.833
d_y_7=1.250
d_y_8=0.333
d_y_9=0.833
d_y_10=1.000
d_y_12=0.250
d_y_13=1.250
d_y_14=0.167
d_y_15=2.500
d_y_16=2.250
d_y_18=2.000
d_y_20=0.333
d_y_21=0.167
d_y_22=1.500
normalized distance of container 0 : 0.2962962962962963
normalized distance of container 1 : 0.6111111111111112
normalized distance of container 2 : 0.2777777777777778
normalized distance of container 3 : 0.18518518518518517
normalized distance of container 4 : 0.29629629629629634
normalized distance of container 5 : 0.3333333333333333
normalized distance of container 6 : 0.1111111111111111
normalized distance of container 7 : 0.6666666666666666
normalized distance of container 8 : 0.18518518518518523
normalized distance of container 9 : 0.1111111111111111
normalized distance of container 10 : 0.2222222222222222
normalized distance of container 11 : 0.1111111111111111
normalized distance of container 12 : 0.05555555555555477
normalized distance of container 13 : 0.16666666666666508
normalized distance of container 14 : 0.14814814814814786
normalized distance of container 15 : 0.277777777777777
normalized distance of container 16 : 0.2777777777777762
normalized distance of container 17 : 0.0
normalized distance of container 18 : 0.2222222222222222
normalized distance of container 19 : 0.0
normalized distance of container 20 : 0.22222222222222177
normalized distance of container 21 : 0.037037037037036785
normalized distance of container 22 : 0.2777777777777778
