Number of initial container : 10
Number of new container : 13
Total number of containers : 23
Level_num : 9
Container_level : [1, 4, 6, 5, 6, 7, 4, 4, 5, 4, 1, 7, 4, 8, 2, 7, 1, 4, 8, 3, 1, 5, 9]
ideal_configuration : 
 [[4. 6. 8. 0. 0. 0.]
 [4. 4. 6. 8. 0. 0.]
 [1. 4. 5. 7. 9. 0.]
 [1. 2. 4. 5. 7. 0.]
 [1. 1. 3. 4. 5. 7.]]
Centroid : {1: (0.25, 0.75), 4: (1.1666666666666667, 2.1666666666666665), 6: (1.5, 3.5), 5: (3.0, 1.0), 7: (4.0, 1.0), 8: (2.5, 3.5), 2: (1.0, 1.0), 3: (2.0, 0.0), 9: (4.0, 2.0)}
Repeat number : 4
Original weight : [5.1, 11.63, 16.52, 14.57, 16.28, 20.14, 12.94, 12.3, 14.81, 13.23, 6.16, 18.63, 12.98, 21.77, 9.16, 18.3, 7.26, 13.02, 22.38, 11.22, 5.94, 14.17, 22.5]
Group : [0, 0, 0, 0, 0, 0, 0, 0, 0, 0, 0, 0, 0, 0, 0, 0, 0, 0, 0, 0, 0, 0, 0]
Sequence : [0, 0, 0, 0, 0, 0, 0, 0, 0, 0, 1, 2, 3, 4, 5, 6, 7, 8, 9, 10, 11, 12, 13]
Scroe : [5.1, 11.63, 16.52, 14.57, 16.28, 20.14, 12.94, 12.3, 14.81, 13.23, 6.16, 18.63, 12.98, 21.77, 9.16, 18.3, 7.26, 13.02, 22.38, 11.22, 5.94, 14.17, 22.5]
Time taken to solve the MIP model : 0.0866 seconds
min_d : 0, max_d : 9
---------------------------------
solution for: IP model
objective: 5.51852
x_0_3_0=1
x_1_2_0=1
x_2_1_0=1
x_3_3_1=1
x_4_0_0=1
x_5_0_1=1
x_6_2_1=1
x_7_4_0=1
x_8_1_1=1
x_9_2_2=1
x_10_0_2=1
x_11_4_1=1
x_12_2_3=1
x_13_2_4=1
x_14_1_2=1
x_15_3_2=1
x_16_0_3=1
x_17_1_3=1
x_18_3_3=1
x_19_5_0=1
x_20_0_4=1
x_21_5_1=1
x_22_4_2=1
r_0_0=1
r_0_1=1
r_0_2=1
r_0_3=1
r_0_4=1
r_1_0=1
r_1_1=1
r_1_2=1
r_1_3=1
r_2_2=1
r_2_3=1
r_2_4=1
r_3_1=1
r_3_2=1
r_3_3=1
r_4_2=1
d_0=3.500
d_1=3.000
d_2=4.000
d_4=5.000
d_5=4.000
d_6=2.000
d_7=5.000
d_8=2.000
d_9=1.000
d_10=1.500
d_12=1.667
d_13=1.000
d_14=1.000
d_15=2.000
d_16=2.500
d_17=1.000
d_18=1.000
d_19=3.000
d_20=3.500
d_21=2.000
d_x_0=2.750
d_x_1=0.833
d_x_2=0.500
d_x_4=1.500
d_x_5=4.000
d_x_6=0.833
d_x_7=2.833
d_x_8=2.000
d_x_9=0.833
d_x_10=0.250
d_x_12=0.833
d_x_13=0.500
d_x_15=1.000
d_x_16=0.250
d_x_17=0.167
d_x_18=0.500
d_x_19=3.000
d_x_20=0.250
d_x_21=2.000
d_y_0=0.750
d_y_1=2.167
d_y_2=3.500
d_y_4=3.500
d_y_6=1.167
d_y_7=2.167
d_y_9=0.167
d_y_10=1.250
d_y_12=0.833
d_y_13=0.500
d_y_14=1.000
d_y_15=1.000
d_y_16=2.250
d_y_17=0.833
d_y_18=0.500
d_y_20=3.250
normalized distance of container 0 : 0.3888888888888889
normalized distance of container 1 : 0.3333333333333333
normalized distance of container 2 : 0.4444444444444444
normalized distance of container 3 : 0.0
normalized distance of container 4 : 0.5555555555555556
normalized distance of container 5 : 0.4444444444444444
normalized distance of container 6 : 0.2222222222222222
normalized distance of container 7 : 0.5555555555555556
normalized distance of container 8 : 0.2222222222222222
normalized distance of container 9 : 0.11111111111111109
normalized distance of container 10 : 0.16666666666666646
normalized distance of container 11 : 0.0
normalized distance of container 12 : 0.1851851851851815
normalized distance of container 13 : 0.11111111111111062
normalized distance of container 14 : 0.1111111111111111
normalized distance of container 15 : 0.2222222222222222
normalized distance of container 16 : 0.277777777777777
normalized distance of container 17 : 0.11111111111111079
normalized distance of container 18 : 0.11111111111111062
normalized distance of container 19 : 0.3333333333333333
normalized distance of container 20 : 0.3888888888888881
normalized distance of container 21 : 0.2222222222222222
normalized distance of container 22 : 0.0
