Number of initial container : 10
Number of new container : 13
Total number of containers : 23
Level_num : 9
Container_level : [7, 4, 3, 7, 4, 7, 7, 6, 3, 7, 3, 3, 2, 2, 8, 1, 7, 3, 4, 9, 1, 5, 3]
ideal_configuration : 
 [[4. 7. 7. 0. 0. 0.]
 [3. 4. 7. 8. 0. 0.]
 [2. 3. 4. 7. 9. 0.]
 [1. 3. 3. 5. 7. 0.]
 [1. 2. 3. 3. 6. 7.]]
Centroid : {7: (2.8333333333333335, 2.3333333333333335), 4: (1.0, 3.0), 3: (1.5, 1.1666666666666667), 6: (4.0, 0.0), 2: (0.5, 1.0), 8: (3.0, 3.0), 1: (0.0, 0.5), 9: (4.0, 2.0), 5: (3.0, 1.0)}
Repeat number : 21
Original weight : [20.93, 13.57, 11.64, 19.34, 13.85, 20.85, 20.25, 17.83, 10.16, 19.78, 10.23, 11.7, 8.15, 8.18, 22.61, 6.98, 21.04, 11.55, 13.92, 23.67, 5.01, 15.75, 9.84]
Group : [0, 0, 0, 0, 0, 0, 0, 0, 0, 0, 0, 0, 0, 0, 0, 0, 0, 0, 0, 0, 0, 0, 0]
Sequence : [0, 0, 0, 0, 0, 0, 0, 0, 0, 0, 1, 2, 3, 4, 5, 6, 7, 8, 9, 10, 11, 12, 13]
Scroe : [20.93, 13.57, 11.64, 19.34, 13.85, 20.85, 20.25, 17.83, 10.16, 19.78, 10.23, 11.7, 8.15, 8.18, 22.61, 6.98, 21.04, 11.55, 13.92, 23.67, 5.01, 15.75, 9.84]
Time taken to solve the MIP model : 0.0847 seconds
min_d : 0, max_d : 9
---------------------------------
solution for: IP model
objective: 6.40741
x_0_2_0=1
x_1_5_0=1
x_2_1_0=1
x_3_5_1=1
x_4_5_2=1
x_5_5_3=1
x_6_0_0=1
x_7_5_4=1
x_8_4_0=1
x_9_0_1=1
x_10_2_1=1
x_11_2_2=1
x_12_1_1=1
x_13_1_2=1
x_14_2_3=1
x_15_0_2=1
x_16_4_1=1
x_17_3_0=1
x_18_1_3=1
x_19_4_2=1
x_20_0_3=1
x_21_3_1=1
x_22_3_2=1
r_0_0=1
r_0_1=1
r_0_2=1
r_0_3=1
r_0_4=-0
r_1_0=1
r_1_1=1
r_1_2=1
r_1_3=1
r_2_0=1
r_2_1=1
r_2_2=1
r_2_3=1
r_3_0=1
r_3_1=1
r_3_2=1
r_5_1=1
r_5_2=1
r_5_3=1
r_5_4=1
d_0=3.167
d_1=7.000
d_2=1.667
d_3=3.500
d_4=5.000
d_5=2.833
d_6=5.167
d_7=5.000
d_8=3.667
d_9=4.167
d_10=0.667
d_11=1.333
d_12=0.500
d_13=1.500
d_14=1.000
d_15=1.500
d_16=2.500
d_17=2.667
d_20=2.500
d_22=2.333
d_x_0=0.833
d_x_1=4.000
d_x_2=0.500
d_x_3=2.167
d_x_4=4.000
d_x_5=2.167
d_x_6=2.833
d_x_7=1.000
d_x_8=2.500
d_x_9=2.833
d_x_10=0.500
d_x_11=0.500
d_x_12=0.500
d_x_13=0.500
d_x_14=1.000
d_x_16=1.167
d_x_17=1.500
d_x_22=1.500
d_y_0=2.333
d_y_1=3.000
d_y_2=1.167
d_y_3=1.333
d_y_4=1.000
d_y_5=0.667
d_y_6=2.333
d_y_7=4.000
d_y_8=1.167
d_y_9=1.333
d_y_10=0.167
d_y_11=0.833
d_y_13=1.000
d_y_15=1.500
d_y_16=1.333
d_y_17=1.167
d_y_20=2.500
d_y_22=0.833
normalized distance of container 0 : 0.35185185185185186
normalized distance of container 1 : 0.7777777777777778
normalized distance of container 2 : 0.1851851851851852
normalized distance of container 3 : 0.3888888888888889
normalized distance of container 4 : 0.5555555555555556
normalized distance of container 5 : 0.31481481481481477
normalized distance of container 6 : 0.5740740740740741
normalized distance of container 7 : 0.5555555555555556
normalized distance of container 8 : 0.40740740740740744
normalized distance of container 9 : 0.462962962962963
normalized distance of container 10 : 0.07407407407407399
normalized distance of container 11 : 0.1481481481481478
normalized distance of container 12 : 0.05555555555555555
normalized distance of container 13 : 0.16666666666666666
normalized distance of container 14 : 0.1111111111111111
normalized distance of container 15 : 0.16666666666666588
normalized distance of container 16 : 0.27777777777777773
normalized distance of container 17 : 0.29629629629629634
normalized distance of container 18 : 0.0
normalized distance of container 19 : 0.0
normalized distance of container 20 : 0.277777777777777
normalized distance of container 21 : 0.0
normalized distance of container 22 : 0.25925925925925924
