Number of initial container : 10
Number of new container : 13
Total number of containers : 23
Level_num : 9
Container_level : [1, 7, 7, 4, 4, 1, 6, 4, 6, 5, 2, 6, 8, 3, 8, 1, 5, 9, 5, 8, 6, 5, 6]
ideal_configuration : 
 [[5. 6. 8. 0. 0. 0.]
 [4. 5. 6. 8. 0. 0.]
 [2. 4. 6. 7. 9. 0.]
 [1. 3. 5. 6. 7. 0.]
 [1. 1. 4. 5. 6. 8.]]
Centroid : {1: (0.3333333333333333, 0.3333333333333333), 7: (3.5, 1.5), 4: (1.0, 1.6666666666666667), 6: (2.4, 2.0), 5: (1.5, 2.0), 2: (0.0, 2.0), 8: (3.3333333333333335, 2.3333333333333335), 3: (1.0, 1.0), 9: (4.0, 2.0)}
Repeat number : 15
Original weight : [5.55, 20.63, 19.87, 12.92, 13.94, 5.73, 18.16, 14.41, 17.6, 16.5, 7.87, 17.18, 21.49, 11.75, 22.25, 5.38, 15.08, 23.52, 14.94, 23.42, 18.32, 15.88, 17.9]
Group : [0, 0, 0, 0, 0, 0, 0, 0, 0, 0, 0, 0, 0, 0, 0, 0, 0, 0, 0, 0, 0, 0, 0]
Sequence : [0, 0, 0, 0, 0, 0, 0, 0, 0, 0, 1, 2, 3, 4, 5, 6, 7, 8, 9, 10, 11, 12, 13]
Scroe : [5.55, 20.63, 19.87, 12.92, 13.94, 5.73, 18.16, 14.41, 17.6, 16.5, 7.87, 17.18, 21.49, 11.75, 22.25, 5.38, 15.08, 23.52, 14.94, 23.42, 18.32, 15.88, 17.9]
Time taken to solve the MIP model : 0.0887 seconds
min_d : 0, max_d : 9
---------------------------------
solution for: IP model
objective: 5.37778
x_0_3_0=1
x_1_3_1=1
x_2_3_2=1
x_3_2_0=1
x_4_2_1=1
x_5_3_3=1
x_6_3_4=1
x_7_5_0=1
x_8_0_0=1
x_9_2_2=1
x_10_0_1=1
x_11_4_0=1
x_12_4_1=1
x_13_1_0=1
x_14_5_1=1
x_15_1_1=1
x_16_1_2=1
x_17_4_2=1
x_18_0_2=1
x_19_4_3=1
x_20_2_3=1
x_21_1_3=1
x_22_2_4=1
r_0_0=1
r_0_1=1
r_0_2=1
r_1_0=1
r_1_1=1
r_1_2=1
r_1_3=1
r_2_3=1
r_2_4=1
r_3_1=1
r_3_2=1
r_3_3=1
r_3_4=1
r_4_0=1
r_4_1=1
r_4_2=1
r_4_3=1
d_0=3.000
d_1=1.000
d_2=1.000
d_3=2.667
d_4=1.667
d_5=5.333
d_6=2.600
d_7=5.667
d_8=4.400
d_9=0.500
d_10=1.000
d_11=3.600
d_12=2.000
d_13=1.000
d_14=3.000
d_15=1.333
d_16=0.500
d_18=1.500
d_19=1.333
d_20=1.400
d_21=1.500
d_22=2.400
d_x_0=2.667
d_x_1=0.500
d_x_2=0.500
d_x_3=1.000
d_x_4=1.000
d_x_5=2.667
d_x_6=0.600
d_x_7=4.000
d_x_8=2.400
d_x_9=0.500
d_x_11=1.600
d_x_12=0.667
d_x_14=1.667
d_x_15=0.667
d_x_16=0.500
d_x_18=1.500
d_x_19=0.667
d_x_20=0.400
d_x_21=0.500
d_x_22=0.400
d_y_0=0.333
d_y_1=0.500
d_y_2=0.500
d_y_3=1.667
d_y_4=0.667
d_y_5=2.667
d_y_6=2.000
d_y_7=1.667
d_y_8=2.000
d_y_10=1.000
d_y_11=2.000
d_y_12=1.333
d_y_13=1.000
d_y_14=1.333
d_y_15=0.667
d_y_19=0.667
d_y_20=1.000
d_y_21=1.000
d_y_22=2.000
normalized distance of container 0 : 0.3333333333333333
normalized distance of container 1 : 0.1111111111111111
normalized distance of container 2 : 0.1111111111111111
normalized distance of container 3 : 0.29629629629629634
normalized distance of container 4 : 0.1851851851851852
normalized distance of container 5 : 0.5925925925925926
normalized distance of container 6 : 0.2888888888888889
normalized distance of container 7 : 0.6296296296296297
normalized distance of container 8 : 0.48888888888888893
normalized distance of container 9 : 0.05555555555555555
normalized distance of container 10 : 0.1111111111111111
normalized distance of container 11 : 0.39999999999999974
normalized distance of container 12 : 0.222222222222222
normalized distance of container 13 : 0.1111111111111111
normalized distance of container 14 : 0.33333333333333326
normalized distance of container 15 : 0.14814814814814817
normalized distance of container 16 : 0.05555555555555555
normalized distance of container 17 : 0.0
normalized distance of container 18 : 0.16666666666666666
normalized distance of container 19 : 0.14814814814814764
normalized distance of container 20 : 0.1555555555555554
normalized distance of container 21 : 0.16666666666666666
normalized distance of container 22 : 0.26666666666666666
