Number of initial container : 0
Number of new container : 7
Total number of containers : 7
Level_num : 9
Container_level : [5, 9, 4, 4, 1, 7, 3]
ideal_configuration : 
 [[0. 0. 0. 0. 0. 0.]
 [9. 0. 0. 0. 0. 0.]
 [4. 0. 0. 0. 0. 0.]
 [3. 5. 0. 0. 0. 0.]
 [1. 4. 7. 0. 0. 0.]]
Centroid : {5: (1.0, 1.0), 9: (0.0, 3.0), 4: (0.5, 1.0), 1: (0.0, 0.0), 7: (2.0, 0.0), 3: (0.0, 1.0)}
Repeat number : 10
Original weight : [15.12, 21.31, 13.93, 12.52, 6.6, 18.88, 11.72]
Sequence : [1, 2, 3, 4, 5, 6, 7]
Emergency : [0, 0, 0, 0, 0, 0, 0]
Time taken to solve the MIP model : 0.0198 seconds
min_d : 0, max_d : 9
---------------------------------
solution for: IP model
objective: 0.888889
status: OPTIMAL_SOLUTION(2)
x_0_1_0=1
x_1_0_0=1
x_2_1_1=1
x_3_1_2=1
x_4_0_1=1
x_5_2_0=1
x_6_0_2=1
r_0_0=1
r_0_1=1
r_0_2=1
r_1_0=1
r_1_1=1
r_1_2=1
d_0=1.000
d_1=3.000
d_2=0.500
d_3=1.500
d_4=1.000
d_6=1.000
d_x_2=0.500
d_x_3=0.500
d_y_0=1.000
d_y_1=3.000
d_y_3=1.000
d_y_4=1.000
d_y_6=1.000
normalized distance of container 0 : 0.1111111111111111
normalized distance of container 1 : 0.3333333333333333
normalized distance of container 2 : 0.05555555555555477
normalized distance of container 3 : 0.16666666666666508
normalized distance of container 4 : 0.1111111111111111
normalized distance of container 5 : 0.0
normalized distance of container 6 : 0.1111111111111111
