Number of initial container : 10
Number of new container : 15
Total number of containers : 25
Level_num : 9
Container_level : [1, 6, 3, 6, 6, 1, 3, 6, 6, 6, 8, 1, 1, 6, 8, 6, 3, 1, 9, 6, 8, 8, 1, 3, 1]
ideal_configuration : 
 [[3. 6. 8. 9. 0. 0.]
 [1. 6. 6. 8. 0. 0.]
 [1. 3. 6. 6. 8. 0.]
 [1. 1. 3. 6. 6. 8.]
 [1. 1. 1. 3. 6. 6.]]
Centroid : {1: (0.5714285714285714, 1.0), 6: (2.7777777777777777, 1.7777777777777777), 3: (1.5, 1.75), 8: (3.5, 2.5), 9: (3.0, 4.0)}
Repeat number : 5
Original weight : [19.42, 19.53, 20.06, 12.43, 20.85, 19.28, 11.64, 12.47, 14.11, 20.93, 15.68, 20.92, 13.73, 10.22, 8.22, 23.15, 22.71, 10.66, 18.52, 13.13, 14.65, 14.27, 5.35, 15.23, 13.25]
Group : [0, 2, 1, 2, 2, 0, 1, 2, 2, 2, 3, 0, 0, 2, 3, 2, 1, 0, 3, 2, 3, 3, 0, 1, 0]
Sequence : [0, 0, 0, 0, 0, 0, 0, 0, 0, 0, 1, 2, 3, 4, 5, 6, 7, 8, 9, 10, 11, 12, 13, 14, 15]
Scroe : [19.42, 219.53, 120.06, 212.43, 220.85, 19.28, 111.64, 212.47, 214.11, 220.93, 315.68, 20.92, 13.73, 210.22, 308.22, 223.15, 122.71000000000001, 10.66, 318.52, 213.13, 314.65, 314.27, 5.35, 115.23, 13.25]
Time taken to solve the MIP model : 0.1945 seconds
min_d : 0, max_d : 9
---------------------------------
solution for: IP model
objective: 12
x_0_2_0=1
x_1_0_0=1
x_2_1_0=1
x_3_4_0=1
x_4_0_1=1
x_5_5_0=1
x_6_5_1=1
x_7_2_1=1
x_8_0_2=1
x_9_0_3=1
x_10_0_4=1
x_11_3_0=1
x_12_3_1=1
x_13_5_2=1
x_14_2_2=1
x_15_4_1=1
x_16_1_1=1
x_17_3_2=1
x_18_4_2=1
x_19_1_2=1
x_20_2_3=1
x_21_1_3=1
x_22_3_3=1
x_23_5_3=1
x_24_3_4=1
r_0_0=1
r_0_1=1
r_0_2=1
r_0_3=1
r_0_4=1
r_3_0=1
r_3_1=1
r_3_2=1
r_3_3=1
r_3_4=1
r_5_2=1
r_5_3=1
d_0=3.000
d_1=5.000
d_2=3.000
d_3=4.000
d_4=4.000
d_5=6.000
d_6=5.000
d_7=2.000
d_8=4.000
d_9=5.000
d_10=6.000
d_11=4.000
d_12=3.000
d_13=4.000
d_14=3.000
d_15=3.000
d_16=2.000
d_17=4.000
d_18=3.000
d_19=3.000
d_20=3.000
d_21=4.000
d_22=5.000
d_23=6.000
d_24=6.000
d_x_0=2.000
d_x_1=3.000
d_x_2=1.000
d_x_3=2.000
d_x_4=3.000
d_x_5=5.000
d_x_6=4.000
d_x_7=1.000
d_x_8=3.000
d_x_9=3.000
d_x_10=4.000
d_x_11=3.000
d_x_12=3.000
d_x_13=3.000
d_x_14=2.000
d_x_15=2.000
d_x_16=1.000
d_x_17=3.000
d_x_18=1.000
d_x_19=2.000
d_x_20=2.000
d_x_21=3.000
d_x_22=3.000
d_x_23=4.000
d_x_24=3.000
d_y_0=1.000
d_y_1=2.000
d_y_2=2.000
d_y_3=2.000
d_y_4=1.000
d_y_5=1.000
d_y_6=1.000
d_y_7=1.000
d_y_8=1.000
d_y_9=2.000
d_y_10=2.000
d_y_11=1.000
d_y_13=1.000
d_y_14=1.000
d_y_15=1.000
d_y_16=1.000
d_y_17=1.000
d_y_18=2.000
d_y_19=1.000
d_y_20=1.000
d_y_21=1.000
d_y_22=2.000
d_y_23=2.000
d_y_24=3.000
normalized distance of container 0 : 0.3333333333333333
normalized distance of container 1 : 0.5555555555555556
normalized distance of container 2 : 0.3333333333333333
normalized distance of container 3 : 0.4444444444444444
normalized distance of container 4 : 0.4444444444444444
normalized distance of container 5 : 0.6666666666666666
normalized distance of container 6 : 0.5555555555555556
normalized distance of container 7 : 0.2222222222222222
normalized distance of container 8 : 0.4444444444444444
normalized distance of container 9 : 0.5555555555555556
normalized distance of container 10 : 0.6666666666666666
normalized distance of container 11 : 0.4444444444444444
normalized distance of container 12 : 0.3333333333333333
normalized distance of container 13 : 0.4444444444444444
normalized distance of container 14 : 0.3333333333333333
normalized distance of container 15 : 0.3333333333333333
normalized distance of container 16 : 0.2222222222222222
normalized distance of container 17 : 0.4444444444444444
normalized distance of container 18 : 0.3333333333333333
normalized distance of container 19 : 0.3333333333333333
normalized distance of container 20 : 0.3333333333333333
normalized distance of container 21 : 0.4444444444444444
normalized distance of container 22 : 0.5555555555555556
normalized distance of container 23 : 0.6666666666666666
normalized distance of container 24 : 0.6666666666666666
