Number of initial container : 10
Number of new container : 15
Total number of containers : 25
Level_num : 9
Container_level : [1, 1, 1, 8, 6, 8, 1, 1, 8, 1, 3, 3, 6, 1, 8, 9, 3, 1, 1, 3, 6, 8, 8, 3, 6]
ideal_configuration : 
 [[3. 6. 8. 9. 0. 0.]
 [1. 3. 6. 8. 0. 0.]
 [1. 1. 3. 6. 8. 0.]
 [1. 1. 1. 3. 8. 8.]
 [1. 1. 1. 3. 6. 8.]]
Centroid : {1: (0.7777777777777778, 1.1111111111111112), 8: (3.8333333333333335, 1.8333333333333333), 6: (2.5, 2.25), 3: (1.8, 2.0), 9: (3.0, 4.0)}
Repeat number : 23
Original weight : [5.41, 23.69, 16.87, 12.24, 7.26, 5.18, 20.94, 17.66, 6.49, 10.25, 12.8, 22.67, 17.66, 6.06, 7.22, 22.68, 7.48, 5.56, 12.59, 17.27, 11.72, 16.19, 20.24, 7.6, 9.01]
Group : [0, 0, 0, 3, 2, 3, 0, 0, 3, 0, 1, 1, 2, 0, 3, 3, 1, 0, 0, 1, 2, 3, 3, 1, 2]
Sequence : [0, 0, 0, 0, 0, 0, 0, 0, 0, 0, 1, 2, 3, 4, 5, 6, 7, 8, 9, 10, 11, 12, 13, 14, 15]
Scroe : [5.41, 23.69, 16.87, 312.24, 207.26, 305.18, 20.94, 17.66, 306.49, 10.25, 112.8, 122.67, 217.66, 6.06, 307.22, 322.68, 107.48, 5.56, 12.59, 117.27, 211.72, 316.19, 320.24, 107.6, 209.01]
Time taken to solve the MIP model : 0.2042 seconds
min_d : 0, max_d : 9
---------------------------------
solution for: IP model
objective: 8
x_0_4_0=1
x_1_2_0=1
x_2_0_0=1
x_3_0_1=1
x_4_5_0=1
x_5_5_1=1
x_6_3_0=1
x_7_2_1=1
x_8_2_2=1
x_9_1_0=1
x_10_1_1=1
x_11_1_2=1
x_12_2_3=1
x_13_4_1=1
x_14_5_2=1
x_15_0_2=1
x_16_3_1=1
x_17_4_2=1
x_18_4_3=1
x_19_3_2=1
x_20_1_3=1
x_21_5_3=1
x_22_5_4=1
x_23_4_4=1
x_24_3_3=1
r_2_0=1
r_2_1=1
r_2_2=1
r_2_3=1
r_4_1=1
r_4_2=1
r_4_3=1
r_4_4=1
d_0=6.000
d_1=4.000
d_2=3.000
d_3=5.000
d_4=6.000
d_5=3.000
d_6=5.000
d_7=3.000
d_8=3.000
d_9=3.000
d_10=2.000
d_11=1.000
d_12=2.000
d_13=5.000
d_14=3.000
d_15=5.000
d_16=3.000
d_17=5.000
d_18=6.000
d_19=2.000
d_20=3.000
d_21=4.000
d_22=5.000
d_23=5.000
d_24=2.000
d_x_0=4.000
d_x_1=2.000
d_x_2=1.000
d_x_3=4.000
d_x_4=3.000
d_x_5=2.000
d_x_6=3.000
d_x_7=2.000
d_x_8=2.000
d_x_9=1.000
d_x_10=1.000
d_x_11=1.000
d_x_12=1.000
d_x_13=4.000
d_x_14=2.000
d_x_15=3.000
d_x_16=2.000
d_x_17=4.000
d_x_18=4.000
d_x_19=2.000
d_x_20=2.000
d_x_21=2.000
d_x_22=2.000
d_x_23=3.000
d_x_24=1.000
d_y_0=2.000
d_y_1=2.000
d_y_2=2.000
d_y_3=1.000
d_y_4=3.000
d_y_5=1.000
d_y_6=2.000
d_y_7=1.000
d_y_8=1.000
d_y_9=2.000
d_y_10=1.000
d_y_12=1.000
d_y_13=1.000
d_y_14=1.000
d_y_15=2.000
d_y_16=1.000
d_y_17=1.000
d_y_18=2.000
d_y_20=1.000
d_y_21=2.000
d_y_22=3.000
d_y_23=2.000
d_y_24=1.000
normalized distance of container 0 : 0.6666666666666666
normalized distance of container 1 : 0.4444444444444444
normalized distance of container 2 : 0.3333333333333333
normalized distance of container 3 : 0.5555555555555556
normalized distance of container 4 : 0.6666666666666666
normalized distance of container 5 : 0.3333333333333333
normalized distance of container 6 : 0.5555555555555556
normalized distance of container 7 : 0.3333333333333333
normalized distance of container 8 : 0.3333333333333333
normalized distance of container 9 : 0.3333333333333333
normalized distance of container 10 : 0.2222222222222222
normalized distance of container 11 : 0.1111111111111111
normalized distance of container 12 : 0.2222222222222222
normalized distance of container 13 : 0.5555555555555556
normalized distance of container 14 : 0.3333333333333333
normalized distance of container 15 : 0.5555555555555556
normalized distance of container 16 : 0.3333333333333333
normalized distance of container 17 : 0.5555555555555556
normalized distance of container 18 : 0.6666666666666666
normalized distance of container 19 : 0.2222222222222222
normalized distance of container 20 : 0.3333333333333333
normalized distance of container 21 : 0.4444444444444444
normalized distance of container 22 : 0.5555555555555556
normalized distance of container 23 : 0.5555555555555556
normalized distance of container 24 : 0.2222222222222222
