Number of initial container : 10
Number of new container : 10
Total number of containers : 20
Level_num : 9
Container_level : [6, 1, 3, 3, 9, 8, 8, 8, 8, 6, 6, 8, 3, 3, 1, 3, 6, 8, 1, 1]
ideal_configuration : 
 [[6. 8. 0. 0. 0. 0.]
 [3. 6. 8. 0. 0. 0.]
 [1. 3. 6. 8. 0. 0.]
 [1. 3. 3. 8. 8. 0.]
 [1. 1. 3. 6. 8. 9.]]
Centroid : {6: (1.5, 2.25), 1: (0.25, 0.75), 3: (1.2, 1.4), 9: (5.0, 0.0), 8: (2.8333333333333335, 1.8333333333333333)}
Repeat number : 9
Original weight : [13.6, 8.26, 15.9, 14.38, 18.33, 16.21, 14.74, 10.99, 15.5, 6.11, 21.6, 8.62, 21.75, 7.24, 19.13, 19.8, 6.26, 14.41, 21.46, 17.9]
Group : [2, 0, 1, 1, 3, 3, 3, 3, 3, 2, 2, 3, 1, 1, 0, 1, 2, 3, 0, 0]
Sequence : [0, 0, 0, 0, 0, 0, 0, 0, 0, 0, 1, 2, 3, 4, 5, 6, 7, 8, 9, 10]
Scroe : [213.6, 8.26, 115.9, 114.38, 318.33, 316.21, 314.74, 310.99, 315.5, 206.11, 221.6, 308.62, 121.75, 107.24, 19.13, 119.8, 206.26, 314.41, 21.46, 17.9]
Time taken to solve the MIP model : 0.0220 seconds
min_d : 0, max_d : 9
---------------------------------
solution for: IP model
objective: 15
x_0_2_0=1
x_1_3_0=1
x_2_1_0=1
x_3_1_1=1
x_4_3_1=1
x_5_5_0=1
x_6_1_2=1
x_7_5_1=1
x_8_3_2=1
x_9_4_0=1
x_10_4_1=1
x_11_4_2=1
x_12_2_1=1
x_13_0_0=1
x_14_0_1=1
x_15_2_2=1
x_16_2_3=1
x_17_4_3=1
x_18_0_2=1
x_19_0_3=1
r_0_0=1
r_0_1=1
r_0_2=1
r_0_3=1
r_1_0=1
r_1_1=1
r_1_2=1
r_2_0=1
r_2_1=1
r_2_2=1
r_2_3=1
r_3_1=1
r_3_2=1
r_5_0=1
r_5_1=1
r_5_2=-0
r_5_3=-0
r_5_4=-0
d_0=4.000
d_1=4.000
d_2=3.000
d_3=2.000
d_4=3.000
d_5=5.000
d_6=3.000
d_7=4.000
d_8=2.000
d_9=6.000
d_10=5.000
d_11=3.000
d_12=2.000
d_13=4.000
d_14=2.000
d_15=2.000
d_16=2.000
d_17=4.000
d_18=3.000
d_19=4.000
d_x_0=1.000
d_x_1=3.000
d_x_2=1.000
d_x_3=1.000
d_x_4=2.000
d_x_5=3.000
d_x_6=2.000
d_x_7=3.000
d_x_8=1.000
d_x_9=3.000
d_x_10=3.000
d_x_11=2.000
d_x_12=1.000
d_x_13=2.000
d_x_14=1.000
d_x_15=1.000
d_x_16=1.000
d_x_17=2.000
d_x_18=1.000
d_x_19=1.000
d_y_0=3.000
d_y_1=1.000
d_y_2=2.000
d_y_3=1.000
d_y_4=1.000
d_y_5=2.000
d_y_6=1.000
d_y_7=1.000
d_y_8=1.000
d_y_9=3.000
d_y_10=2.000
d_y_11=1.000
d_y_12=1.000
d_y_13=2.000
d_y_14=1.000
d_y_15=1.000
d_y_16=1.000
d_y_17=2.000
d_y_18=2.000
d_y_19=3.000
normalized distance of container 0 : 0.4444444444444444
normalized distance of container 1 : 0.4444444444444444
normalized distance of container 2 : 0.3333333333333333
normalized distance of container 3 : 0.2222222222222222
normalized distance of container 4 : 0.3333333333333333
normalized distance of container 5 : 0.5555555555555556
normalized distance of container 6 : 0.3333333333333333
normalized distance of container 7 : 0.4444444444444444
normalized distance of container 8 : 0.2222222222222222
normalized distance of container 9 : 0.6666666666666666
normalized distance of container 10 : 0.5555555555555556
normalized distance of container 11 : 0.3333333333333333
normalized distance of container 12 : 0.2222222222222222
normalized distance of container 13 : 0.4444444444444444
normalized distance of container 14 : 0.2222222222222222
normalized distance of container 15 : 0.2222222222222222
normalized distance of container 16 : 0.2222222222222222
normalized distance of container 17 : 0.4444444444444444
normalized distance of container 18 : 0.3333333333333333
normalized distance of container 19 : 0.4444444444444444
