Number of initial container : 10
Number of new container : 10
Total number of containers : 20
Level_num : 9
Container_level : [8, 3, 1, 1, 3, 1, 9, 1, 3, 1, 3, 8, 6, 3, 8, 3, 6, 6, 8, 3]
ideal_configuration : 
 [[3. 8. 0. 0. 0. 0.]
 [3. 3. 8. 0. 0. 0.]
 [1. 3. 6. 8. 0. 0.]
 [1. 1. 3. 6. 8. 0.]
 [1. 1. 3. 3. 6. 9.]]
Centroid : {8: (2.5, 2.5), 3: (1.2857142857142858, 1.8571428571428572), 1: (0.4, 0.8), 9: (5.0, 0.0), 6: (3.0, 1.0)}
Repeat number : 12
Original weight : [17.55, 10.22, 19.07, 8.04, 14.53, 12.12, 23.2, 8.54, 18.44, 15.27, 21.03, 9.33, 13.7, 20.52, 8.25, 23.76, 20.69, 19.02, 7.46, 23.17]
Group : [3, 1, 0, 0, 1, 0, 3, 0, 1, 0, 1, 3, 2, 1, 3, 1, 2, 2, 3, 1]
Sequence : [0, 0, 0, 0, 0, 0, 0, 0, 0, 0, 1, 2, 3, 4, 5, 6, 7, 8, 9, 10]
Scroe : [317.55, 110.22, 19.07, 8.04, 114.53, 12.12, 323.2, 8.54, 118.44, 15.27, 121.03, 309.33, 213.7, 120.52, 308.25, 123.76, 220.69, 219.02, 307.46, 123.17]
Time taken to solve the MIP model : 0.1491 seconds
min_d : 0, max_d : 9
---------------------------------
solution for: IP model
objective: 8
x_0_3_0=1
x_1_4_0=1
x_2_1_0=1
x_3_0_0=1
x_4_4_1=1
x_5_1_1=1
x_6_3_1=1
x_7_5_0=1
x_8_1_2=1
x_9_4_2=1
x_10_5_1=1
x_11_4_3=1
x_12_2_0=1
x_13_0_1=1
x_14_1_3=1
x_15_0_2=1
x_16_2_1=1
x_17_0_3=1
x_18_0_4=1
x_19_5_2=1
r_1_0=1
r_1_1=1
r_1_2=1
r_1_3=1
r_4_0=1
r_4_1=1
r_4_2=1
r_4_3=1
d_0=4.000
d_1=5.000
d_2=2.000
d_3=2.000
d_4=4.000
d_5=2.000
d_6=3.000
d_7=6.000
d_8=2.000
d_9=6.000
d_10=5.000
d_11=3.000
d_12=2.000
d_13=3.000
d_14=3.000
d_15=3.000
d_16=1.000
d_17=5.000
d_18=5.000
d_19=5.000
d_x_0=1.000
d_x_1=3.000
d_x_2=1.000
d_x_3=1.000
d_x_4=3.000
d_x_5=1.000
d_x_6=2.000
d_x_7=5.000
d_x_8=1.000
d_x_9=4.000
d_x_10=4.000
d_x_11=2.000
d_x_12=1.000
d_x_13=2.000
d_x_14=2.000
d_x_15=2.000
d_x_16=1.000
d_x_17=3.000
d_x_18=3.000
d_x_19=4.000
d_y_0=3.000
d_y_1=2.000
d_y_2=1.000
d_y_3=1.000
d_y_4=1.000
d_y_5=1.000
d_y_6=1.000
d_y_7=1.000
d_y_8=1.000
d_y_9=2.000
d_y_10=1.000
d_y_11=1.000
d_y_12=1.000
d_y_13=1.000
d_y_14=1.000
d_y_15=1.000
d_y_17=2.000
d_y_18=2.000
d_y_19=1.000
normalized distance of container 0 : 0.4444444444444444
normalized distance of container 1 : 0.5555555555555556
normalized distance of container 2 : 0.2222222222222222
normalized distance of container 3 : 0.2222222222222222
normalized distance of container 4 : 0.4444444444444444
normalized distance of container 5 : 0.2222222222222222
normalized distance of container 6 : 0.3333333333333333
normalized distance of container 7 : 0.6666666666666666
normalized distance of container 8 : 0.2222222222222222
normalized distance of container 9 : 0.6666666666666666
normalized distance of container 10 : 0.5555555555555556
normalized distance of container 11 : 0.3333333333333333
normalized distance of container 12 : 0.2222222222222222
normalized distance of container 13 : 0.3333333333333333
normalized distance of container 14 : 0.3333333333333333
normalized distance of container 15 : 0.3333333333333333
normalized distance of container 16 : 0.1111111111111111
normalized distance of container 17 : 0.5555555555555556
normalized distance of container 18 : 0.5555555555555556
normalized distance of container 19 : 0.5555555555555556
