Number of initial container : 0
Number of new container : 15
Total number of containers : 15
Level_num : 9
Container_level : [8, 3, 3, 1, 1, 1, 9, 1, 8, 8, 1, 6, 8, 1, 3]
ideal_configuration : 
 [[8. 0. 0. 0. 0. 0.]
 [3. 8. 0. 0. 0. 0.]
 [1. 3. 8. 0. 0. 0.]
 [1. 1. 3. 8. 0. 0.]
 [1. 1. 1. 6. 9. 0.]]
Centroid : {8: (1.5, 2.5), 3: (1.0, 2.0), 1: (0.6666666666666666, 0.6666666666666666), 9: (4.0, 0.0), 6: (3.0, 0.0)}
Repeat number : 27
Original weight : [8.07, 7.89, 18.31, 19.41, 23.45, 5.97, 23.52, 18.86, 7.34, 12.16, 10.73, 6.64, 13.96, 16.72, 9.11]
Group : [3, 1, 1, 0, 0, 0, 3, 0, 3, 3, 0, 2, 3, 0, 1]
Sequence : [1, 2, 3, 4, 5, 6, 7, 8, 9, 10, 11, 12, 13, 14, 15]
Scroe : [308.07, 107.89, 118.31, 19.41, 23.45, 5.97, 323.52, 18.86, 307.34, 312.16, 10.73, 206.64, 313.96, 16.72, 109.11]
Time taken to solve the MIP model : 0.0846 seconds
min_d : 0, max_d : 9
---------------------------------
solution for: IP model
objective: 0
x_0_3_0=1
x_1_5_0=1
x_2_5_1=1
x_3_4_0=1
x_4_4_1=1
x_5_1_0=1
x_6_3_1=1
x_7_2_0=1
x_8_5_2=1
x_9_4_2=1
x_10_0_0=1
x_11_2_1=1
x_12_4_3=1
x_13_0_1=1
x_14_0_2=1
d_0=5.000
d_1=6.000
d_2=5.000
d_3=5.000
d_4=5.000
d_5=2.000
d_6=2.000
d_7=3.000
d_8=5.000
d_9=4.000
d_10=2.000
d_11=2.000
d_12=4.000
d_13=2.000
d_14=1.000
d_x_0=2.000
d_x_1=4.000
d_x_2=4.000
d_x_3=4.000
d_x_4=4.000
d_x_5=1.000
d_x_6=1.000
d_x_7=2.000
d_x_8=4.000
d_x_9=3.000
d_x_10=1.000
d_x_11=1.000
d_x_12=3.000
d_x_13=1.000
d_x_14=1.000
d_y_0=3.000
d_y_1=2.000
d_y_2=1.000
d_y_3=1.000
d_y_4=1.000
d_y_5=1.000
d_y_6=1.000
d_y_7=1.000
d_y_8=1.000
d_y_9=1.000
d_y_10=1.000
d_y_11=1.000
d_y_12=1.000
d_y_13=1.000
normalized distance of container 0 : 0.5555555555555556
normalized distance of container 1 : 0.6666666666666666
normalized distance of container 2 : 0.5555555555555556
normalized distance of container 3 : 0.5555555555555556
normalized distance of container 4 : 0.5555555555555556
normalized distance of container 5 : 0.2222222222222222
normalized distance of container 6 : 0.2222222222222222
normalized distance of container 7 : 0.3333333333333333
normalized distance of container 8 : 0.5555555555555556
normalized distance of container 9 : 0.4444444444444444
normalized distance of container 10 : 0.2222222222222222
normalized distance of container 11 : 0.2222222222222222
normalized distance of container 12 : 0.4444444444444444
normalized distance of container 13 : 0.2222222222222222
normalized distance of container 14 : 0.1111111111111111
