Number of initial container : 0
Number of new container : 15
Total number of containers : 15
Level_num : 9
Container_level : [6, 1, 6, 3, 6, 1, 3, 9, 3, 3, 8, 8, 5, 5, 3]
ideal_configuration : 
 [[6. 0. 0. 0. 0. 0.]
 [3. 6. 0. 0. 0. 0.]
 [3. 5. 8. 0. 0. 0.]
 [1. 3. 5. 8. 0. 0.]
 [1. 3. 3. 6. 9. 0.]]
Centroid : {6: (1.3333333333333333, 2.3333333333333335), 1: (0.0, 0.5), 3: (0.8, 1.2), 9: (4.0, 0.0), 8: (2.5, 1.5), 5: (1.5, 1.5)}
Repeat number : 30
Original weight : [15.09, 21.98, 18.2, 6.33, 19.16, 18.51, 15.07, 23.52, 8.77, 11.59, 21.11, 12.25, 7.61, 6.19, 5.85]
Group : [2, 0, 2, 1, 2, 0, 1, 3, 1, 1, 3, 3, 2, 2, 1]
Sequence : [1, 2, 3, 4, 5, 6, 7, 8, 9, 10, 11, 12, 13, 14, 15]
Scroe : [215.09, 21.98, 218.2, 106.33, 219.16, 18.51, 115.07, 323.52, 108.77, 111.59, 321.11, 312.25, 207.61, 206.19, 105.85]
Time taken to solve the MIP model : 0.0216 seconds
min_d : 0, max_d : 9
---------------------------------
solution for: IP model
objective: 0
x_0_0_0=1
x_1_1_0=1
x_2_0_1=1
x_3_1_1=1
x_4_0_2=1
x_5_2_0=1
x_6_2_1=1
x_7_0_3=1
x_8_1_2=1
x_9_1_3=1
x_10_5_0=1
x_11_3_0=1
x_12_2_2=1
x_13_1_4=1
x_14_4_0=1
d_0=5.000
d_1=2.000
d_2=4.000
d_3=2.000
d_4=3.000
d_5=3.000
d_6=3.000
d_7=7.000
d_8=2.000
d_9=3.000
d_10=5.000
d_11=3.000
d_12=2.000
d_13=4.000
d_14=6.000
d_x_0=2.000
d_x_1=1.000
d_x_2=2.000
d_x_3=1.000
d_x_4=2.000
d_x_5=2.000
d_x_6=2.000
d_x_7=4.000
d_x_8=1.000
d_x_9=1.000
d_x_10=3.000
d_x_11=1.000
d_x_12=1.000
d_x_13=1.000
d_x_14=4.000
d_y_0=3.000
d_y_1=1.000
d_y_2=2.000
d_y_3=1.000
d_y_4=1.000
d_y_5=1.000
d_y_6=1.000
d_y_7=3.000
d_y_8=1.000
d_y_9=2.000
d_y_10=2.000
d_y_11=2.000
d_y_12=1.000
d_y_13=3.000
d_y_14=2.000
normalized distance of container 0 : 0.5555555555555556
normalized distance of container 1 : 0.2222222222222222
normalized distance of container 2 : 0.4444444444444444
normalized distance of container 3 : 0.2222222222222222
normalized distance of container 4 : 0.3333333333333333
normalized distance of container 5 : 0.3333333333333333
normalized distance of container 6 : 0.3333333333333333
normalized distance of container 7 : 0.7777777777777778
normalized distance of container 8 : 0.2222222222222222
normalized distance of container 9 : 0.3333333333333333
normalized distance of container 10 : 0.5555555555555556
normalized distance of container 11 : 0.3333333333333333
normalized distance of container 12 : 0.2222222222222222
normalized distance of container 13 : 0.4444444444444444
normalized distance of container 14 : 0.6666666666666666
