Number of initial container : 0
Number of new container : 15
Total number of containers : 15
Level_num : 9
Container_level : [3, 8, 1, 1, 6, 1, 3, 6, 3, 6, 3, 8, 1, 9, 6]
ideal_configuration : 
 [[6. 0. 0. 0. 0. 0.]
 [3. 6. 0. 0. 0. 0.]
 [1. 3. 8. 0. 0. 0.]
 [1. 3. 6. 8. 0. 0.]
 [1. 1. 3. 6. 9. 0.]]
Centroid : {3: (1.0, 1.5), 8: (2.5, 1.5), 1: (0.25, 0.75), 6: (1.5, 2.0), 9: (4.0, 0.0)}
Repeat number : 3
Original weight : [10.66, 8.61, 9.01, 8.48, 18.99, 11.83, 8.22, 17.66, 13.68, 14.45, 17.1, 16.04, 11.34, 22.41, 16.67]
Group : [1, 3, 0, 0, 2, 0, 1, 2, 1, 2, 1, 3, 0, 3, 2]
Sequence : [1, 2, 3, 4, 5, 6, 7, 8, 9, 10, 11, 12, 13, 14, 15]
Scroe : [110.66, 308.61, 9.01, 8.48, 218.99, 11.83, 108.22, 217.66, 113.68, 214.45, 117.1, 316.04, 11.34, 322.41, 216.67000000000002]
Time taken to solve the MIP model : 0.0237 seconds
min_d : 0, max_d : 9
---------------------------------
solution for: IP model
objective: 0
x_0_0_0=1
x_1_5_0=1
x_2_4_0=1
x_3_1_0=1
x_4_0_1=1
x_5_1_1=1
x_6_1_2=1
x_7_1_3=1
x_8_2_0=1
x_9_2_1=1
x_10_3_0=1
x_11_3_1=1
x_12_4_1=1
x_13_3_2=1
x_14_4_2=1
d_0=3.000
d_1=5.000
d_2=5.000
d_3=2.000
d_4=3.000
d_5=2.000
d_6=1.000
d_7=2.000
d_8=3.000
d_9=2.000
d_10=4.000
d_11=2.000
d_12=5.000
d_13=3.000
d_14=3.000
d_x_0=1.000
d_x_1=3.000
d_x_2=4.000
d_x_3=1.000
d_x_4=2.000
d_x_5=1.000
d_x_7=1.000
d_x_8=1.000
d_x_9=1.000
d_x_10=2.000
d_x_11=1.000
d_x_12=4.000
d_x_13=1.000
d_x_14=3.000
d_y_0=2.000
d_y_1=2.000
d_y_2=1.000
d_y_3=1.000
d_y_4=1.000
d_y_5=1.000
d_y_6=1.000
d_y_7=1.000
d_y_8=2.000
d_y_9=1.000
d_y_10=2.000
d_y_11=1.000
d_y_12=1.000
d_y_13=2.000
normalized distance of container 0 : 0.3333333333333333
normalized distance of container 1 : 0.5555555555555556
normalized distance of container 2 : 0.5555555555555556
normalized distance of container 3 : 0.2222222222222222
normalized distance of container 4 : 0.3333333333333333
normalized distance of container 5 : 0.2222222222222222
normalized distance of container 6 : 0.1111111111111111
normalized distance of container 7 : 0.2222222222222222
normalized distance of container 8 : 0.3333333333333333
normalized distance of container 9 : 0.2222222222222222
normalized distance of container 10 : 0.4444444444444444
normalized distance of container 11 : 0.2222222222222222
normalized distance of container 12 : 0.5555555555555556
normalized distance of container 13 : 0.3333333333333333
normalized distance of container 14 : 0.3333333333333333
