Number of initial container : 0
Number of new container : 15
Total number of containers : 15
Level_num : 9
Container_level : [1, 6, 9, 3, 1, 6, 3, 3, 1, 8, 3, 8, 1, 1, 3]
ideal_configuration : 
 [[6. 0. 0. 0. 0. 0.]
 [3. 6. 0. 0. 0. 0.]
 [1. 3. 8. 0. 0. 0.]
 [1. 1. 3. 8. 0. 0.]
 [1. 1. 3. 3. 9. 0.]]
Centroid : {1: (0.4, 0.8), 6: (0.5, 3.5), 9: (4.0, 0.0), 3: (1.6, 1.2), 8: (2.5, 1.5)}
Repeat number : 28
Original weight : [21.76, 13.88, 21.19, 16.12, 9.3, 12.97, 16.9, 12.51, 5.37, 13.08, 23.66, 7.33, 10.0, 12.92, 22.74]
Group : [0, 2, 3, 1, 0, 2, 1, 1, 0, 3, 1, 3, 0, 0, 1]
Sequence : [1, 2, 3, 4, 5, 6, 7, 8, 9, 10, 11, 12, 13, 14, 15]
Scroe : [21.76, 213.88, 321.19, 116.12, 9.3, 212.97, 116.9, 112.51, 5.37, 313.08, 123.66, 307.33, 10.0, 12.92, 122.74]
Time taken to solve the MIP model : 0.0179 seconds
min_d : 0, max_d : 9
---------------------------------
solution for: IP model
objective: 0
x_0_0_0=1
x_1_0_1=1
x_2_1_0=1
x_3_2_0=1
x_4_3_0=1
x_5_2_1=1
x_6_3_1=1
x_7_4_0=1
x_8_5_0=1
x_9_0_2=1
x_10_3_2=1
x_11_2_2=1
x_12_5_1=1
x_13_5_2=1
x_14_4_1=1
d_0=2.000
d_1=4.000
d_2=3.000
d_3=3.000
d_4=4.000
d_5=5.000
d_6=3.000
d_7=5.000
d_8=6.000
d_9=4.000
d_10=3.000
d_11=2.000
d_12=6.000
d_13=7.000
d_14=4.000
d_x_0=1.000
d_x_1=1.000
d_x_2=3.000
d_x_3=1.000
d_x_4=3.000
d_x_5=2.000
d_x_6=2.000
d_x_7=3.000
d_x_8=5.000
d_x_9=3.000
d_x_10=2.000
d_x_11=1.000
d_x_12=5.000
d_x_13=5.000
d_x_14=3.000
d_y_0=1.000
d_y_1=3.000
d_y_3=2.000
d_y_4=1.000
d_y_5=3.000
d_y_6=1.000
d_y_7=2.000
d_y_8=1.000
d_y_9=1.000
d_y_10=1.000
d_y_11=1.000
d_y_12=1.000
d_y_13=2.000
d_y_14=1.000
normalized distance of container 0 : 0.2222222222222222
normalized distance of container 1 : 0.4444444444444444
normalized distance of container 2 : 0.3333333333333333
normalized distance of container 3 : 0.3333333333333333
normalized distance of container 4 : 0.4444444444444444
normalized distance of container 5 : 0.5555555555555556
normalized distance of container 6 : 0.3333333333333333
normalized distance of container 7 : 0.5555555555555556
normalized distance of container 8 : 0.6666666666666666
normalized distance of container 9 : 0.4444444444444444
normalized distance of container 10 : 0.3333333333333333
normalized distance of container 11 : 0.2222222222222222
normalized distance of container 12 : 0.6666666666666666
normalized distance of container 13 : 0.7777777777777778
normalized distance of container 14 : 0.4444444444444444
