Number of initial container : 0
Number of new container : 15
Total number of containers : 15
Level_num : 9
Container_level : [3, 8, 1, 1, 8, 8, 1, 8, 1, 1, 3, 9, 3, 1, 8]
ideal_configuration : 
 [[8. 0. 0. 0. 0. 0.]
 [3. 8. 0. 0. 0. 0.]
 [1. 3. 8. 0. 0. 0.]
 [1. 1. 3. 8. 0. 0.]
 [1. 1. 1. 8. 9. 0.]]
Centroid : {3: (1.0, 2.0), 8: (1.8, 2.0), 1: (0.6666666666666666, 0.6666666666666666), 9: (4.0, 0.0)}
Repeat number : 22
Original weight : [14.0, 5.11, 17.38, 9.51, 7.52, 8.37, 18.66, 5.78, 6.4, 15.84, 16.28, 21.94, 18.93, 5.17, 16.81]
Group : [1, 3, 0, 0, 3, 3, 0, 3, 0, 0, 1, 3, 1, 0, 3]
Sequence : [1, 2, 3, 4, 5, 6, 7, 8, 9, 10, 11, 12, 13, 14, 15]
Scroe : [114.0, 305.11, 17.38, 9.51, 307.52, 308.37, 18.66, 305.78, 6.4, 15.84, 116.28, 321.94, 118.93, 5.17, 316.81]
Time taken to solve the MIP model : 0.0650 seconds
min_d : 0, max_d : 9
---------------------------------
solution for: IP model
objective: 0
x_0_5_0=1
x_1_5_1=1
x_2_0_0=1
x_3_2_0=1
x_4_1_0=1
x_5_5_2=1
x_6_0_1=1
x_7_0_2=1
x_8_4_0=1
x_9_4_1=1
x_10_4_2=1
x_11_2_1=1
x_12_4_3=1
x_13_3_0=1
x_14_3_1=1
d_0=6.000
d_1=5.000
d_2=2.000
d_3=3.000
d_4=3.000
d_5=4.000
d_6=2.000
d_7=2.000
d_8=5.000
d_9=5.000
d_10=3.000
d_11=3.000
d_12=4.000
d_13=4.000
d_14=3.000
d_x_0=4.000
d_x_1=4.000
d_x_2=1.000
d_x_3=2.000
d_x_4=1.000
d_x_5=4.000
d_x_6=1.000
d_x_7=2.000
d_x_8=4.000
d_x_9=4.000
d_x_10=3.000
d_x_11=2.000
d_x_12=3.000
d_x_13=3.000
d_x_14=2.000
d_y_0=2.000
d_y_1=1.000
d_y_2=1.000
d_y_3=1.000
d_y_4=2.000
d_y_6=1.000
d_y_8=1.000
d_y_9=1.000
d_y_11=1.000
d_y_12=1.000
d_y_13=1.000
d_y_14=1.000
normalized distance of container 0 : 0.6666666666666666
normalized distance of container 1 : 0.5555555555555556
normalized distance of container 2 : 0.2222222222222222
normalized distance of container 3 : 0.3333333333333333
normalized distance of container 4 : 0.3333333333333333
normalized distance of container 5 : 0.4444444444444444
normalized distance of container 6 : 0.2222222222222222
normalized distance of container 7 : 0.2222222222222222
normalized distance of container 8 : 0.5555555555555556
normalized distance of container 9 : 0.5555555555555556
normalized distance of container 10 : 0.3333333333333333
normalized distance of container 11 : 0.3333333333333333
normalized distance of container 12 : 0.4444444444444444
normalized distance of container 13 : 0.4444444444444444
normalized distance of container 14 : 0.3333333333333333
