Number of initial container : 0
Number of new container : 15
Total number of containers : 15
Level_num : 9
Container_level : [8, 3, 3, 8, 9, 3, 1, 3, 6, 3, 6, 3, 8, 6, 6]
ideal_configuration : 
 [[6. 0. 0. 0. 0. 0.]
 [3. 8. 0. 0. 0. 0.]
 [3. 6. 8. 0. 0. 0.]
 [3. 3. 6. 8. 0. 0.]
 [1. 3. 3. 6. 9. 0.]]
Centroid : {8: (2.0, 2.0), 3: (0.6666666666666666, 1.1666666666666667), 9: (4.0, 0.0), 1: (0.0, 0.0), 6: (1.5, 1.75)}
Repeat number : 21
Original weight : [14.55, 5.45, 5.12, 10.82, 18.65, 19.39, 13.44, 19.23, 7.95, 5.93, 5.75, 8.08, 11.81, 22.09, 12.32]
Group : [3, 1, 1, 3, 3, 1, 0, 1, 2, 1, 2, 1, 3, 2, 2]
Sequence : [1, 2, 3, 4, 5, 6, 7, 8, 9, 10, 11, 12, 13, 14, 15]
Scroe : [314.55, 105.45, 105.12, 310.82, 318.65, 119.39, 13.44, 119.23, 207.95, 105.93, 205.75, 108.08, 311.81, 222.09, 212.32]
Time taken to solve the MIP model : 0.0256 seconds
min_d : 0, max_d : 9
---------------------------------
solution for: IP model
objective: 0
x_0_5_0=1
x_1_4_0=1
x_2_0_0=1
x_3_0_1=1
x_4_5_1=1
x_5_3_0=1
x_6_1_0=1
x_7_2_0=1
x_8_3_1=1
x_9_4_1=1
x_10_1_1=1
x_11_4_2=1
x_12_2_1=1
x_13_4_3=1
x_14_3_2=1
d_0=5.000
d_1=6.000
d_2=3.000
d_3=3.000
d_4=2.000
d_5=5.000
d_6=1.000
d_7=4.000
d_8=3.000
d_9=5.000
d_10=2.000
d_11=5.000
d_12=1.000
d_13=5.000
d_14=3.000
d_x_0=3.000
d_x_1=4.000
d_x_2=1.000
d_x_3=2.000
d_x_4=1.000
d_x_5=3.000
d_x_6=1.000
d_x_7=2.000
d_x_8=2.000
d_x_9=4.000
d_x_10=1.000
d_x_11=4.000
d_x_13=3.000
d_x_14=2.000
d_y_0=2.000
d_y_1=2.000
d_y_2=2.000
d_y_3=1.000
d_y_4=1.000
d_y_5=2.000
d_y_7=2.000
d_y_8=1.000
d_y_9=1.000
d_y_10=1.000
d_y_11=1.000
d_y_12=1.000
d_y_13=2.000
d_y_14=1.000
normalized distance of container 0 : 0.5555555555555556
normalized distance of container 1 : 0.6666666666666666
normalized distance of container 2 : 0.3333333333333333
normalized distance of container 3 : 0.3333333333333333
normalized distance of container 4 : 0.2222222222222222
normalized distance of container 5 : 0.5555555555555556
normalized distance of container 6 : 0.1111111111111111
normalized distance of container 7 : 0.4444444444444444
normalized distance of container 8 : 0.3333333333333333
normalized distance of container 9 : 0.5555555555555556
normalized distance of container 10 : 0.2222222222222222
normalized distance of container 11 : 0.5555555555555556
normalized distance of container 12 : 0.1111111111111111
normalized distance of container 13 : 0.5555555555555556
normalized distance of container 14 : 0.3333333333333333
