Number of initial container : 0
Number of new container : 15
Total number of containers : 15
Level_num : 9
Container_level : [6, 6, 3, 1, 6, 1, 1, 8, 1, 9, 6, 1, 1, 3, 6]
ideal_configuration : 
 [[6. 0. 0. 0. 0. 0.]
 [3. 6. 0. 0. 0. 0.]
 [1. 3. 6. 0. 0. 0.]
 [1. 1. 6. 8. 0. 0.]
 [1. 1. 1. 6. 9. 0.]]
Centroid : {6: (1.6, 2.0), 3: (0.5, 2.5), 1: (0.6666666666666666, 0.6666666666666666), 8: (3.0, 1.0), 9: (4.0, 0.0)}
Repeat number : 11
Original weight : [16.31, 22.74, 15.61, 8.72, 5.91, 9.16, 13.5, 5.11, 23.08, 5.54, 13.67, 16.75, 16.98, 19.42, 6.51]
Group : [2, 2, 1, 0, 2, 0, 0, 3, 0, 3, 2, 0, 0, 1, 2]
Sequence : [1, 2, 3, 4, 5, 6, 7, 8, 9, 10, 11, 12, 13, 14, 15]
Scroe : [216.31, 222.74, 115.61, 8.72, 205.91, 9.16, 13.5, 305.11, 23.08, 305.54, 213.67, 16.75, 16.98, 119.42, 206.51]
Time taken to solve the MIP model : 0.0169 seconds
min_d : 0, max_d : 9
---------------------------------
solution for: IP model
objective: 0
x_0_0_0=1
x_1_0_1=1
x_2_1_0=1
x_3_2_0=1
x_4_1_1=1
x_5_2_1=1
x_6_3_0=1
x_7_0_2=1
x_8_2_2=1
x_9_4_0=1
x_10_1_2=1
x_11_3_1=1
x_12_3_2=1
x_13_2_3=1
x_14_2_4=1
d_0=4.000
d_1=3.000
d_2=4.000
d_3=3.000
d_4=2.000
d_5=3.000
d_6=4.000
d_7=4.000
d_8=4.000
d_10=1.000
d_11=4.000
d_12=5.000
d_13=3.000
d_14=3.000
d_x_0=2.000
d_x_1=2.000
d_x_2=1.000
d_x_3=2.000
d_x_4=1.000
d_x_5=2.000
d_x_6=3.000
d_x_7=3.000
d_x_8=2.000
d_x_10=1.000
d_x_11=3.000
d_x_12=3.000
d_x_13=2.000
d_x_14=1.000
d_y_0=2.000
d_y_1=1.000
d_y_2=3.000
d_y_3=1.000
d_y_4=1.000
d_y_5=1.000
d_y_6=1.000
d_y_7=1.000
d_y_8=2.000
d_y_11=1.000
d_y_12=2.000
d_y_13=1.000
d_y_14=2.000
normalized distance of container 0 : 0.4444444444444444
normalized distance of container 1 : 0.3333333333333333
normalized distance of container 2 : 0.4444444444444444
normalized distance of container 3 : 0.3333333333333333
normalized distance of container 4 : 0.2222222222222222
normalized distance of container 5 : 0.3333333333333333
normalized distance of container 6 : 0.4444444444444444
normalized distance of container 7 : 0.4444444444444444
normalized distance of container 8 : 0.4444444444444444
normalized distance of container 9 : 0.0
normalized distance of container 10 : 0.1111111111111111
normalized distance of container 11 : 0.4444444444444444
normalized distance of container 12 : 0.5555555555555556
normalized distance of container 13 : 0.3333333333333333
normalized distance of container 14 : 0.3333333333333333
