Number of initial container : 0
Number of new container : 15
Total number of containers : 15
Level_num : 9
Container_level : [1, 3, 8, 1, 3, 6, 3, 6, 3, 3, 3, 3, 9, 3, 6]
ideal_configuration : 
 [[6. 0. 0. 0. 0. 0.]
 [3. 6. 0. 0. 0. 0.]
 [3. 3. 6. 0. 0. 0.]
 [1. 3. 3. 8. 0. 0.]
 [1. 3. 3. 3. 9. 0.]]
Centroid : {1: (0.0, 0.5), 3: (1.25, 1.125), 8: (3.0, 1.0), 6: (1.0, 3.0), 9: (4.0, 0.0)}
Repeat number : 1
Original weight : [14.31, 17.6, 5.03, 15.57, 17.03, 12.78, 20.26, 9.64, 9.01, 13.77, 22.33, 5.61, 10.79, 10.68, 11.14]
Group : [0, 1, 3, 0, 1, 2, 1, 2, 1, 1, 1, 1, 3, 1, 2]
Sequence : [1, 2, 3, 4, 5, 6, 7, 8, 9, 10, 11, 12, 13, 14, 15]
Scroe : [14.31, 117.6, 305.03, 15.57, 117.03, 212.78, 120.26, 209.64, 109.01, 113.77, 122.33, 105.61, 310.79, 110.68, 211.14]
Time taken to solve the MIP model : 0.0830 seconds
min_d : 0, max_d : 9
---------------------------------
solution for: IP model
objective: 0
x_0_0_0=1
x_1_4_0=1
x_2_2_0=1
x_3_0_1=1
x_4_0_2=1
x_5_0_3=1
x_6_4_1=1
x_7_4_2=1
x_8_1_0=1
x_9_3_0=1
x_10_1_1=1
x_11_5_0=1
x_12_3_1=1
x_13_5_1=1
x_14_4_3=1
d_0=1.000
d_1=5.000
d_2=2.000
d_3=1.000
d_4=3.000
d_5=1.000
d_6=4.000
d_7=4.000
d_8=3.000
d_9=4.000
d_10=2.000
d_11=6.000
d_12=2.000
d_13=5.000
d_14=3.000
d_x_1=3.000
d_x_2=1.000
d_x_4=2.000
d_x_5=1.000
d_x_6=3.000
d_x_7=3.000
d_x_8=1.000
d_x_9=2.000
d_x_10=1.000
d_x_11=4.000
d_x_12=1.000
d_x_13=4.000
d_x_14=3.000
d_y_0=1.000
d_y_1=2.000
d_y_2=1.000
d_y_3=1.000
d_y_4=1.000
d_y_6=1.000
d_y_7=1.000
d_y_8=2.000
d_y_9=2.000
d_y_10=1.000
d_y_11=2.000
d_y_12=1.000
d_y_13=1.000
normalized distance of container 0 : 0.1111111111111111
normalized distance of container 1 : 0.5555555555555556
normalized distance of container 2 : 0.2222222222222222
normalized distance of container 3 : 0.1111111111111111
normalized distance of container 4 : 0.3333333333333333
normalized distance of container 5 : 0.1111111111111111
normalized distance of container 6 : 0.4444444444444444
normalized distance of container 7 : 0.4444444444444444
normalized distance of container 8 : 0.3333333333333333
normalized distance of container 9 : 0.4444444444444444
normalized distance of container 10 : 0.2222222222222222
normalized distance of container 11 : 0.6666666666666666
normalized distance of container 12 : 0.2222222222222222
normalized distance of container 13 : 0.5555555555555556
normalized distance of container 14 : 0.3333333333333333
