Number of initial container : 0
Number of new container : 15
Total number of containers : 15
Level_num : 9
Container_level : [1, 1, 3, 6, 8, 9, 3, 1, 6, 1, 6, 3, 8, 3, 1]
ideal_configuration : 
 [[6. 0. 0. 0. 0. 0.]
 [3. 6. 0. 0. 0. 0.]
 [1. 3. 8. 0. 0. 0.]
 [1. 1. 3. 8. 0. 0.]
 [1. 1. 3. 6. 9. 0.]]
Centroid : {1: (0.4, 0.8), 3: (1.25, 1.5), 6: (1.3333333333333333, 2.3333333333333335), 8: (2.5, 1.5), 9: (4.0, 0.0)}
Repeat number : 15
Original weight : [5.96, 12.18, 14.03, 23.67, 9.6, 13.66, 11.75, 19.4, 13.71, 11.78, 20.68, 15.71, 6.85, 8.5, 23.31]
Group : [0, 0, 1, 2, 3, 3, 1, 0, 2, 0, 2, 1, 3, 1, 0]
Sequence : [1, 2, 3, 4, 5, 6, 7, 8, 9, 10, 11, 12, 13, 14, 15]
Scroe : [5.96, 12.18, 114.03, 223.67000000000002, 309.6, 313.66, 111.75, 19.4, 213.71, 11.78, 220.68, 115.71000000000001, 306.85, 108.5, 23.31]
Time taken to solve the MIP model : 0.0684 seconds
min_d : 0, max_d : 9
---------------------------------
solution for: IP model
objective: 0
x_0_1_0=1
x_1_1_1=1
x_2_1_2=1
x_3_1_3=1
x_4_3_0=1
x_5_3_1=1
x_6_0_0=1
x_7_4_0=1
x_8_4_1=1
x_9_2_0=1
x_10_4_2=1
x_11_0_1=1
x_12_0_2=1
x_13_2_1=1
x_14_5_0=1
d_0=2.000
d_1=2.000
d_2=2.000
d_3=2.000
d_4=3.000
d_5=2.000
d_6=4.000
d_7=5.000
d_8=5.000
d_9=3.000
d_10=4.000
d_11=3.000
d_12=4.000
d_13=2.000
d_14=6.000
d_x_0=1.000
d_x_1=1.000
d_x_2=1.000
d_x_3=1.000
d_x_4=1.000
d_x_5=1.000
d_x_6=2.000
d_x_7=4.000
d_x_8=3.000
d_x_9=2.000
d_x_10=3.000
d_x_11=2.000
d_x_12=3.000
d_x_13=1.000
d_x_14=5.000
d_y_0=1.000
d_y_1=1.000
d_y_2=1.000
d_y_3=1.000
d_y_4=2.000
d_y_5=1.000
d_y_6=2.000
d_y_7=1.000
d_y_8=2.000
d_y_9=1.000
d_y_10=1.000
d_y_11=1.000
d_y_12=1.000
d_y_13=1.000
d_y_14=1.000
normalized distance of container 0 : 0.2222222222222222
normalized distance of container 1 : 0.2222222222222222
normalized distance of container 2 : 0.2222222222222222
normalized distance of container 3 : 0.2222222222222222
normalized distance of container 4 : 0.3333333333333333
normalized distance of container 5 : 0.2222222222222222
normalized distance of container 6 : 0.4444444444444444
normalized distance of container 7 : 0.5555555555555556
normalized distance of container 8 : 0.5555555555555556
normalized distance of container 9 : 0.3333333333333333
normalized distance of container 10 : 0.4444444444444444
normalized distance of container 11 : 0.3333333333333333
normalized distance of container 12 : 0.4444444444444444
normalized distance of container 13 : 0.2222222222222222
normalized distance of container 14 : 0.6666666666666666
