Number of initial container : 0
Number of new container : 15
Total number of containers : 15
Level_num : 9
Container_level : [3, 8, 9, 6, 6, 6, 1, 3, 6, 8, 8, 6, 8, 3, 1]
ideal_configuration : 
 [[8. 0. 0. 0. 0. 0.]
 [6. 8. 0. 0. 0. 0.]
 [3. 6. 8. 0. 0. 0.]
 [1. 3. 6. 8. 0. 0.]
 [1. 3. 6. 6. 9. 0.]]
Centroid : {3: (0.6666666666666666, 1.0), 8: (1.5, 2.5), 9: (4.0, 0.0), 6: (1.6, 1.2), 1: (0.0, 0.5)}
Repeat number : 5
Original weight : [8.92, 6.67, 23.8, 20.78, 11.78, 15.54, 6.26, 12.65, 13.32, 5.48, 10.95, 10.14, 8.05, 23.3, 13.75]
Group : [1, 3, 3, 2, 2, 2, 0, 1, 2, 3, 3, 2, 3, 1, 0]
Sequence : [1, 2, 3, 4, 5, 6, 7, 8, 9, 10, 11, 12, 13, 14, 15]
Scroe : [108.92, 306.67, 323.8, 220.78, 211.78, 215.54, 6.26, 112.65, 213.32, 305.48, 310.95, 210.14, 308.05, 123.3, 13.75]
Time taken to solve the MIP model : 11.3340 seconds
min_d : 0, max_d : 9
---------------------------------
solution for: IP model
objective: 2
x_0_3_0=1
x_1_0_0=1
x_2_0_1=1
x_3_5_0=1
x_4_3_1=1
x_5_2_0=1
x_6_1_0=1
x_7_1_1=1
x_8_3_2=1
x_9_5_1=1
x_10_5_2=1
x_11_1_2=1
x_12_2_1=1
x_13_1_3=1
x_14_4_0=1
r_1_2=1
r_1_3=1
d_0=4.000
d_1=5.000
d_2=5.000
d_3=6.000
d_4=3.000
d_5=3.000
d_6=2.000
d_7=1.000
d_8=3.000
d_9=6.000
d_10=5.000
d_11=2.000
d_12=3.000
d_13=3.000
d_14=5.000
d_x_0=3.000
d_x_1=2.000
d_x_2=4.000
d_x_3=4.000
d_x_4=2.000
d_x_5=1.000
d_x_6=1.000
d_x_7=1.000
d_x_8=2.000
d_x_9=4.000
d_x_10=4.000
d_x_11=1.000
d_x_12=1.000
d_x_13=1.000
d_x_14=4.000
d_y_0=1.000
d_y_1=3.000
d_y_2=1.000
d_y_3=2.000
d_y_4=1.000
d_y_5=2.000
d_y_6=1.000
d_y_8=1.000
d_y_9=2.000
d_y_10=1.000
d_y_11=1.000
d_y_12=2.000
d_y_13=2.000
d_y_14=1.000
normalized distance of container 0 : 0.4444444444444444
normalized distance of container 1 : 0.5555555555555556
normalized distance of container 2 : 0.5555555555555556
normalized distance of container 3 : 0.6666666666666666
normalized distance of container 4 : 0.3333333333333333
normalized distance of container 5 : 0.3333333333333333
normalized distance of container 6 : 0.2222222222222222
normalized distance of container 7 : 0.1111111111111111
normalized distance of container 8 : 0.3333333333333333
normalized distance of container 9 : 0.6666666666666666
normalized distance of container 10 : 0.5555555555555556
normalized distance of container 11 : 0.2222222222222222
normalized distance of container 12 : 0.3333333333333333
normalized distance of container 13 : 0.3333333333333333
normalized distance of container 14 : 0.5555555555555556
