Number of initial container : 0
Number of new container : 15
Total number of containers : 15
Level_num : 9
Container_level : [1, 1, 3, 1, 1, 3, 3, 1, 6, 1, 8, 1, 9, 1, 1]
ideal_configuration : 
 [[3. 0. 0. 0. 0. 0.]
 [1. 3. 0. 0. 0. 0.]
 [1. 1. 6. 0. 0. 0.]
 [1. 1. 1. 8. 0. 0.]
 [1. 1. 1. 3. 9. 0.]]
Centroid : {1: (0.7777777777777778, 1.1111111111111112), 3: (1.3333333333333333, 2.3333333333333335), 6: (2.0, 2.0), 8: (3.0, 1.0), 9: (4.0, 0.0)}
Repeat number : 2
Original weight : [8.53, 7.75, 21.55, 20.76, 20.49, 20.17, 10.02, 20.78, 21.85, 18.44, 9.79, 13.26, 20.62, 14.72, 9.23]
Group : [0, 0, 1, 0, 0, 1, 1, 0, 2, 0, 3, 0, 3, 0, 0]
Sequence : [1, 2, 3, 4, 5, 6, 7, 8, 9, 10, 11, 12, 13, 14, 15]
Scroe : [8.53, 7.75, 121.55, 20.76, 20.49, 120.17, 110.02, 20.78, 221.85, 18.44, 309.79, 13.26, 320.62, 14.72, 9.23]
Time taken to solve the MIP model : 12.2394 seconds
min_d : 0, max_d : 9
---------------------------------
solution for: IP model
objective: 2
x_0_2_0=1
x_1_3_0=1
x_2_1_0=1
x_3_3_1=1
x_4_4_0=1
x_5_3_2=1
x_6_4_1=1
x_7_4_2=1
x_8_3_3=1
x_9_0_0=1
x_10_1_1=1
x_11_5_0=1
x_12_0_1=1
x_13_5_1=1
x_14_2_1=1
r_4_1=1
r_4_2=1
d_0=4.000
d_1=5.000
d_2=4.000
d_3=4.000
d_4=6.000
d_5=3.000
d_6=5.000
d_7=5.000
d_8=2.000
d_9=3.000
d_10=2.000
d_11=7.000
d_12=5.000
d_13=6.000
d_14=3.000
d_x_0=2.000
d_x_1=3.000
d_x_2=1.000
d_x_3=3.000
d_x_4=4.000
d_x_5=2.000
d_x_6=3.000
d_x_7=4.000
d_x_8=1.000
d_x_9=1.000
d_x_10=2.000
d_x_11=5.000
d_x_12=4.000
d_x_13=5.000
d_x_14=2.000
d_y_0=2.000
d_y_1=2.000
d_y_2=3.000
d_y_3=1.000
d_y_4=2.000
d_y_5=1.000
d_y_6=2.000
d_y_7=1.000
d_y_8=1.000
d_y_9=2.000
d_y_11=2.000
d_y_12=1.000
d_y_13=1.000
d_y_14=1.000
normalized distance of container 0 : 0.4444444444444444
normalized distance of container 1 : 0.5555555555555556
normalized distance of container 2 : 0.4444444444444444
normalized distance of container 3 : 0.4444444444444444
normalized distance of container 4 : 0.6666666666666666
normalized distance of container 5 : 0.3333333333333333
normalized distance of container 6 : 0.5555555555555556
normalized distance of container 7 : 0.5555555555555556
normalized distance of container 8 : 0.2222222222222222
normalized distance of container 9 : 0.3333333333333333
normalized distance of container 10 : 0.2222222222222222
normalized distance of container 11 : 0.7777777777777778
normalized distance of container 12 : 0.5555555555555556
normalized distance of container 13 : 0.6666666666666666
normalized distance of container 14 : 0.3333333333333333
