Number of initial container : 10
Number of new container : 10
Total number of containers : 20
Level_num : 9
Container_level : [3, 8, 5, 5, 3, 7, 1, 5, 6, 8, 2, 7, 8, 7, 9, 2, 5, 1, 4, 1]
ideal_configuration : 
 [[5. 7. 0. 0. 0. 0.]
 [3. 5. 8. 0. 0. 0.]
 [2. 4. 6. 8. 0. 0.]
 [1. 2. 5. 7. 8. 0.]
 [1. 1. 3. 5. 7. 9.]]
Centroid : {3: (1.0, 1.5), 8: (3.0, 2.0), 5: (1.5, 2.0), 7: (2.6666666666666665, 1.6666666666666667), 1: (0.3333333333333333, 0.3333333333333333), 6: (2.0, 2.0), 2: (0.5, 1.5), 9: (5.0, 0.0), 4: (1.0, 2.0)}
Repeat number : 5
Original weight : [11.35, 22.01, 15.39, 15.13, 11.69, 19.87, 6.34, 16.24, 17.8, 21.59, 9.97, 20.21, 23.17, 19.0, 23.22, 8.67, 15.85, 8.08, 13.76, 8.02]
Sequence : [0, 0, 0, 0, 0, 0, 0, 0, 0, 0, 1, 2, 3, 4, 5, 6, 7, 8, 9, 10]
Emergency : [0, 0, 0, 0, 0, 0, 0, 0, 0, 0, 0, 0, 0, 0, 0, 0, 0, 0, 0, 0]
Time taken to solve the MIP model : 0.0401 seconds
min_d : 0, max_d : 9
---------------------------------
solution for: IP model
objective: 4.48148
status: OPTIMAL_SOLUTION(2)
x_0_2_0=1
x_1_5_0=1
x_2_0_0=1
x_3_3_0=1
x_4_2_1=1
x_5_5_1=1
x_6_0_1=1
x_7_1_0=1
x_8_4_0=1
x_9_2_2=1
x_10_0_2=1
x_11_3_1=1
x_12_3_2=1
x_13_3_3=1
x_14_4_1=1
x_15_0_3=1
x_16_2_3=1
x_17_1_1=1
x_18_1_2=1
x_19_1_3=1
r_0_0=1
r_0_1=1
r_0_2=1
r_0_3=1
r_1_0=1
r_1_1=1
r_1_2=1
r_1_3=1
r_2_2=1
r_2_3=1
r_3_1=1
r_3_2=1
r_3_3=1
r_4_0=1
r_4_1=1
r_5_0=1
r_5_1=1
d_0=2.500
d_1=4.000
d_2=3.500
d_3=3.500
d_4=1.500
d_5=3.000
d_6=1.000
d_7=2.500
d_8=4.000
d_9=1.000
d_10=1.000
d_11=1.000
d_13=1.667
d_14=2.000
d_15=2.000
d_16=1.500
d_17=1.333
d_19=3.333
d_x_0=1.000
d_x_1=2.000
d_x_2=1.500
d_x_3=1.500
d_x_4=1.000
d_x_5=2.333
d_x_6=0.333
d_x_7=0.500
d_x_8=2.000
d_x_9=1.000
d_x_10=0.500
d_x_11=0.333
d_x_13=0.333
d_x_14=1.000
d_x_15=0.500
d_x_16=0.500
d_x_17=0.667
d_x_19=0.667
d_y_0=1.500
d_y_1=2.000
d_y_2=2.000
d_y_3=2.000
d_y_4=0.500
d_y_5=0.667
d_y_6=0.667
d_y_7=2.000
d_y_8=2.000
d_y_10=0.500
d_y_11=0.667
d_y_13=1.333
d_y_14=1.000
d_y_15=1.500
d_y_16=1.000
d_y_17=0.667
d_y_19=2.667
normalized distance of container 0 : 0.2777777777777778
normalized distance of container 1 : 0.4444444444444444
normalized distance of container 2 : 0.3888888888888889
normalized distance of container 3 : 0.3888888888888889
normalized distance of container 4 : 0.16666666666666666
normalized distance of container 5 : 0.3333333333333333
normalized distance of container 6 : 0.1111111111111111
normalized distance of container 7 : 0.2777777777777778
normalized distance of container 8 : 0.4444444444444444
normalized distance of container 9 : 0.1111111111111111
normalized distance of container 10 : 0.11111111111111066
normalized distance of container 11 : 0.11111111111111081
normalized distance of container 12 : 0.0
normalized distance of container 13 : 0.18518518518518484
normalized distance of container 14 : 0.2222222222222222
normalized distance of container 15 : 0.22222222222222143
normalized distance of container 16 : 0.16666666666666585
normalized distance of container 17 : 0.14814814814814814
normalized distance of container 18 : 0.0
normalized distance of container 19 : 0.37037037037037035
