Number of initial container : 10
Number of new container : 10
Total number of containers : 20
Level_num : 9
Container_level : [3, 5, 5, 1, 6, 1, 1, 2, 1, 2, 9, 8, 3, 2, 8, 4, 5, 8, 6, 6]
ideal_configuration : 
 [[5. 6. 0. 0. 0. 0.]
 [2. 5. 8. 0. 0. 0.]
 [1. 3. 5. 8. 0. 0.]
 [1. 2. 3. 6. 8. 0.]
 [1. 1. 2. 4. 6. 9.]]
Centroid : {3: (1.5, 1.5), 5: (1.0, 3.0), 1: (0.25, 0.75), 6: (2.6666666666666665, 1.6666666666666667), 2: (1.0, 1.3333333333333333), 9: (5.0, 0.0), 8: (3.0, 2.0), 4: (3.0, 0.0)}
Repeat number : 8
Original weight : [10.31, 15.01, 15.42, 5.52, 17.77, 5.87, 7.36, 8.96, 5.67, 8.44, 22.54, 21.24, 11.0, 7.9, 20.95, 13.54, 15.68, 21.02, 18.19, 16.82]
Sequence : [0, 0, 0, 0, 0, 0, 0, 0, 0, 0, 1, 2, 3, 4, 5, 6, 7, 8, 9, 10]
Emergency : [0, 0, 0, 0, 0, 0, 0, 0, 0, 0, 0, 0, 0, 0, 0, 0, 0, 0, 0, 0]
Time taken to solve the MIP model : 0.0315 seconds
min_d : 0, max_d : 9
---------------------------------
solution for: IP model
objective: 5.51852
status: OPTIMAL_SOLUTION(2)
x_0_3_0=1
x_1_0_0=1
x_2_2_0=1
x_3_3_1=1
x_4_4_0=1
x_5_3_2=1
x_6_5_0=1
x_7_3_3=1
x_8_1_0=1
x_9_5_1=1
x_10_5_2=1
x_11_3_4=1
x_12_1_1=1
x_13_0_1=1
x_14_1_2=1
x_15_4_1=1
x_16_1_3=1
x_17_4_2=1
x_18_2_1=1
x_19_2_2=1
r_0_0=1
r_0_1=1
r_1_2=1
r_1_3=1
r_2_0=1
r_2_1=1
r_2_2=1
r_3_0=1
r_3_1=1
r_3_2=1
r_3_3=1
r_3_4=1
r_4_0=1
r_4_1=1
r_4_2=1
d_0=3.000
d_1=4.000
d_2=4.000
d_3=3.000
d_4=3.000
d_5=4.000
d_6=5.500
d_7=3.667
d_8=1.500
d_9=4.333
d_10=2.000
d_11=2.000
d_12=1.000
d_13=1.333
d_14=2.000
d_15=2.000
d_17=1.000
d_18=1.333
d_19=1.000
d_x_0=1.500
d_x_1=1.000
d_x_2=1.000
d_x_3=2.750
d_x_4=1.333
d_x_5=2.750
d_x_6=4.750
d_x_7=2.000
d_x_8=0.750
d_x_9=4.000
d_x_12=0.500
d_x_13=1.000
d_x_14=2.000
d_x_15=1.000
d_x_17=1.000
d_x_18=0.667
d_x_19=0.667
d_y_0=1.500
d_y_1=3.000
d_y_2=3.000
d_y_3=0.250
d_y_4=1.667
d_y_5=1.250
d_y_6=0.750
d_y_7=1.667
d_y_8=0.750
d_y_9=0.333
d_y_10=2.000
d_y_11=2.000
d_y_12=0.500
d_y_13=0.333
d_y_15=1.000
d_y_18=0.667
d_y_19=0.333
normalized distance of container 0 : 0.3333333333333333
normalized distance of container 1 : 0.4444444444444444
normalized distance of container 2 : 0.4444444444444444
normalized distance of container 3 : 0.3333333333333333
normalized distance of container 4 : 0.3333333333333333
normalized distance of container 5 : 0.4444444444444444
normalized distance of container 6 : 0.6111111111111112
normalized distance of container 7 : 0.40740740740740744
normalized distance of container 8 : 0.16666666666666666
normalized distance of container 9 : 0.48148148148148145
normalized distance of container 10 : 0.2222222222222222
normalized distance of container 11 : 0.2222222222222222
normalized distance of container 12 : 0.1111111111111111
normalized distance of container 13 : 0.1481481481481481
normalized distance of container 14 : 0.2222222222222222
normalized distance of container 15 : 0.2222222222222222
normalized distance of container 16 : 0.0
normalized distance of container 17 : 0.1111111111111111
normalized distance of container 18 : 0.1481481481481481
normalized distance of container 19 : 0.11111111111111106
