Number of initial container : 5
Number of new container : 5
Total number of containers : 10
Level_num : 9
Container_level : [9, 1, 3, 3, 3, 1, 1, 1, 6, 6]
ideal_configuration : 
 [[0. 0. 0. 0. 0. 0.]
 [3. 0. 0. 0. 0. 0.]
 [1. 6. 0. 0. 0. 0.]
 [1. 3. 6. 0. 0. 0.]
 [1. 1. 3. 9. 0. 0.]]
Centroid : {9: (3.0, 0.0), 1: (0.25, 0.75), 3: (1.0, 1.3333333333333333), 6: (1.5, 1.5)}
Repeat number : 7
Original weight : [19.31, 12.28, 21.07, 11.73, 10.95, 20.39, 12.85, 7.95, 20.69, 23.75]
Group : [3, 0, 1, 1, 1, 0, 0, 0, 2, 2]
Sequence : [0, 0, 0, 0, 0, 1, 2, 3, 4, 5]
Scroe : [319.31, 12.28, 121.07, 111.73, 110.95, 20.39, 12.85, 7.95, 220.69, 223.75]
Time taken to solve the MIP model : 0.0544 seconds
min_d : 0, max_d : 9
---------------------------------
solution for: IP model
objective: 2.22222
x_0_3_0=1
x_1_4_0=1
x_2_1_0=1
x_3_0_0=1
x_4_4_1=1
x_5_5_0=1
x_6_0_1=1
x_7_2_0=1
x_8_1_1=1
x_9_1_2=1
r_0_0=1
r_0_1=1
d_1=4.500
d_2=1.333
d_3=2.333
d_4=3.333
d_5=5.500
d_6=0.500
d_7=2.500
d_8=1.000
d_9=1.000
d_x_1=3.750
d_x_3=1.000
d_x_4=3.000
d_x_5=4.750
d_x_6=0.250
d_x_7=1.750
d_x_8=0.500
d_x_9=0.500
d_y_1=0.750
d_y_2=1.333
d_y_3=1.333
d_y_4=0.333
d_y_5=0.750
d_y_6=0.250
d_y_7=0.750
d_y_8=0.500
d_y_9=0.500
normalized distance of container 0 : 0.0
normalized distance of container 1 : 0.5
normalized distance of container 2 : 0.14814814814814814
normalized distance of container 3 : 0.25925925925925924
normalized distance of container 4 : 0.37037037037037035
normalized distance of container 5 : 0.6111111111111112
normalized distance of container 6 : 0.05555555555555505
normalized distance of container 7 : 0.2777777777777778
normalized distance of container 8 : 0.11111111111111012
normalized distance of container 9 : 0.11111111111110993
