Number of initial container : 5
Number of new container : 5
Total number of containers : 10
Level_num : 9
Container_level : [1, 5, 5, 1, 1, 8, 8, 9, 1, 5]
ideal_configuration : 
 [[0. 0. 0. 0. 0. 0.]
 [5. 0. 0. 0. 0. 0.]
 [1. 8. 0. 0. 0. 0.]
 [1. 5. 8. 0. 0. 0.]
 [1. 1. 5. 9. 0. 0.]]
Centroid : {1: (0.25, 0.75), 5: (1.0, 1.3333333333333333), 8: (1.5, 1.5), 9: (3.0, 0.0)}
Repeat number : 11
Original weight : [13.06, 18.44, 19.65, 10.21, 16.95, 8.7, 12.36, 18.99, 11.58, 23.75]
Group : [0, 1, 1, 0, 0, 2, 2, 2, 0, 1]
Sequence : [0, 0, 0, 0, 0, 1, 2, 3, 4, 5]
Scroe : [13.06, 118.44, 119.65, 10.21, 16.95, 208.7, 212.36, 218.99, 11.58, 123.75]
Time taken to solve the MIP model : 0.0130 seconds
min_d : 0, max_d : 9
---------------------------------
solution for: IP model
objective: 2.11111
x_0_3_0=1
x_1_4_0=1
x_2_2_0=1
x_3_3_1=1
x_4_1_0=1
x_5_2_1=1
x_6_2_2=1
x_7_5_0=1
x_8_0_0=1
x_9_1_1=1
r_3_0=1
r_3_1=1
d_0=3.500
d_1=4.333
d_2=2.333
d_3=3.000
d_4=1.500
d_5=1.000
d_6=1.000
d_7=2.000
d_8=1.000
d_9=0.333
d_x_0=2.750
d_x_1=3.000
d_x_2=1.000
d_x_3=2.750
d_x_4=0.750
d_x_5=0.500
d_x_6=0.500
d_x_7=2.000
d_x_8=0.250
d_y_0=0.750
d_y_1=1.333
d_y_2=1.333
d_y_3=0.250
d_y_4=0.750
d_y_5=0.500
d_y_6=0.500
d_y_8=0.750
d_y_9=0.333
normalized distance of container 0 : 0.3888888888888889
normalized distance of container 1 : 0.48148148148148145
normalized distance of container 2 : 0.25925925925925924
normalized distance of container 3 : 0.3333333333333333
normalized distance of container 4 : 0.16666666666666666
normalized distance of container 5 : 0.11111111111111081
normalized distance of container 6 : 0.11111111111111062
normalized distance of container 7 : 0.2222222222222222
normalized distance of container 8 : 0.11111111111111091
normalized distance of container 9 : 0.03703703703703703
