Number of initial container : 5
Number of new container : 5
Total number of containers : 10
Level_num : 9
Container_level : [6, 5, 8, 6, 9, 1, 8, 3, 8, 1]
ideal_configuration : 
 [[0. 0. 0. 0. 0. 0.]
 [8. 0. 0. 0. 0. 0.]
 [5. 8. 0. 0. 0. 0.]
 [1. 6. 8. 0. 0. 0.]
 [1. 3. 6. 9. 0. 0.]]
Centroid : {6: (1.5, 0.5), 5: (0.0, 2.0), 8: (1.0, 2.0), 9: (3.0, 0.0), 1: (0.0, 0.5), 3: (1.0, 0.0)}
Repeat number : 6
Original weight : [11.17, 5.04, 5.24, 17.79, 23.45, 23.32, 6.26, 7.46, 19.52, 20.64]
Group : [2, 2, 3, 2, 3, 0, 3, 1, 3, 0]
Sequence : [0, 0, 0, 0, 0, 1, 2, 3, 4, 5]
Scroe : [211.17, 205.04, 305.24, 217.79, 323.45, 23.32, 306.26, 107.46, 319.52, 20.64]
Time taken to solve the MIP model : 0.0100 seconds
min_d : 0, max_d : 9
---------------------------------
solution for: IP model
objective: 2.44444
x_0_3_0=1
x_1_5_0=1
x_2_3_1=1
x_3_3_2=1
x_4_1_0=1
x_5_0_0=1
x_6_0_1=1
x_7_2_0=1
x_8_0_2=1
x_9_4_0=1
r_3_1=1
r_3_2=1
r_3_4=-0
d_0=2.000
d_1=7.000
d_2=3.000
d_3=3.000
d_4=2.000
d_5=0.500
d_6=2.000
d_7=1.000
d_8=1.000
d_9=4.500
d_x_0=1.500
d_x_1=5.000
d_x_2=2.000
d_x_3=1.500
d_x_4=2.000
d_x_6=1.000
d_x_7=1.000
d_x_8=1.000
d_x_9=4.000
d_y_0=0.500
d_y_1=2.000
d_y_2=1.000
d_y_3=1.500
d_y_5=0.500
d_y_6=1.000
d_y_9=0.500
normalized distance of container 0 : 0.2222222222222222
normalized distance of container 1 : 0.7777777777777778
normalized distance of container 2 : 0.3333333333333333
normalized distance of container 3 : 0.3333333333333333
normalized distance of container 4 : 0.2222222222222222
normalized distance of container 5 : 0.05555555555555555
normalized distance of container 6 : 0.2222222222222222
normalized distance of container 7 : 0.1111111111111111
normalized distance of container 8 : 0.1111111111111111
normalized distance of container 9 : 0.4999999999999998
