Number of initial container : 5
Number of new container : 5
Total number of containers : 10
Level_num : 9
Container_level : [3, 3, 8, 3, 6, 1, 9, 8, 6, 1]
ideal_configuration : 
 [[0. 0. 0. 0. 0. 0.]
 [6. 0. 0. 0. 0. 0.]
 [3. 8. 0. 0. 0. 0.]
 [1. 3. 8. 0. 0. 0.]
 [1. 3. 6. 9. 0. 0.]]
Centroid : {3: (0.6666666666666666, 1.0), 8: (1.5, 1.5), 6: (1.0, 1.5), 1: (0.0, 0.5), 9: (3.0, 0.0)}
Repeat number : 4
Original weight : [7.89, 7.17, 10.06, 9.31, 15.77, 18.07, 23.23, 17.75, 21.26, 18.4]
Group : [1, 1, 3, 1, 2, 0, 3, 3, 2, 0]
Sequence : [0, 0, 0, 0, 0, 1, 2, 3, 4, 5]
Scroe : [107.89, 107.17, 310.06, 109.31, 215.77, 18.07, 323.23, 317.75, 221.26, 18.4]
Time taken to solve the MIP model : 0.0239 seconds
min_d : 0, max_d : 9
---------------------------------
solution for: IP model
objective: 2.05556
x_0_4_0=1
x_1_2_0=1
x_2_2_1=1
x_3_3_0=1
x_4_2_2=1
x_5_1_0=1
x_6_3_1=1
x_7_4_1=1
x_8_1_1=1
x_9_0_0=1
r_2_1=1
r_2_2=1
d_0=4.333
d_1=2.333
d_2=1.000
d_3=3.333
d_4=1.500
d_5=1.500
d_6=1.000
d_7=3.000
d_8=0.500
d_9=0.500
d_x_0=3.333
d_x_1=1.333
d_x_2=0.500
d_x_3=2.333
d_x_4=1.000
d_x_5=1.000
d_x_7=2.500
d_y_0=1.000
d_y_1=1.000
d_y_2=0.500
d_y_3=1.000
d_y_4=0.500
d_y_5=0.500
d_y_6=1.000
d_y_7=0.500
d_y_8=0.500
d_y_9=0.500
normalized distance of container 0 : 0.48148148148148157
normalized distance of container 1 : 0.2592592592592593
normalized distance of container 2 : 0.1111111111111111
normalized distance of container 3 : 0.3703703703703704
normalized distance of container 4 : 0.16666666666666666
normalized distance of container 5 : 0.16666666666666663
normalized distance of container 6 : 0.1111111111111111
normalized distance of container 7 : 0.3333333333333329
normalized distance of container 8 : 0.05555555555555555
normalized distance of container 9 : 0.055555555555555455
