Number of initial container : 0
Number of new container : 10
Total number of containers : 10
Level_num : 9
Container_level : [9, 1, 6, 6, 8, 3, 6, 6, 8, 3]
ideal_configuration : 
 [[0. 0. 0. 0. 0. 0.]
 [6. 0. 0. 0. 0. 0.]
 [6. 8. 0. 0. 0. 0.]
 [3. 6. 8. 0. 0. 0.]
 [1. 3. 6. 9. 0. 0.]]
Centroid : {9: (3.0, 0.0), 1: (0.0, 0.0), 6: (0.75, 1.5), 8: (1.5, 1.5), 3: (0.5, 0.5)}
Repeat number : 30
Original weight : [21.52, 8.54, 18.29, 7.85, 18.86, 16.24, 13.51, 14.82, 15.95, 7.5]
Group : [3, 0, 2, 2, 3, 1, 2, 2, 3, 1]
Sequence : [1, 2, 3, 4, 5, 6, 7, 8, 9, 10]
Scroe : [321.52, 8.54, 218.29, 207.85, 318.86, 116.24, 213.51, 214.82, 315.95, 107.5]
Time taken to solve the MIP model : 0.1091 seconds
min_d : 0, max_d : 9
---------------------------------
solution for: IP model
objective: 0.722222
x_0_3_0=1
x_1_0_0=1
x_2_2_0=1
x_3_0_1=1
x_4_2_1=1
x_5_1_0=1
x_6_0_2=1
x_7_1_1=1
x_8_1_2=1
x_9_4_0=1
d_2=2.750
d_3=1.250
d_4=1.000
d_5=1.000
d_6=1.250
d_7=0.750
d_8=1.000
d_9=4.000
d_x_2=1.250
d_x_3=0.750
d_x_4=0.500
d_x_5=0.500
d_x_6=0.750
d_x_7=0.250
d_x_8=0.500
d_x_9=3.500
d_y_2=1.500
d_y_3=0.500
d_y_4=0.500
d_y_5=0.500
d_y_6=0.500
d_y_7=0.500
d_y_8=0.500
d_y_9=0.500
normalized distance of container 0 : 0.0
normalized distance of container 1 : 0.0
normalized distance of container 2 : 0.30555555555555514
normalized distance of container 3 : 0.1388888888888889
normalized distance of container 4 : 0.11111111111110993
normalized distance of container 5 : 0.11111111111110875
normalized distance of container 6 : 0.1388888888888881
normalized distance of container 7 : 0.08333333333333096
normalized distance of container 8 : 0.1111111111111103
normalized distance of container 9 : 0.44444444444444287
