Number of initial container : 0
Number of new container : 10
Total number of containers : 10
Level_num : 9
Container_level : [3, 3, 6, 3, 1, 1, 8, 9, 1, 3]
ideal_configuration : 
 [[0. 0. 0. 0. 0. 0.]
 [3. 0. 0. 0. 0. 0.]
 [3. 6. 0. 0. 0. 0.]
 [1. 3. 8. 0. 0. 0.]
 [1. 1. 3. 9. 0. 0.]]
Centroid : {3: (0.75, 1.5), 6: (1.0, 2.0), 1: (0.3333333333333333, 0.3333333333333333), 8: (2.0, 1.0), 9: (3.0, 0.0)}
Repeat number : 4
Original weight : [5.64, 13.31, 22.62, 19.71, 20.98, 7.08, 6.21, 17.91, 18.4, 12.46]
Group : [1, 1, 2, 1, 0, 0, 3, 3, 0, 1]
Sequence : [1, 2, 3, 4, 5, 6, 7, 8, 9, 10]
Scroe : [105.64, 113.31, 222.62, 119.71000000000001, 20.98, 7.08, 306.21, 317.91, 18.4, 112.46000000000001]
Time taken to solve the MIP model : 0.0478 seconds
min_d : 0, max_d : 9
---------------------------------
solution for: IP model
objective: 0.675926
x_0_1_0=1
x_1_1_1=1
x_2_1_2=1
x_3_2_0=1
x_4_4_0=1
x_5_0_0=1
x_6_2_1=1
x_7_3_0=1
x_8_0_1=1
x_9_0_2=1
d_0=1.750
d_1=0.750
d_3=2.750
d_4=4.000
d_5=0.667
d_8=1.000
d_9=1.250
d_x_0=0.250
d_x_1=0.250
d_x_3=1.250
d_x_4=3.667
d_x_5=0.333
d_x_8=0.333
d_x_9=0.750
d_y_0=1.500
d_y_1=0.500
d_y_3=1.500
d_y_4=0.333
d_y_5=0.333
d_y_8=0.667
d_y_9=0.500
normalized distance of container 0 : 0.19444444444444425
normalized distance of container 1 : 0.08333333333333284
normalized distance of container 2 : 0.0
normalized distance of container 3 : 0.30555555555555475
normalized distance of container 4 : 0.44444444444444353
normalized distance of container 5 : 0.07407407407407061
normalized distance of container 6 : 0.0
normalized distance of container 7 : 0.0
normalized distance of container 8 : 0.111111111111109
normalized distance of container 9 : 0.13888888888888806
