Number of initial container : 0
Number of new container : 10
Total number of containers : 10
Level_num : 9
Container_level : [3, 6, 1, 1, 1, 3, 3, 6, 9, 1]
ideal_configuration : 
 [[0. 0. 0. 0. 0. 0.]
 [3. 0. 0. 0. 0. 0.]
 [1. 6. 0. 0. 0. 0.]
 [1. 3. 6. 0. 0. 0.]
 [1. 1. 3. 9. 0. 0.]]
Centroid : {3: (1.0, 1.3333333333333333), 6: (1.5, 1.5), 1: (0.25, 0.75), 9: (3.0, 0.0)}
Repeat number : 25
Original weight : [22.96, 22.41, 18.98, 20.87, 19.07, 8.09, 11.56, 17.08, 9.49, 19.15]
Group : [1, 2, 0, 0, 0, 1, 1, 2, 3, 0]
Sequence : [1, 2, 3, 4, 5, 6, 7, 8, 9, 10]
Scroe : [122.96000000000001, 222.41, 18.98, 20.87, 19.07, 108.09, 111.56, 217.07999999999998, 309.49, 19.15]
Time taken to solve the MIP model : 0.0554 seconds
min_d : 0, max_d : 9
---------------------------------
solution for: IP model
objective: 0.601852
x_0_2_0=1
x_1_2_1=1
x_2_0_0=1
x_3_1_0=1
x_4_0_1=1
x_5_1_1=1
x_6_1_2=1
x_7_1_3=1
x_8_3_0=1
x_9_0_2=1
d_0=2.333
d_1=1.000
d_2=1.000
d_3=1.500
d_4=0.500
d_5=0.333
d_6=0.667
d_7=2.000
d_9=1.500
d_x_0=1.000
d_x_1=0.500
d_x_2=0.250
d_x_3=0.750
d_x_4=0.250
d_x_7=0.500
d_x_9=0.250
d_y_0=1.333
d_y_1=0.500
d_y_2=0.750
d_y_3=0.750
d_y_4=0.250
d_y_5=0.333
d_y_6=0.667
d_y_7=1.500
d_y_9=1.250
normalized distance of container 0 : 0.25925925925925924
normalized distance of container 1 : 0.11111111111111072
normalized distance of container 2 : 0.1111111111111111
normalized distance of container 3 : 0.16666666666666588
normalized distance of container 4 : 0.05555555555555536
normalized distance of container 5 : 0.03703703703703703
normalized distance of container 6 : 0.07407407407407342
normalized distance of container 7 : 0.2222222222222222
normalized distance of container 8 : 0.0
normalized distance of container 9 : 0.1666666666666643
