Number of initial container : 0
Number of new container : 10
Total number of containers : 10
Level_num : 9
Container_level : [6, 1, 9, 6, 1, 1, 1, 6, 8, 1]
ideal_configuration : 
 [[0. 0. 0. 0. 0. 0.]
 [6. 0. 0. 0. 0. 0.]
 [1. 6. 0. 0. 0. 0.]
 [1. 1. 8. 0. 0. 0.]
 [1. 1. 6. 9. 0. 0.]]
Centroid : {6: (1.0, 1.6666666666666667), 1: (0.4, 0.8), 9: (3.0, 0.0), 8: (2.0, 1.0)}
Repeat number : 20
Original weight : [14.02, 10.05, 23.34, 13.5, 18.2, 21.95, 21.01, 18.21, 20.42, 14.0]
Group : [2, 0, 3, 2, 0, 0, 0, 2, 3, 0]
Sequence : [1, 2, 3, 4, 5, 6, 7, 8, 9, 10]
Scroe : [214.02, 10.05, 323.34, 213.5, 18.2, 21.95, 21.01, 218.21, 320.42, 14.0]
Time taken to solve the MIP model : 0.1324 seconds
min_d : 0, max_d : 9
---------------------------------
solution for: IP model
objective: 0.87037
x_0_3_0=1
x_1_1_0=1
x_2_3_1=1
x_3_1_1=1
x_4_0_0=1
x_5_2_0=1
x_6_0_1=1
x_7_1_2=1
x_8_2_1=1
x_9_4_0=1
d_0=3.667
d_1=1.400
d_2=1.000
d_3=0.667
d_4=1.200
d_5=2.400
d_6=0.600
d_7=0.333
d_9=4.400
d_x_0=2.000
d_x_1=0.600
d_x_4=0.400
d_x_5=1.600
d_x_6=0.400
d_x_9=3.600
d_y_0=1.667
d_y_1=0.800
d_y_2=1.000
d_y_3=0.667
d_y_4=0.800
d_y_5=0.800
d_y_6=0.200
d_y_7=0.333
d_y_9=0.800
normalized distance of container 0 : 0.40740740740740744
normalized distance of container 1 : 0.15555555555555511
normalized distance of container 2 : 0.1111111111111111
normalized distance of container 3 : 0.07407407407407408
normalized distance of container 4 : 0.13333333333333336
normalized distance of container 5 : 0.266666666666666
normalized distance of container 6 : 0.0666666666666662
normalized distance of container 7 : 0.03703703703703651
normalized distance of container 8 : 0.0
normalized distance of container 9 : 0.48888888888888893
