Number of initial container : 0
Number of new container : 15
Total number of containers : 15
Level_num : 9
Container_level : [2, 2, 7, 3, 4, 7, 1, 5, 9, 8, 1, 3, 2, 4, 1]
ideal_configuration : 
 [[5. 0. 0. 0. 0. 0.]
 [3. 7. 0. 0. 0. 0.]
 [2. 3. 7. 0. 0. 0.]
 [1. 2. 4. 8. 0. 0.]
 [1. 1. 2. 4. 9. 0.]]
Centroid : {2: (2.0, 1.0), 7: (2.5, 2.5), 3: (1.5, 2.5), 4: (3.5, 0.5), 1: (1.3333333333333333, 0.3333333333333333), 5: (1.0, 4.0), 9: (5.0, 0.0), 8: (4.0, 1.0)}
Repeat number : 23
Original weight : [9.47, 8.84, 20.55, 10.95, 13.34, 20.16, 7.68, 15.02, 23.76, 21.77, 6.35, 12.18, 9.22, 14.14, 5.89]
Sequence : [1, 2, 3, 4, 5, 6, 7, 8, 9, 10, 11, 12, 13, 14, 15]
Emergency : [0, 0, 0, 0, 0, 0, 0, 0, 0, 0, 0, 0, 0, 0, 0]
Time taken to solve the MIP model : 5.1827 seconds
min_d : 0, max_d : 9
---------------------------------
solution for: IP model
objective: 1.75926
status: OPTIMAL_SOLUTION(2)
x_1_2_0=1
x_2_4_0=1
x_3_5_0=1
x_4_2_1=1
x_5_4_1=1
x_6_4_2=1
x_7_1_0=1
x_8_1_1=1
x_9_5_1=1
x_10_4_3=1
x_11_3_0=1
x_12_2_2=1
x_13_3_1=1
x_14_3_2=1
x_15_6_0=1
d_1=1.000
d_2=3.000
d_3=5.000
d_4=2.000
d_5=1.000
d_6=2.000
d_7=0.667
d_8=3.000
d_9=1.000
d_10=2.000
d_11=2.000
d_12=1.000
d_13=1.000
d_14=2.000
d_15=5.000
d_x_2=2.000
d_x_3=2.500
d_x_4=0.500
d_x_5=0.500
d_x_6=1.500
d_x_7=0.333
d_x_11=1.667
d_x_12=0.500
d_x_13=1.000
d_x_14=0.500
d_x_15=4.667
d_y_1=1.000
d_y_2=1.000
d_y_3=2.500
d_y_4=1.500
d_y_5=0.500
d_y_6=0.500
d_y_7=0.333
d_y_8=3.000
d_y_9=1.000
d_y_10=2.000
d_y_11=0.333
d_y_12=0.500
d_y_14=1.500
d_y_15=0.333
normalized distance of container 1 : 0.1111111111111111
normalized distance of container 2 : 0.3333333333333333
normalized distance of container 3 : 0.5555555555555555
normalized distance of container 4 : 0.22222222222222066
normalized distance of container 5 : 0.1111111111111111
normalized distance of container 6 : 0.2222222222222222
normalized distance of container 7 : 0.07407407407407196
normalized distance of container 8 : 0.3333333333333333
normalized distance of container 9 : 0.1111111111111111
normalized distance of container 10 : 0.2222222222222222
normalized distance of container 11 : 0.2222222222222222
normalized distance of container 12 : 0.11111111111111188
normalized distance of container 13 : 0.1111111111111111
normalized distance of container 14 : 0.22222222222222182
normalized distance of container 15 : 0.5555555555555542
