Number of initial container : 0
Number of new container : 15
Total number of containers : 15
Level_num : 9
Container_level : [3, 2, 5, 2, 9, 7, 6, 4, 1, 2, 5, 6, 2, 6, 1]
ideal_configuration : 
 [[6. 0. 0. 0. 0. 0.]
 [3. 6. 0. 0. 0. 0.]
 [2. 4. 6. 0. 0. 0.]
 [1. 2. 5. 7. 0. 0.]
 [1. 2. 2. 5. 9. 0.]]
Centroid : {3: (1.0, 3.0), 2: (2.0, 0.75), 5: (3.5, 0.5), 9: (5.0, 0.0), 7: (4.0, 1.0), 6: (2.0, 3.0), 4: (2.0, 2.0), 1: (1.0, 0.5)}
Repeat number : 2
Original weight : [11.33, 8.66, 15.31, 8.12, 23.2, 19.83, 16.83, 12.3, 5.69, 9.15, 16.21, 16.76, 9.66, 18.79, 7.15]
Sequence : [1, 2, 3, 4, 5, 6, 7, 8, 9, 10, 11, 12, 13, 14, 15]
Emergency : [0, 0, 0, 0, 0, 0, 0, 0, 0, 0, 0, 0, 0, 0, 0]
Time taken to solve the MIP model : 0.4434 seconds
min_d : 0, max_d : 9
---------------------------------
solution for: IP model
objective: 1.27778
x_1_3_0=1
x_2_4_0=1
x_3_4_1=1
x_4_2_0=1
x_5_5_0=1
x_6_6_0=1
x_7_4_2=1
x_8_3_1=1
x_9_1_0=1
x_10_2_1=1
x_11_3_2=1
x_12_3_3=1
x_13_2_2=1
x_14_2_3=1
x_15_1_1=1
d_1=5.000
d_2=2.750
d_3=1.000
d_4=0.750
d_6=3.000
d_7=3.000
d_8=2.000
d_9=0.500
d_10=0.250
d_11=2.000
d_12=1.000
d_13=1.250
d_15=0.500
d_x_1=2.000
d_x_2=2.000
d_x_3=0.500
d_x_6=2.000
d_x_7=2.000
d_x_8=1.000
d_x_11=0.500
d_x_12=1.000
d_y_1=3.000
d_y_2=0.750
d_y_3=0.500
d_y_4=0.750
d_y_6=1.000
d_y_7=1.000
d_y_8=1.000
d_y_9=0.500
d_y_10=0.250
d_y_11=1.500
d_y_13=1.250
d_y_15=0.500
normalized distance of container 1 : 0.5555555555555556
normalized distance of container 2 : 0.3055555555555556
normalized distance of container 3 : 0.1111111111111111
normalized distance of container 4 : 0.08333333333333333
normalized distance of container 5 : 0.0
normalized distance of container 6 : 0.3333333333333333
normalized distance of container 7 : 0.3333333333333333
normalized distance of container 8 : 0.2222222222222222
normalized distance of container 9 : 0.05555555555555555
normalized distance of container 10 : 0.02777777777777699
normalized distance of container 11 : 0.22222222222222066
normalized distance of container 12 : 0.1111111111111111
normalized distance of container 13 : 0.1388888888888881
normalized distance of container 14 : 0.0
normalized distance of container 15 : 0.05555555555555555
