Number of initial container : 0
Number of new container : 15
Total number of containers : 15
Level_num : 9
Container_level : [6, 1, 3, 1, 3, 1, 1, 2, 7, 9, 8, 8, 4, 3, 5]
ideal_configuration : 
 [[6. 0. 0. 0. 0. 0.]
 [3. 7. 0. 0. 0. 0.]
 [1. 3. 8. 0. 0. 0.]
 [1. 2. 4. 8. 0. 0.]
 [1. 1. 3. 5. 9. 0.]]
Centroid : {6: (1.0, 4.0), 1: (1.25, 0.75), 3: (2.0, 1.6666666666666667), 2: (2.0, 1.0), 7: (2.0, 3.0), 9: (5.0, 0.0), 8: (3.5, 1.5), 4: (3.0, 1.0), 5: (4.0, 0.0)}
Repeat number : 13
Original weight : [18.0, 9.6, 13.08, 8.79, 12.55, 9.52, 9.84, 10.54, 19.33, 21.32, 20.18, 20.05, 14.22, 11.93, 16.08]
Sequence : [1, 2, 3, 4, 5, 6, 7, 8, 9, 10, 11, 12, 13, 14, 15]
Emergency : [0, 0, 0, 0, 0, 0, 0, 0, 0, 0, 0, 0, 0, 0, 0]
Time taken to solve the MIP model : 0.6897 seconds
min_d : 0, max_d : 9
---------------------------------
solution for: IP model
objective: 1.50926
x_1_3_0=1
x_2_2_0=1
x_3_4_0=1
x_4_1_0=1
x_5_5_0=1
x_6_1_1=1
x_7_1_2=1
x_8_2_1=1
x_9_1_3=1
x_10_6_0=1
x_11_3_1=1
x_12_5_1=1
x_13_4_1=1
x_14_2_2=1
x_15_4_2=1
d_1=6.000
d_2=1.500
d_3=3.667
d_4=1.000
d_5=4.667
d_6=0.500
d_7=1.500
d_9=1.000
d_10=1.000
d_11=1.000
d_12=2.000
d_13=1.000
d_14=0.333
d_15=2.000
d_x_1=2.000
d_x_2=0.750
d_x_3=2.000
d_x_4=0.250
d_x_5=3.000
d_x_6=0.250
d_x_7=0.250
d_x_9=1.000
d_x_10=1.000
d_x_11=0.500
d_x_12=1.500
d_x_13=1.000
d_y_1=4.000
d_y_2=0.750
d_y_3=1.667
d_y_4=0.750
d_y_5=1.667
d_y_6=0.250
d_y_7=1.250
d_y_11=0.500
d_y_12=0.500
d_y_14=0.333
d_y_15=2.000
normalized distance of container 1 : 0.6666666666666666
normalized distance of container 2 : 0.16666666666666666
normalized distance of container 3 : 0.40740740740740744
normalized distance of container 4 : 0.1111111111111111
normalized distance of container 5 : 0.5185185185185186
normalized distance of container 6 : 0.055555555555554754
normalized distance of container 7 : 0.16666666666666588
normalized distance of container 8 : 0.0
normalized distance of container 9 : 0.1111111111111111
normalized distance of container 10 : 0.1111111111111111
normalized distance of container 11 : 0.1111111111111111
normalized distance of container 12 : 0.2222222222222222
normalized distance of container 13 : 0.1111111111111111
normalized distance of container 14 : 0.03703703703703701
normalized distance of container 15 : 0.2222222222222222
