Number of initial container : 0
Number of new container : 15
Total number of containers : 15
Level_num : 9
Container_level : [4, 6, 8, 8, 1, 7, 5, 8, 1, 2, 8, 3, 5, 1, 4]
ideal_configuration : 
 [[7. 0. 0. 0. 0. 0.]
 [4. 8. 0. 0. 0. 0.]
 [2. 5. 8. 0. 0. 0.]
 [1. 3. 5. 8. 0. 0.]
 [1. 1. 4. 6. 8. 0.]]
Centroid : {4: (2.0, 1.5), 6: (4.0, 0.0), 8: (3.5, 1.5), 1: (1.3333333333333333, 0.3333333333333333), 7: (1.0, 4.0), 5: (2.5, 1.5), 2: (1.0, 2.0), 3: (2.0, 1.0)}
Repeat number : 24
Original weight : [12.16, 17.26, 20.57, 22.22, 6.53, 18.52, 15.14, 22.24, 6.45, 9.57, 20.26, 12.12, 15.89, 6.1, 13.78]
Sequence : [1, 2, 3, 4, 5, 6, 7, 8, 9, 10, 11, 12, 13, 14, 15]
Emergency : [0, 0, 0, 0, 0, 0, 0, 0, 0, 0, 0, 0, 0, 0, 0]
Time taken to solve the MIP model : 0.6130 seconds
min_d : 0, max_d : 9
---------------------------------
solution for: IP model
objective: 1.42593
x_1_3_0=1
x_2_4_0=1
x_3_4_1=1
x_4_4_2=1
x_5_1_0=1
x_6_1_1=1
x_7_3_1=1
x_8_4_3=1
x_9_2_0=1
x_10_2_1=1
x_11_3_2=1
x_12_2_2=1
x_13_2_3=1
x_13_6_0=0
x_13_6_1=0
x_13_6_2=0
x_14_5_0=1
x_15_5_1=1
d_1=2.500
d_3=1.000
d_4=1.000
d_5=0.667
d_6=3.000
d_7=1.000
d_8=2.000
d_9=1.000
d_10=2.000
d_11=1.000
d_12=1.000
d_13=2.000
d_14=4.000
d_15=3.500
d_x_1=1.000
d_x_3=0.500
d_x_4=0.500
d_x_5=0.333
d_x_7=0.500
d_x_8=0.500
d_x_9=0.667
d_x_10=1.000
d_x_11=0.500
d_x_13=0.500
d_x_14=3.667
d_x_15=3.000
d_y_1=1.500
d_y_3=0.500
d_y_4=0.500
d_y_5=0.333
d_y_6=3.000
d_y_7=0.500
d_y_8=1.500
d_y_9=0.333
d_y_10=1.000
d_y_11=0.500
d_y_12=1.000
d_y_13=1.500
d_y_14=0.333
d_y_15=0.500
normalized distance of container 1 : 0.2777777777777778
normalized distance of container 2 : 0.0
normalized distance of container 3 : 0.1111111111111111
normalized distance of container 4 : 0.11111111111111072
normalized distance of container 5 : 0.07407407407407406
normalized distance of container 6 : 0.3333333333333333
normalized distance of container 7 : 0.1111111111111111
normalized distance of container 8 : 0.2222222222222222
normalized distance of container 9 : 0.11111111111111109
normalized distance of container 10 : 0.2222222222222222
normalized distance of container 11 : 0.11111111111111031
normalized distance of container 12 : 0.1111111111111111
normalized distance of container 13 : 0.22222192581985112
normalized distance of container 14 : 0.4444444444444444
normalized distance of container 15 : 0.3888888888888889
