Number of initial container : 0
Number of new container : 15
Total number of containers : 15
Level_num : 9
Container_level : [3, 3, 6, 1, 9, 1, 4, 1, 7, 2, 1, 3, 4, 4, 4]
ideal_configuration : 
 [[4. 0. 0. 0. 0. 0.]
 [3. 4. 0. 0. 0. 0.]
 [1. 3. 6. 0. 0. 0.]
 [1. 2. 4. 7. 0. 0.]
 [1. 1. 3. 4. 9. 0.]]
Centroid : {3: (1.0, 1.6666666666666667), 6: (2.0, 2.0), 1: (0.25, 0.75), 9: (4.0, 0.0), 4: (1.5, 2.0), 7: (3.0, 1.0), 2: (1.0, 1.0)}
Repeat number : 1
Original weight : [11.72, 10.1, 17.79, 6.44, 23.02, 6.43, 13.19, 5.39, 19.65, 9.6, 6.08, 10.41, 13.01, 12.72, 12.99]
Sequence : [1, 2, 3, 4, 5, 6, 7, 8, 9, 10, 11, 12, 13, 14, 15]
Emergency : [0, 0, 0, 0, 0, 0, 0, 0, 0, 0, 0, 0, 0, 0, 0]
Time taken to solve the MIP model : 0.2191 seconds
min_d : 0, max_d : 9
---------------------------------
solution for: IP model
objective: 1.38889
status: OPTIMAL_SOLUTION(2)
x_0_3_0=1
x_1_1_0=1
x_2_3_1=1
x_3_0_0=1
x_3_1_1=0
x_4_5_0=1
x_5_0_0=0
x_5_0_1=1
x_6_4_0=1
x_7_2_0=1
x_8_4_1=1
x_9_0_2=1
x_9_0_3=0
x_10_2_1=1
x_11_0_3=0
x_11_1_1=1
x_12_1_2=1
x_13_2_2=1
x_14_2_3=1
d_0=3.667
d_1=1.667
d_2=2.000
d_3=1.000
d_4=1.000
d_5=0.500
d_6=4.500
d_7=2.500
d_8=1.000
d_9=2.000
d_10=2.000
d_11=0.667
d_12=0.500
d_13=0.500
d_14=1.500
d_x_0=2.000
d_x_2=1.000
d_x_3=0.250
d_x_4=1.000
d_x_5=0.250
d_x_6=2.500
d_x_7=1.750
d_x_8=1.000
d_x_9=1.000
d_x_10=1.750
d_x_11=0.000
d_x_12=0.500
d_x_13=0.500
d_x_14=0.500
d_y_0=1.667
d_y_1=1.667
d_y_2=1.000
d_y_3=0.750
d_y_5=0.250
d_y_6=2.000
d_y_7=0.750
d_y_9=1.000
d_y_10=0.250
d_y_11=0.667
d_y_14=1.000
normalized distance of container 0 : 0.40740740740740744
normalized distance of container 1 : 0.1851851851851852
normalized distance of container 2 : 0.2222222222222222
normalized distance of container 3 : 0.1111111111111111
normalized distance of container 4 : 0.1111111111111111
normalized distance of container 5 : 0.0555556111467999
normalized distance of container 6 : 0.4999999999999992
normalized distance of container 7 : 0.2777777777777762
normalized distance of container 8 : 0.1111111111111111
normalized distance of container 9 : 0.2222223334047125
normalized distance of container 10 : 0.22222222222221985
normalized distance of container 11 : 0.07407425937822452
normalized distance of container 12 : 0.05555555555555555
normalized distance of container 13 : 0.05555555555555477
normalized distance of container 14 : 0.16666666666666666
