Number of initial container : 0
Number of new container : 15
Total number of containers : 15
Level_num : 9
Container_level : [3, 8, 9, 2, 5, 1, 6, 4, 7, 4, 1, 2, 4, 6, 8]
ideal_configuration : 
 [[6. 0. 0. 0. 0. 0.]
 [4. 7. 0. 0. 0. 0.]
 [2. 4. 8. 0. 0. 0.]
 [1. 3. 5. 8. 0. 0.]
 [1. 2. 4. 6. 9. 0.]]
Centroid : {3: (2.0, 1.0), 8: (3.5, 1.5), 9: (5.0, 0.0), 2: (1.5, 1.0), 5: (3.0, 1.0), 1: (1.0, 0.5), 6: (2.5, 2.0), 4: (2.0, 1.6666666666666667), 7: (2.0, 3.0)}
Repeat number : 16
Original weight : [10.9, 21.46, 23.34, 9.45, 16.51, 6.39, 18.25, 13.62, 20.32, 14.43, 5.75, 8.84, 13.22, 18.78, 21.4]
Sequence : [1, 2, 3, 4, 5, 6, 7, 8, 9, 10, 11, 12, 13, 14, 15]
Emergency : [0, 0, 0, 0, 0, 0, 0, 0, 0, 0, 0, 0, 0, 0, 0]
Time taken to solve the MIP model : 0.6285 seconds
min_d : 0, max_d : 9
---------------------------------
solution for: IP model
objective: 0.907408
status: OPTIMAL_SOLUTION(2)
x_1_4_0=1
x_2_4_1=1
x_3_5_0=1
x_4_3_0=1
x_5_3_1=1
x_6_1_0=1
x_7_3_2=1
x_8_1_1=1
x_9_3_3=1
x_10_1_2=1
x_11_2_0=1
x_12_2_1=1
x_13_2_2=1
x_14_2_3=1
x_15_2_4=0
x_15_4_2=1
d_1=3.000
d_2=1.000
d_4=2.500
d_6=0.500
d_7=0.500
d_8=1.667
d_9=1.000
d_10=1.333
d_11=1.500
d_12=0.500
d_13=0.333
d_14=1.500
d_15=1.000
d_x_1=2.000
d_x_2=0.500
d_x_4=1.500
d_x_7=0.500
d_x_8=1.000
d_x_9=1.000
d_x_10=1.000
d_x_11=1.000
d_x_12=0.500
d_x_14=0.500
d_x_15=0.500
d_y_1=1.000
d_y_2=0.500
d_y_4=1.000
d_y_6=0.500
d_y_8=0.667
d_y_10=0.333
d_y_11=0.500
d_y_13=0.333
d_y_14=1.000
d_y_15=0.500
normalized distance of container 1 : 0.3333333333333333
normalized distance of container 2 : 0.1111111111111111
normalized distance of container 3 : 0.0
normalized distance of container 4 : 0.2777777777777778
normalized distance of container 5 : 0.0
normalized distance of container 6 : 0.05555555555555555
normalized distance of container 7 : 0.05555555555555555
normalized distance of container 8 : 0.1851851851851852
normalized distance of container 9 : 0.1111111111111111
normalized distance of container 10 : 0.1481481481481476
normalized distance of container 11 : 0.16666666666666666
normalized distance of container 12 : 0.05555555555555555
normalized distance of container 13 : 0.03703703703703651
normalized distance of container 14 : 0.16666666666666666
normalized distance of container 15 : 0.11111211325570053
