Number of initial container : 3
Number of new container : 17
Total number of containers : 20
Level_num : 9
Container_level : [9, 2, 1, 2, 2, 2, 3, 5, 4, 3, 2, 8, 6, 5, 3, 8, 6, 1, 7, 4]
ideal_configuration : 
 [[4. 6. 0. 0. 0. 0.]
 [2. 4. 7. 0. 0. 0.]
 [2. 3. 5. 8. 0. 0.]
 [1. 2. 3. 5. 8. 0.]
 [1. 2. 2. 3. 6. 9.]]
Centroid : {9: (5.0, 0.0), 2: (0.8, 1.2), 1: (0.0, 0.5), 3: (2.0, 1.0), 5: (2.5, 1.5), 4: (0.5, 3.5), 8: (3.5, 1.5), 6: (2.5, 2.0), 7: (2.0, 3.0)}
Repeat number : 13
Original weight : [23.85, 9.31, 5.19, 7.61, 8.45, 9.51, 10.35, 14.67, 13.43, 12.0, 8.82, 23.45, 18.68, 16.41, 11.35, 23.64, 17.16, 5.82, 21.03, 12.79]
Sequence : [0, 0, 0, 1, 2, 3, 4, 5, 6, 7, 8, 9, 10, 11, 12, 13, 14, 15, 16, 17]
Emergency : [0, 0, 0, 0, 0, 0, 0, 0, 0, 0, 0, 0, 0, 0, 0, 0, 0, 0, 0, 0]
Time taken to solve the MIP model : 1.1515 seconds
min_d : 0, max_d : 9
---------------------------------
solution for: IP model
objective: 1.81111
status: OPTIMAL_SOLUTION(2)
x_0_5_0=1
x_1_3_0=1
x_2_2_0=1
x_3_1_0=1
x_4_1_1=1
x_5_2_1=1
x_6_2_2=1
x_7_4_0=1
x_8_2_3=1
x_9_3_1=1
x_10_1_2=1
x_11_4_1=1
x_12_2_4=1
x_13_3_2=1
x_14_1_3=1
x_15_4_2=1
x_16_3_3=1
x_17_0_0=1
x_18_3_4=1
x_19_0_1=1
d_1=3.400
d_2=2.500
d_3=1.400
d_4=0.400
d_5=1.400
d_6=1.000
d_7=3.000
d_8=2.000
d_9=1.000
d_10=1.000
d_11=1.000
d_12=2.500
d_13=1.000
d_14=3.000
d_15=1.000
d_16=1.500
d_17=0.500
d_18=2.000
d_19=3.000
d_x_1=2.200
d_x_2=2.000
d_x_3=0.200
d_x_4=0.200
d_x_5=1.200
d_x_7=1.500
d_x_8=1.500
d_x_9=1.000
d_x_10=0.200
d_x_11=0.500
d_x_12=0.500
d_x_13=0.500
d_x_14=1.000
d_x_15=0.500
d_x_16=0.500
d_x_18=1.000
d_x_19=0.500
d_y_1=1.200
d_y_2=0.500
d_y_3=1.200
d_y_4=0.200
d_y_5=0.200
d_y_6=1.000
d_y_7=1.500
d_y_8=0.500
d_y_10=0.800
d_y_11=0.500
d_y_12=2.000
d_y_13=0.500
d_y_14=2.000
d_y_15=0.500
d_y_16=1.000
d_y_17=0.500
d_y_18=1.000
d_y_19=2.500
normalized distance of container 0 : 0.0
normalized distance of container 1 : 0.3777777777777778
normalized distance of container 2 : 0.2777777777777778
normalized distance of container 3 : 0.15555555555555547
normalized distance of container 4 : 0.04444444444444397
normalized distance of container 5 : 0.15555555555555467
normalized distance of container 6 : 0.1111111111111111
normalized distance of container 7 : 0.3333333333333329
normalized distance of container 8 : 0.22222222222222066
normalized distance of container 9 : 0.1111111111111111
normalized distance of container 10 : 0.11111111111110993
normalized distance of container 11 : 0.11111111111111091
normalized distance of container 12 : 0.2777777777777778
normalized distance of container 13 : 0.11111111111111072
normalized distance of container 14 : 0.3333333333333333
normalized distance of container 15 : 0.11111111111111091
normalized distance of container 16 : 0.16666666666666627
normalized distance of container 17 : 0.05555555555555555
normalized distance of container 18 : 0.2222222222222222
normalized distance of container 19 : 0.3333333333333333
