Number of initial container : 5
Number of new container : 10
Total number of containers : 15
Level_num : 9
Container_level : [2, 4, 5, 5, 5, 5, 3, 1, 8, 7, 1, 8, 7, 9, 6]
ideal_configuration : 
 [[7. 0. 0. 0. 0. 0.]
 [5. 7. 0. 0. 0. 0.]
 [3. 5. 8. 0. 0. 0.]
 [1. 4. 5. 8. 0. 0.]
 [1. 2. 5. 6. 9. 0.]]
Centroid : {2: (1.0, 0.0), 4: (1.0, 1.0), 5: (1.25, 1.5), 3: (0.0, 2.0), 1: (0.0, 0.5), 8: (2.5, 1.5), 7: (0.5, 3.5), 9: (4.0, 0.0), 6: (3.0, 0.0)}
Repeat number : 14
Original weight : [8.6, 12.29, 16.13, 15.61, 16.55, 15.84, 10.58, 5.01, 22.8, 20.41, 5.73, 21.63, 20.86, 23.68, 17.38]
Group : [0, 0, 0, 0, 0, 0, 0, 0, 0, 0, 0, 0, 0, 0, 0]
Sequence : [0, 0, 0, 0, 0, 1, 2, 3, 4, 5, 6, 7, 8, 9, 10]
Scroe : [8.6, 12.29, 16.13, 15.61, 16.55, 15.84, 10.58, 5.01, 22.8, 20.41, 5.73, 21.63, 20.86, 23.68, 17.38]
Time taken to solve the MIP model : 0.0160 seconds
min_d : 0, max_d : 9
---------------------------------
solution for: IP model
objective: 0
x_0_0_0=1
x_1_1_0=1
x_2_5_0=1
x_3_1_1=1
x_4_5_1=1
x_5_4_0=1
x_6_3_0=1
x_7_2_0=1
x_8_5_2=1
x_9_3_1=1
x_10_2_1=1
x_11_1_2=1
x_12_4_1=1
x_13_3_2=1
x_14_2_2=1
d_0=1.000
d_1=1.000
d_2=5.250
d_3=0.750
d_4=4.250
d_5=5.000
d_6=5.000
d_7=3.000
d_8=4.000
d_9=6.000
d_10=3.000
d_11=3.000
d_12=7.000
d_13=3.000
d_14=3.000
d_x_0=1.000
d_x_2=3.750
d_x_3=0.250
d_x_4=3.750
d_x_5=3.000
d_x_6=3.000
d_x_7=2.000
d_x_8=3.000
d_x_9=3.000
d_x_10=2.000
d_x_11=2.000
d_x_12=4.000
d_x_13=1.000
d_x_14=1.000
d_y_1=1.000
d_y_2=1.500
d_y_3=0.500
d_y_4=0.500
d_y_5=2.000
d_y_6=2.000
d_y_7=1.000
d_y_8=1.000
d_y_9=3.000
d_y_10=1.000
d_y_11=1.000
d_y_12=3.000
d_y_13=2.000
d_y_14=2.000
normalized distance of container 0 : 0.1111111111111111
normalized distance of container 1 : 0.1111111111111111
normalized distance of container 2 : 0.5833333333333334
normalized distance of container 3 : 0.08333333333333333
normalized distance of container 4 : 0.4722222222222222
normalized distance of container 5 : 0.5555555555555556
normalized distance of container 6 : 0.5555555555555556
normalized distance of container 7 : 0.3333333333333333
normalized distance of container 8 : 0.4444444444444444
normalized distance of container 9 : 0.6666666666666666
normalized distance of container 10 : 0.3333333333333333
normalized distance of container 11 : 0.3333333333333333
normalized distance of container 12 : 0.7777777777777778
normalized distance of container 13 : 0.3333333333333333
normalized distance of container 14 : 0.3333333333333333
