Number of initial container : 5
Number of new container : 10
Total number of containers : 15
Level_num : 9
Container_level : [1, 9, 6, 8, 5, 2, 5, 5, 1, 1, 5, 7, 4, 8, 6]
ideal_configuration : 
 [[6. 0. 0. 0. 0. 0.]
 [5. 7. 0. 0. 0. 0.]
 [2. 5. 8. 0. 0. 0.]
 [1. 4. 5. 8. 0. 0.]
 [1. 1. 5. 6. 9. 0.]]
Centroid : {1: (0.3333333333333333, 0.3333333333333333), 9: (4.0, 0.0), 6: (1.5, 2.0), 8: (2.5, 1.5), 5: (1.25, 1.5), 2: (0.0, 2.0), 7: (1.0, 3.0), 4: (1.0, 1.0)}
Repeat number : 3
Original weight : [7.39, 21.85, 18.11, 20.49, 16.05, 10.22, 15.58, 14.99, 7.17, 8.23, 15.37, 19.55, 13.31, 20.35, 17.42]
Group : [0, 0, 0, 0, 0, 0, 0, 0, 0, 0, 0, 0, 0, 0, 0]
Sequence : [0, 0, 0, 0, 0, 1, 2, 3, 4, 5, 6, 7, 8, 9, 10]
Scroe : [7.39, 21.85, 18.11, 20.49, 16.05, 10.22, 15.58, 14.99, 7.17, 8.23, 15.37, 19.55, 13.31, 20.35, 17.42]
Time taken to solve the MIP model : 0.0700 seconds
min_d : 0, max_d : 9
---------------------------------
solution for: IP model
objective: 2
x_0_5_0=1
x_1_1_0=1
x_2_5_1=1
x_3_2_0=1
x_4_3_0=1
x_5_0_0=1
x_6_5_2=1
x_7_0_1=1
x_8_4_0=1
x_9_4_1=1
x_10_0_2=1
x_11_3_1=1
x_12_4_2=1
x_13_3_2=1
x_14_4_3=1
r_5_1=1
r_5_2=1
d_0=5.000
d_1=3.000
d_2=4.500
d_3=2.000
d_4=3.250
d_5=2.000
d_6=5.000
d_7=3.000
d_8=5.000
d_9=5.000
d_10=3.000
d_11=4.000
d_12=4.000
d_13=2.000
d_14=4.000
d_x_0=4.667
d_x_1=3.000
d_x_2=3.500
d_x_3=0.500
d_x_4=1.750
d_x_6=4.000
d_x_7=2.000
d_x_8=4.000
d_x_9=4.000
d_x_10=2.000
d_x_11=2.000
d_x_12=3.000
d_x_13=1.000
d_x_14=3.000
d_y_0=0.333
d_y_2=1.000
d_y_3=1.500
d_y_4=1.500
d_y_5=2.000
d_y_6=1.000
d_y_7=1.000
d_y_8=1.000
d_y_9=1.000
d_y_10=1.000
d_y_11=2.000
d_y_12=1.000
d_y_13=1.000
d_y_14=1.000
normalized distance of container 0 : 0.5555555555555556
normalized distance of container 1 : 0.3333333333333333
normalized distance of container 2 : 0.5
normalized distance of container 3 : 0.2222222222222222
normalized distance of container 4 : 0.3611111111111111
normalized distance of container 5 : 0.2222222222222222
normalized distance of container 6 : 0.5555555555555556
normalized distance of container 7 : 0.3333333333333333
normalized distance of container 8 : 0.5555555555555556
normalized distance of container 9 : 0.5555555555555556
normalized distance of container 10 : 0.3333333333333333
normalized distance of container 11 : 0.4444444444444444
normalized distance of container 12 : 0.4444444444444444
normalized distance of container 13 : 0.2222222222222222
normalized distance of container 14 : 0.4444444444444444
