Number of initial container : 7
Number of new container : 13
Total number of containers : 20
Level_num : 9
Container_level : [3, 6, 3, 6, 1, 3, 6, 4, 8, 2, 8, 3, 9, 6, 8, 2, 1, 4, 1, 5]
ideal_configuration : 
 [[4. 6. 0. 0. 0. 0.]
 [3. 5. 8. 0. 0. 0.]
 [2. 3. 6. 8. 0. 0.]
 [1. 2. 3. 6. 8. 0.]
 [1. 1. 3. 4. 6. 9.]]
Centroid : {3: (1.25, 1.5), 6: (2.5, 1.75), 1: (0.3333333333333333, 0.3333333333333333), 4: (1.5, 2.0), 8: (3.0, 2.0), 2: (0.5, 1.5), 9: (5.0, 0.0), 5: (1.0, 3.0)}
Repeat number : 21
Original weight : [11.49, 18.82, 12.33, 18.43, 5.66, 10.86, 19.0, 13.19, 22.91, 8.96, 22.12, 11.8, 23.82, 18.46, 22.16, 9.11, 7.3, 12.52, 6.03, 15.48]
Sequence : [0, 0, 0, 0, 0, 0, 0, 1, 2, 3, 4, 5, 6, 7, 8, 9, 10, 11, 12, 13]
Emergency : [0, 0, 0, 0, 0, 0, 0, 0, 0, 0, 0, 0, 0, 0, 0, 0, 0, 0, 0, 0]
Time taken to solve the MIP model : 0.1549 seconds
min_d : 0, max_d : 9
---------------------------------
solution for: IP model
objective: 3.77778
status: OPTIMAL_SOLUTION(2)
x_0_0_0=1
x_1_5_0=1
x_2_2_0=1
x_3_3_0=1
x_4_4_0=1
x_5_1_0=1
x_6_5_1=1
x_7_2_1=1
x_8_5_2=1
x_9_4_1=1
x_10_3_1=1
x_11_1_1=1
x_12_5_3=1
x_13_2_2=1
x_14_3_2=1
x_15_4_2=1
x_16_0_1=1
x_17_1_2=1
x_18_0_2=1
x_19_1_3=1
r_0_0=1
r_0_1=1
r_0_2=1
d_0=2.750
d_1=4.250
d_2=2.250
d_3=2.250
d_4=4.000
d_5=1.750
d_6=3.250
d_7=1.500
d_8=2.000
d_9=4.000
d_10=1.000
d_11=0.750
d_12=3.000
d_13=0.750
d_15=4.000
d_16=1.000
d_17=0.500
d_18=2.000
d_x_0=1.250
d_x_1=2.500
d_x_2=0.750
d_x_3=0.500
d_x_4=3.667
d_x_5=0.250
d_x_6=2.500
d_x_7=0.500
d_x_8=2.000
d_x_9=3.500
d_x_11=0.250
d_x_13=0.500
d_x_15=3.500
d_x_16=0.333
d_x_17=0.500
d_x_18=0.333
d_y_0=1.500
d_y_1=1.750
d_y_2=1.500
d_y_3=1.750
d_y_4=0.333
d_y_5=1.500
d_y_6=0.750
d_y_7=1.000
d_y_9=0.500
d_y_10=1.000
d_y_11=0.500
d_y_12=3.000
d_y_13=0.250
d_y_15=0.500
d_y_16=0.667
d_y_18=1.667
normalized distance of container 0 : 0.3055555555555556
normalized distance of container 1 : 0.4722222222222222
normalized distance of container 2 : 0.25
normalized distance of container 3 : 0.25
normalized distance of container 4 : 0.4444444444444444
normalized distance of container 5 : 0.19444444444444445
normalized distance of container 6 : 0.3611111111111111
normalized distance of container 7 : 0.16666666666666646
normalized distance of container 8 : 0.2222222222222222
normalized distance of container 9 : 0.44444444444444364
normalized distance of container 10 : 0.1111111111111111
normalized distance of container 11 : 0.08333333333333333
normalized distance of container 12 : 0.3333333333333333
normalized distance of container 13 : 0.08333333333333333
normalized distance of container 14 : 0.0
normalized distance of container 15 : 0.44444444444444364
normalized distance of container 16 : 0.1111111111111111
normalized distance of container 17 : 0.05555555555555555
normalized distance of container 18 : 0.2222222222222222
normalized distance of container 19 : 0.0
