Number of initial container : 7
Number of new container : 8
Total number of containers : 15
Level_num : 9
Container_level : [3, 8, 1, 4, 9, 2, 5, 6, 5, 1, 7, 7, 4, 3, 1]
ideal_configuration : 
 [[6. 0. 0. 0. 0. 0.]
 [4. 7. 0. 0. 0. 0.]
 [2. 4. 7. 0. 0. 0.]
 [1. 3. 5. 8. 0. 0.]
 [1. 1. 3. 5. 9. 0.]]
Centroid : {3: (1.5, 0.5), 8: (3.0, 1.0), 1: (0.3333333333333333, 0.3333333333333333), 4: (0.5, 2.5), 9: (4.0, 0.0), 2: (0.0, 2.0), 5: (2.5, 0.5), 6: (0.0, 4.0), 7: (1.5, 2.5)}
Repeat number : 20
Original weight : [11.75, 21.5, 5.59, 13.75, 22.19, 9.44, 14.5, 17.3, 15.71, 7.5, 19.11, 18.82, 13.36, 10.62, 7.28]
Group : [0, 0, 0, 0, 0, 0, 0, 0, 0, 0, 0, 0, 0, 0, 0]
Sequence : [0, 0, 0, 0, 0, 0, 0, 1, 2, 3, 4, 5, 6, 7, 8]
Scroe : [11.75, 21.5, 5.59, 13.75, 22.19, 9.44, 14.5, 17.3, 15.71, 7.5, 19.11, 18.82, 13.36, 10.62, 7.28]
Time taken to solve the MIP model : 0.0644 seconds
min_d : 0, max_d : 9
---------------------------------
solution for: IP model
objective: 3.44444
x_0_3_0=1
x_1_4_0=1
x_2_0_0=1
x_3_0_1=1
x_4_1_0=1
x_5_5_0=1
x_6_0_2=1
x_7_0_3=1
x_8_3_1=1
x_9_2_0=1
x_10_0_4=1
x_11_3_2=1
x_12_1_1=1
x_13_2_1=1
x_14_1_2=1
r_1_0=1
r_1_1=1
r_1_2=1
d_0=2.000
d_1=2.000
d_2=0.667
d_3=2.000
d_4=3.000
d_5=7.000
d_6=4.000
d_7=1.000
d_8=1.000
d_9=2.000
d_10=3.000
d_11=2.000
d_12=2.000
d_13=1.000
d_14=2.333
d_x_0=1.500
d_x_1=1.000
d_x_2=0.333
d_x_3=0.500
d_x_4=3.000
d_x_5=5.000
d_x_6=2.500
d_x_8=0.500
d_x_9=1.667
d_x_10=1.500
d_x_11=1.500
d_x_12=0.500
d_x_13=0.500
d_x_14=0.667
d_y_0=0.500
d_y_1=1.000
d_y_2=0.333
d_y_3=1.500
d_y_5=2.000
d_y_6=1.500
d_y_7=1.000
d_y_8=0.500
d_y_9=0.333
d_y_10=1.500
d_y_11=0.500
d_y_12=1.500
d_y_13=0.500
d_y_14=1.667
normalized distance of container 0 : 0.2222222222222222
normalized distance of container 1 : 0.2222222222222222
normalized distance of container 2 : 0.07407407407407407
normalized distance of container 3 : 0.2222222222222222
normalized distance of container 4 : 0.3333333333333333
normalized distance of container 5 : 0.7777777777777778
normalized distance of container 6 : 0.4444444444444444
normalized distance of container 7 : 0.1111111111111111
normalized distance of container 8 : 0.11111111111111052
normalized distance of container 9 : 0.22222222222222132
normalized distance of container 10 : 0.33333333333333315
normalized distance of container 11 : 0.22222222222222182
normalized distance of container 12 : 0.22222222222222066
normalized distance of container 13 : 0.11111111111110954
normalized distance of container 14 : 0.2592592592592593
