Number of initial container : 7
Number of new container : 8
Total number of containers : 15
Level_num : 9
Container_level : [2, 6, 4, 1, 9, 1, 4, 3, 8, 1, 1, 8, 6, 7, 5]
ideal_configuration : 
 [[6. 0. 0. 0. 0. 0.]
 [4. 7. 0. 0. 0. 0.]
 [1. 4. 8. 0. 0. 0.]
 [1. 2. 5. 8. 0. 0.]
 [1. 1. 3. 6. 9. 0.]]
Centroid : {2: (1.0, 1.0), 6: (1.5, 2.0), 4: (0.5, 2.5), 1: (0.25, 0.75), 9: (4.0, 0.0), 3: (2.0, 0.0), 8: (2.5, 1.5), 7: (1.0, 3.0), 5: (2.0, 1.0)}
Repeat number : 9
Original weight : [9.4, 18.52, 13.0, 7.11, 22.73, 8.26, 13.02, 12.84, 21.24, 7.72, 7.54, 22.39, 17.79, 19.01, 16.62]
Sequence : [0, 0, 0, 0, 0, 0, 0, 1, 2, 3, 4, 5, 6, 7, 8]
Emergency : [0, 0, 0, 0, 0, 0, 0, 0, 0, 0, 0, 0, 0, 0, 0]
Time taken to solve the MIP model : 0.0357 seconds
min_d : 0, max_d : 9
---------------------------------
solution for: IP model
objective: 4.27778
status: OPTIMAL_SOLUTION(2)
x_0_0_0=1
x_1_3_0=1
x_2_2_0=1
x_3_0_1=1
x_4_4_0=1
x_5_5_0=1
x_6_4_1=1
x_7_5_1=1
x_8_3_1=1
x_9_1_0=1
x_10_0_2=1
x_11_3_2=1
x_12_1_1=1
x_13_1_2=1
x_14_2_1=1
r_0_0=1
r_0_1=1
r_0_2=1
r_4_0=1
r_4_1=1
d_0=2.000
d_1=3.500
d_2=4.000
d_3=0.500
d_5=5.500
d_6=5.000
d_7=4.000
d_8=1.000
d_9=1.500
d_10=1.500
d_11=1.000
d_12=1.500
d_13=1.000
d_x_0=1.000
d_x_1=1.500
d_x_2=1.500
d_x_3=0.250
d_x_5=4.750
d_x_6=3.500
d_x_7=3.000
d_x_8=0.500
d_x_9=0.750
d_x_10=0.250
d_x_11=0.500
d_x_12=0.500
d_y_0=1.000
d_y_1=2.000
d_y_2=2.500
d_y_3=0.250
d_y_5=0.750
d_y_6=1.500
d_y_7=1.000
d_y_8=0.500
d_y_9=0.750
d_y_10=1.250
d_y_11=0.500
d_y_12=1.000
d_y_13=1.000
normalized distance of container 0 : 0.2222222222222222
normalized distance of container 1 : 0.3888888888888889
normalized distance of container 2 : 0.4444444444444444
normalized distance of container 3 : 0.05555555555555555
normalized distance of container 4 : 0.0
normalized distance of container 5 : 0.6111111111111112
normalized distance of container 6 : 0.5555555555555556
normalized distance of container 7 : 0.4444444444444444
normalized distance of container 8 : 0.11111111111111081
normalized distance of container 9 : 0.16666666666666666
normalized distance of container 10 : 0.1666666666666643
normalized distance of container 11 : 0.11111111111110993
normalized distance of container 12 : 0.16666666666666666
normalized distance of container 13 : 0.1111111111111111
normalized distance of container 14 : 0.0
