Number of initial container : 7
Number of new container : 8
Total number of containers : 15
Level_num : 9
Container_level : [4, 2, 1, 2, 9, 1, 8, 4, 4, 7, 7, 7, 8, 3, 7]
ideal_configuration : 
 [[7. 0. 0. 0. 0. 0.]
 [4. 7. 0. 0. 0. 0.]
 [2. 4. 8. 0. 0. 0.]
 [1. 3. 7. 8. 0. 0.]
 [1. 2. 4. 7. 9. 0.]]
Centroid : {4: (1.0, 1.6666666666666667), 2: (0.5, 1.0), 1: (0.0, 0.5), 9: (4.0, 0.0), 8: (2.5, 1.5), 7: (1.5, 2.0), 3: (1.0, 1.0)}
Repeat number : 22
Original weight : [13.8, 7.71, 6.09, 9.15, 23.78, 5.27, 23.51, 13.16, 13.19, 19.43, 19.19, 20.74, 23.26, 10.24, 19.28]
Group : [0, 0, 0, 0, 0, 0, 0, 0, 0, 0, 0, 0, 0, 0, 0]
Sequence : [0, 0, 0, 0, 0, 0, 0, 1, 2, 3, 4, 5, 6, 7, 8]
Scroe : [13.8, 7.71, 6.09, 9.15, 23.78, 5.27, 23.51, 13.16, 13.19, 19.43, 19.19, 20.74, 23.26, 10.24, 19.28]
Time taken to solve the MIP model : 0.0722 seconds
min_d : 0, max_d : 9
---------------------------------
solution for: IP model
objective: 4.72222
x_0_3_0=1
x_1_1_0=1
x_2_3_1=1
x_3_4_0=1
x_4_1_1=1
x_5_1_2=1
x_6_5_0=1
x_7_2_0=1
x_8_2_1=1
x_9_4_1=1
x_10_2_2=1
x_11_2_3=1
x_12_4_2=1
x_13_0_0=1
x_14_0_1=1
r_1_0=1
r_1_1=1
r_1_2=1
r_3_0=1
r_3_1=1
d_0=3.667
d_1=1.500
d_2=3.500
d_3=4.500
d_4=4.000
d_5=2.500
d_6=4.000
d_7=2.667
d_8=1.667
d_9=3.500
d_10=0.500
d_11=1.500
d_12=2.000
d_13=2.000
d_14=2.500
d_x_0=2.000
d_x_1=0.500
d_x_2=3.000
d_x_3=3.500
d_x_4=3.000
d_x_5=1.000
d_x_6=2.500
d_x_7=1.000
d_x_8=1.000
d_x_9=2.500
d_x_10=0.500
d_x_11=0.500
d_x_12=1.500
d_x_13=1.000
d_x_14=1.500
d_y_0=1.667
d_y_1=1.000
d_y_2=0.500
d_y_3=1.000
d_y_4=1.000
d_y_5=1.500
d_y_6=1.500
d_y_7=1.667
d_y_8=0.667
d_y_9=1.000
d_y_11=1.000
d_y_12=0.500
d_y_13=1.000
d_y_14=1.000
normalized distance of container 0 : 0.40740740740740744
normalized distance of container 1 : 0.16666666666666666
normalized distance of container 2 : 0.3888888888888889
normalized distance of container 3 : 0.5
normalized distance of container 4 : 0.4444444444444444
normalized distance of container 5 : 0.2777777777777778
normalized distance of container 6 : 0.4444444444444444
normalized distance of container 7 : 0.29629629629629634
normalized distance of container 8 : 0.1851851851851852
normalized distance of container 9 : 0.3888888888888881
normalized distance of container 10 : 0.05555555555555474
normalized distance of container 11 : 0.16666666666666546
normalized distance of container 12 : 0.22222222222222102
normalized distance of container 13 : 0.2222222222222222
normalized distance of container 14 : 0.2777777777777778
