Number of initial container : 7
Number of new container : 8
Total number of containers : 15
Level_num : 9
Container_level : [4, 3, 3, 4, 2, 8, 6, 5, 1, 7, 1, 5, 8, 2, 9]
ideal_configuration : 
 [[6. 0. 0. 0. 0. 0.]
 [4. 7. 0. 0. 0. 0.]
 [2. 4. 8. 0. 0. 0.]
 [1. 3. 5. 8. 0. 0.]
 [1. 2. 3. 5. 9. 0.]]
Centroid : {4: (0.5, 2.5), 3: (1.5, 0.5), 2: (0.5, 1.0), 8: (2.5, 1.5), 6: (0.0, 4.0), 5: (2.5, 0.5), 1: (0.0, 0.5), 7: (1.0, 3.0), 9: (4.0, 0.0)}
Repeat number : 10
Original weight : [14.44, 11.24, 11.53, 13.12, 9.59, 22.02, 18.81, 15.45, 8.29, 20.2, 6.47, 16.94, 23.58, 8.71, 23.68]
Sequence : [0, 0, 0, 0, 0, 0, 0, 1, 2, 3, 4, 5, 6, 7, 8]
Emergency : [0, 0, 0, 0, 0, 0, 0, 0, 0, 0, 0, 0, 0, 0, 0]
Time taken to solve the MIP model : 0.0307 seconds
min_d : 0, max_d : 9
---------------------------------
solution for: IP model
objective: 3.77778
status: OPTIMAL_SOLUTION(2)
x_0_3_0=1
x_1_2_0=1
x_2_5_0=1
x_3_0_0=1
x_4_2_1=1
x_5_0_1=1
x_6_4_0=1
x_7_3_1=1
x_8_1_0=1
x_9_3_2=1
x_10_2_2=1
x_11_5_1=1
x_12_3_3=1
x_13_1_1=1
x_14_4_1=1
r_2_0=1
r_2_1=1
r_2_2=1
d_0=5.000
d_1=1.000
d_2=4.000
d_3=3.000
d_4=1.500
d_5=3.000
d_6=8.000
d_7=1.000
d_8=1.500
d_9=3.000
d_10=3.500
d_11=3.000
d_12=2.000
d_13=0.500
d_14=1.000
d_x_0=2.500
d_x_1=0.500
d_x_2=3.500
d_x_3=0.500
d_x_4=1.500
d_x_5=2.500
d_x_6=4.000
d_x_7=0.500
d_x_8=1.000
d_x_9=2.000
d_x_10=2.000
d_x_11=2.500
d_x_12=0.500
d_x_13=0.500
d_y_0=2.500
d_y_1=0.500
d_y_2=0.500
d_y_3=2.500
d_y_5=0.500
d_y_6=4.000
d_y_7=0.500
d_y_8=0.500
d_y_9=1.000
d_y_10=1.500
d_y_11=0.500
d_y_12=1.500
d_y_14=1.000
normalized distance of container 0 : 0.5555555555555556
normalized distance of container 1 : 0.1111111111111111
normalized distance of container 2 : 0.4444444444444444
normalized distance of container 3 : 0.3333333333333333
normalized distance of container 4 : 0.16666666666666666
normalized distance of container 5 : 0.3333333333333333
normalized distance of container 6 : 0.8888888888888888
normalized distance of container 7 : 0.11111111111111091
normalized distance of container 8 : 0.16666666666666627
normalized distance of container 9 : 0.3333333333333333
normalized distance of container 10 : 0.3888888888888889
normalized distance of container 11 : 0.33333333333333254
normalized distance of container 12 : 0.22222222222222182
normalized distance of container 13 : 0.05555555555555398
normalized distance of container 14 : 0.1111111111111111
