Number of initial container : 3
Number of new container : 12
Total number of containers : 15
Level_num : 9
Container_level : [1, 1, 1, 1, 4, 7, 8, 2, 9, 1, 5, 4, 8, 5, 7]
ideal_configuration : 
 [[7. 0. 0. 0. 0. 0.]
 [4. 7. 0. 0. 0. 0.]
 [1. 4. 8. 0. 0. 0.]
 [1. 1. 5. 8. 0. 0.]
 [1. 1. 2. 5. 9. 0.]]
Centroid : {1: (0.4, 0.8), 4: (0.5, 2.5), 7: (0.5, 3.5), 8: (2.5, 1.5), 2: (2.0, 0.0), 9: (4.0, 0.0), 5: (2.5, 0.5)}
Repeat number : 16
Original weight : [5.3, 5.1, 5.74, 6.11, 12.27, 18.08, 21.63, 8.31, 22.22, 6.44, 15.75, 12.54, 20.38, 15.55, 18.89]
Sequence : [0, 0, 0, 1, 2, 3, 4, 5, 6, 7, 8, 9, 10, 11, 12]
Emergency : [0, 0, 0, 0, 0, 0, 0, 0, 0, 0, 0, 0, 0, 0, 0]
Time taken to solve the MIP model : 0.0581 seconds
min_d : 0, max_d : 9
---------------------------------
solution for: IP model
objective: 1.27778
status: OPTIMAL_SOLUTION(2)
x_0_0_0=1
x_1_4_0=1
x_2_2_0=1
x_3_0_1=1
x_4_0_2=1
x_5_0_3=1
x_6_4_1=1
x_7_3_0=1
x_8_5_0=1
x_9_1_0=1
x_10_3_1=1
x_11_1_1=1
x_12_3_2=1
x_13_2_1=1
x_14_1_2=1
d_0=1.200
d_1=4.400
d_2=2.400
d_3=0.600
d_4=1.000
d_5=1.000
d_6=2.000
d_7=1.000
d_8=1.000
d_9=1.400
d_10=1.000
d_11=2.000
d_12=1.000
d_13=1.000
d_14=2.000
d_x_0=0.400
d_x_1=3.600
d_x_2=1.600
d_x_3=0.400
d_x_4=0.500
d_x_5=0.500
d_x_6=1.500
d_x_7=1.000
d_x_8=1.000
d_x_9=0.600
d_x_10=0.500
d_x_11=0.500
d_x_12=0.500
d_x_13=0.500
d_x_14=0.500
d_y_0=0.800
d_y_1=0.800
d_y_2=0.800
d_y_3=0.200
d_y_4=0.500
d_y_5=0.500
d_y_6=0.500
d_y_9=0.800
d_y_10=0.500
d_y_11=1.500
d_y_12=0.500
d_y_13=0.500
d_y_14=1.500
normalized distance of container 0 : 0.13333333333333336
normalized distance of container 1 : 0.48888888888888893
normalized distance of container 2 : 0.2666666666666667
normalized distance of container 3 : 0.06666666666666664
normalized distance of container 4 : 0.1111111111111111
normalized distance of container 5 : 0.1111111111111111
normalized distance of container 6 : 0.22222222222222182
normalized distance of container 7 : 0.1111111111111111
normalized distance of container 8 : 0.1111111111111111
normalized distance of container 9 : 0.15555555555555414
normalized distance of container 10 : 0.11111111111111072
normalized distance of container 11 : 0.22222222222222066
normalized distance of container 12 : 0.11111111111110993
normalized distance of container 13 : 0.1111111111111111
normalized distance of container 14 : 0.22222222222222066
