Number of initial container : 5
Number of new container : 15
Total number of containers : 20
Level_num : 9
Container_level : [3, 5, 1, 2, 5, 6, 8, 6, 5, 8, 8, 1, 7, 3, 9, 4, 1, 3, 2, 4]
ideal_configuration : 
 [[5. 7. 0. 0. 0. 0.]
 [3. 5. 8. 0. 0. 0.]
 [2. 3. 5. 8. 0. 0.]
 [1. 2. 4. 6. 8. 0.]
 [1. 1. 3. 4. 6. 9.]]
Centroid : {3: (1.0, 1.6666666666666667), 5: (1.0, 3.0), 1: (0.3333333333333333, 0.3333333333333333), 2: (0.5, 1.5), 6: (3.5, 0.5), 8: (3.0, 2.0), 7: (1.0, 4.0), 9: (5.0, 0.0), 4: (2.5, 0.5)}
Repeat number : 15
Original weight : [12.83, 15.52, 7.92, 8.87, 16.68, 19.33, 22.15, 18.32, 16.98, 22.95, 22.44, 8.29, 20.93, 12.8, 23.97, 13.92, 6.31, 11.15, 8.57, 13.91]
Group : [0, 0, 0, 0, 0, 0, 0, 0, 0, 0, 0, 0, 0, 0, 0, 0, 0, 0, 0, 0]
Sequence : [0, 0, 0, 0, 0, 1, 2, 3, 4, 5, 6, 7, 8, 9, 10, 11, 12, 13, 14, 15]
Scroe : [12.83, 15.52, 7.92, 8.87, 16.68, 19.33, 22.15, 18.32, 16.98, 22.95, 22.44, 8.29, 20.93, 12.8, 23.97, 13.92, 6.31, 11.15, 8.57, 13.91]
Time taken to solve the MIP model : 0.7680 seconds
min_d : 0, max_d : 9
---------------------------------
solution for: IP model
objective: 3.33333
x_0_0_0=1
x_1_2_0=1
x_2_3_0=1
x_3_1_0=1
x_4_1_1=1
x_5_2_1=1
x_6_2_2=1
x_7_0_1=1
x_8_1_2=1
x_9_0_2=1
x_10_2_3=1
x_11_3_1=1
x_12_1_3=1
x_13_5_0=1
x_14_2_4=1
x_15_5_1=1
x_16_4_0=1
x_17_3_2=1
x_18_4_1=1
x_19_3_3=1
d_0=2.667
d_1=4.000
d_2=3.000
d_3=2.000
d_4=2.000
d_5=2.000
d_6=1.000
d_7=4.000
d_8=1.000
d_9=3.000
d_10=2.000
d_11=3.333
d_12=1.000
d_13=5.667
d_14=7.000
d_15=3.000
d_16=4.000
d_17=2.333
d_18=4.000
d_19=3.000
d_x_0=1.000
d_x_1=1.000
d_x_2=2.667
d_x_3=0.500
d_x_5=1.500
d_x_6=1.000
d_x_7=3.500
d_x_9=3.000
d_x_10=1.000
d_x_11=2.667
d_x_13=4.000
d_x_14=3.000
d_x_15=2.500
d_x_16=3.667
d_x_17=2.000
d_x_18=3.500
d_x_19=0.500
d_y_0=1.667
d_y_1=3.000
d_y_2=0.333
d_y_3=1.500
d_y_4=2.000
d_y_5=0.500
d_y_7=0.500
d_y_8=1.000
d_y_10=1.000
d_y_11=0.667
d_y_12=1.000
d_y_13=1.667
d_y_14=4.000
d_y_15=0.500
d_y_16=0.333
d_y_17=0.333
d_y_18=0.500
d_y_19=2.500
normalized distance of container 0 : 0.29629629629629634
normalized distance of container 1 : 0.4444444444444444
normalized distance of container 2 : 0.3333333333333333
normalized distance of container 3 : 0.2222222222222222
normalized distance of container 4 : 0.2222222222222222
normalized distance of container 5 : 0.22222222222222213
normalized distance of container 6 : 0.1111111111111111
normalized distance of container 7 : 0.4444444444444444
normalized distance of container 8 : 0.1111111111111111
normalized distance of container 9 : 0.3333333333333333
normalized distance of container 10 : 0.2222222222222222
normalized distance of container 11 : 0.3703703703703686
normalized distance of container 12 : 0.1111111111111111
normalized distance of container 13 : 0.6296296296296297
normalized distance of container 14 : 0.7777777777777778
normalized distance of container 15 : 0.3333333333333333
normalized distance of container 16 : 0.44444444444444264
normalized distance of container 17 : 0.25925925925925875
normalized distance of container 18 : 0.44444444444444287
normalized distance of container 19 : 0.33333333333333215
