Number of initial container : 5
Number of new container : 15
Total number of containers : 20
Level_num : 9
Container_level : [2, 5, 8, 2, 5, 7, 7, 9, 1, 3, 1, 1, 2, 1, 2, 4, 1, 5, 6, 4]
ideal_configuration : 
 [[4. 6. 0. 0. 0. 0.]
 [2. 4. 7. 0. 0. 0.]
 [1. 2. 5. 7. 0. 0.]
 [1. 1. 2. 5. 8. 0.]
 [1. 1. 2. 3. 5. 9.]]
Centroid : {2: (1.25, 1.5), 5: (3.0, 1.0), 8: (4.0, 1.0), 7: (2.5, 2.5), 9: (5.0, 0.0), 1: (0.4, 0.8), 3: (3.0, 0.0), 4: (0.5, 3.5), 6: (1.0, 4.0)}
Repeat number : 3
Original weight : [8.9, 14.9, 21.58, 8.52, 15.14, 19.76, 20.18, 23.64, 5.92, 10.16, 6.42, 5.1, 8.8, 5.67, 9.32, 14.11, 6.93, 16.22, 18.89, 14.36]
Group : [0, 0, 0, 0, 0, 0, 0, 0, 0, 0, 0, 0, 0, 0, 0, 0, 0, 0, 0, 0]
Sequence : [0, 0, 0, 0, 0, 1, 2, 3, 4, 5, 6, 7, 8, 9, 10, 11, 12, 13, 14, 15]
Scroe : [8.9, 14.9, 21.58, 8.52, 15.14, 19.76, 20.18, 23.64, 5.92, 10.16, 6.42, 5.1, 8.8, 5.67, 9.32, 14.11, 6.93, 16.22, 18.89, 14.36]
Time taken to solve the MIP model : 0.3181 seconds
min_d : 0, max_d : 9
---------------------------------
solution for: IP model
objective: 4.1
x_0_2_0=1
x_1_2_1=1
x_2_3_0=1
x_3_3_1=1
x_4_0_0=1
x_5_2_2=1
x_6_2_3=1
x_7_0_1=1
x_8_5_0=1
x_9_5_1=1
x_10_4_0=1
x_11_1_0=1
x_12_4_1=1
x_13_1_1=1
x_14_4_2=1
x_15_4_3=1
x_16_1_2=1
x_17_5_2=1
x_18_5_3=1
x_19_1_3=1
r_3_0=1
r_3_1=1
d_0=2.250
d_1=1.000
d_2=2.000
d_3=2.250
d_4=4.000
d_5=1.000
d_6=1.000
d_7=6.000
d_8=5.400
d_9=3.000
d_10=4.400
d_11=1.400
d_12=3.250
d_13=0.800
d_14=3.250
d_15=4.000
d_16=1.800
d_17=3.000
d_18=5.000
d_19=1.000
d_x_0=0.750
d_x_1=1.000
d_x_2=1.000
d_x_3=1.750
d_x_4=3.000
d_x_5=0.500
d_x_6=0.500
d_x_7=5.000
d_x_8=4.600
d_x_9=2.000
d_x_10=3.600
d_x_11=0.600
d_x_12=2.750
d_x_13=0.600
d_x_14=2.750
d_x_15=3.500
d_x_16=0.600
d_x_17=2.000
d_x_18=4.000
d_x_19=0.500
d_y_0=1.500
d_y_2=1.000
d_y_3=0.500
d_y_4=1.000
d_y_5=0.500
d_y_6=0.500
d_y_7=1.000
d_y_8=0.800
d_y_9=1.000
d_y_10=0.800
d_y_11=0.800
d_y_12=0.500
d_y_13=0.200
d_y_14=0.500
d_y_15=0.500
d_y_16=1.200
d_y_17=1.000
d_y_18=1.000
d_y_19=0.500
normalized distance of container 0 : 0.25
normalized distance of container 1 : 0.1111111111111111
normalized distance of container 2 : 0.2222222222222222
normalized distance of container 3 : 0.25
normalized distance of container 4 : 0.4444444444444444
normalized distance of container 5 : 0.1111111111111111
normalized distance of container 6 : 0.11111111111111106
normalized distance of container 7 : 0.6666666666666666
normalized distance of container 8 : 0.5999999999999993
normalized distance of container 9 : 0.3333333333333333
normalized distance of container 10 : 0.48888888888888743
normalized distance of container 11 : 0.15555555555555414
normalized distance of container 12 : 0.36111111111111033
normalized distance of container 13 : 0.08888888888888699
normalized distance of container 14 : 0.36111111111110955
normalized distance of container 15 : 0.44444444444444287
normalized distance of container 16 : 0.1999999999999981
normalized distance of container 17 : 0.3333333333333333
normalized distance of container 18 : 0.5555555555555556
normalized distance of container 19 : 0.11111111111111101
