Number of initial container : 5
Number of new container : 15
Total number of containers : 20
Level_num : 9
Container_level : [5, 2, 3, 6, 3, 7, 8, 1, 7, 1, 4, 6, 5, 8, 6, 6, 8, 8, 9, 1]
ideal_configuration : 
 [[6. 8. 0. 0. 0. 0.]
 [4. 6. 8. 0. 0. 0.]
 [2. 5. 6. 8. 0. 0.]
 [1. 3. 5. 7. 8. 0.]
 [1. 1. 3. 6. 7. 9.]]
Centroid : {5: (1.5, 1.5), 2: (0.0, 2.0), 3: (1.5, 0.5), 6: (1.5, 2.25), 7: (3.5, 0.5), 8: (2.5, 2.5), 1: (0.3333333333333333, 0.3333333333333333), 4: (0.0, 3.0), 9: (5.0, 0.0)}
Repeat number : 11
Original weight : [18.2, 13.02, 15.31, 19.61, 13.98, 21.06, 22.0, 12.24, 20.19, 10.82, 15.74, 19.29, 17.42, 22.52, 19.8, 18.79, 22.69, 21.54, 23.04, 11.12]
Group : [0, 0, 0, 0, 0, 0, 0, 0, 0, 0, 0, 0, 0, 0, 0, 0, 0, 0, 0, 0]
Sequence : [0, 0, 0, 0, 0, 1, 2, 3, 4, 5, 6, 7, 8, 9, 10, 11, 12, 13, 14, 15]
Scroe : [18.2, 13.02, 15.31, 19.61, 13.98, 21.06, 22.0, 12.24, 20.19, 10.82, 15.74, 19.29, 17.42, 22.52, 19.8, 18.79, 22.69, 21.54, 23.04, 11.12]
Time taken to solve the MIP model : 0.1287 seconds
min_d : 0, max_d : 9
---------------------------------
solution for: IP model
objective: 2.34259
x_0_5_0=1
x_1_3_0=1
x_2_4_0=1
x_3_5_1=1
x_4_3_1=1
x_5_3_2=1
x_6_3_3=1
x_7_1_0=1
x_8_4_1=1
x_9_0_0=1
x_10_1_1=1
x_11_1_2=1
x_12_2_0=1
x_13_3_4=1
x_14_1_3=1
x_15_2_1=1
x_16_2_2=1
x_17_4_2=1
x_18_5_2=1
x_19_0_1=1
d_0=5.000
d_1=5.000
d_2=3.000
d_3=4.750
d_4=2.000
d_5=2.000
d_6=1.000
d_7=1.000
d_8=1.000
d_9=0.667
d_10=3.000
d_11=0.750
d_12=2.000
d_13=2.000
d_14=1.250
d_15=1.750
d_16=1.000
d_17=2.000
d_18=2.000
d_19=1.000
d_x_0=3.500
d_x_1=3.000
d_x_2=2.500
d_x_3=3.500
d_x_4=1.500
d_x_5=0.500
d_x_6=0.500
d_x_7=0.667
d_x_8=0.500
d_x_9=0.333
d_x_10=1.000
d_x_11=0.500
d_x_12=0.500
d_x_13=0.500
d_x_14=0.500
d_x_15=0.500
d_x_16=0.500
d_x_17=1.500
d_x_19=0.333
d_y_0=1.500
d_y_1=2.000
d_y_2=0.500
d_y_3=1.250
d_y_4=0.500
d_y_5=1.500
d_y_6=0.500
d_y_7=0.333
d_y_8=0.500
d_y_9=0.333
d_y_10=2.000
d_y_11=0.250
d_y_12=1.500
d_y_13=1.500
d_y_14=0.750
d_y_15=1.250
d_y_16=0.500
d_y_17=0.500
d_y_18=2.000
d_y_19=0.667
normalized distance of container 0 : 0.5555555555555556
normalized distance of container 1 : 0.5555555555555556
normalized distance of container 2 : 0.3333333333333333
normalized distance of container 3 : 0.5277777777777778
normalized distance of container 4 : 0.2222222222222222
normalized distance of container 5 : 0.22222222222222213
normalized distance of container 6 : 0.11111111111111087
normalized distance of container 7 : 0.11111111111111005
normalized distance of container 8 : 0.11111111111111091
normalized distance of container 9 : 0.07407407407407407
normalized distance of container 10 : 0.3333333333333333
normalized distance of container 11 : 0.08333333333333333
normalized distance of container 12 : 0.22222222222222143
normalized distance of container 13 : 0.22222222222222143
normalized distance of container 14 : 0.1388888888888885
normalized distance of container 15 : 0.19444444444444364
normalized distance of container 16 : 0.1111111111111111
normalized distance of container 17 : 0.22222222222222182
normalized distance of container 18 : 0.2222222222222222
normalized distance of container 19 : 0.11111111111110926
