Number of initial container : 3
Number of new container : 20
Total number of containers : 23
Level_num : 9
Container_level : [3, 4, 8, 3, 9, 5, 8, 4, 1, 1, 2, 6, 1, 8, 7, 5, 5, 6, 4, 4, 5, 2, 4]
ideal_configuration : 
 [[4. 5. 8. 0. 0. 0.]
 [3. 4. 6. 8. 0. 0.]
 [2. 4. 5. 6. 9. 0.]
 [1. 2. 4. 5. 7. 0.]
 [1. 1. 3. 4. 5. 8.]]
Centroid : {3: (1.0, 1.5), 4: (1.4, 2.0), 8: (3.3333333333333335, 2.3333333333333335), 9: (4.0, 2.0), 5: (2.5, 1.75), 1: (0.3333333333333333, 0.3333333333333333), 2: (0.5, 1.5), 6: (2.5, 2.5), 7: (4.0, 1.0)}
Repeat number : 10
Original weight : [10.95, 14.18, 22.18, 11.2, 23.48, 16.5, 21.92, 14.1, 6.06, 5.5, 7.76, 17.6, 6.58, 21.66, 21.16, 14.59, 14.74, 18.83, 14.42, 12.91, 14.65, 8.23, 12.3]
Group : [0, 0, 0, 0, 0, 0, 0, 0, 0, 0, 0, 0, 0, 0, 0, 0, 0, 0, 0, 0, 0, 0, 0]
Sequence : [0, 0, 0, 1, 2, 3, 4, 5, 6, 7, 8, 9, 10, 11, 12, 13, 14, 15, 16, 17, 18, 19, 20]
Scroe : [10.95, 14.18, 22.18, 11.2, 23.48, 16.5, 21.92, 14.1, 6.06, 5.5, 7.76, 17.6, 6.58, 21.66, 21.16, 14.59, 14.74, 18.83, 14.42, 12.91, 14.65, 8.23, 12.3]
Time taken to solve the MIP model : 0.3180 seconds
min_d : 0, max_d : 9
---------------------------------
solution for: IP model
objective: 4.00741
x_0_2_0=1
x_1_2_1=1
x_2_2_2=1
x_3_1_0=1
x_4_4_0=1
x_5_3_0=1
x_6_4_1=1
x_7_2_3=1
x_8_0_0=1
x_9_0_1=1
x_10_0_2=1
x_11_2_4=1
x_12_1_1=1
x_13_4_2=1
x_14_5_0=1
x_15_3_1=1
x_16_3_2=1
x_17_3_3=1
x_18_1_2=1
x_19_1_3=1
x_20_3_4=1
x_21_0_3=1
x_22_1_4=1
r_0_0=1
r_0_1=1
r_0_2=1
r_0_3=1
r_1_0=1
r_1_1=1
r_1_2=1
r_1_3=1
r_1_4=1
r_2_1=1
r_2_2=1
r_2_3=1
r_2_4=1
r_3_0=1
r_3_1=1
r_3_2=1
r_3_3=1
r_3_4=1
r_4_0=1
r_4_1=1
r_4_2=1
d_0=2.500
d_1=1.600
d_2=1.667
d_3=1.500
d_4=2.000
d_5=2.250
d_6=2.000
d_7=1.600
d_8=0.667
d_9=1.000
d_10=1.000
d_11=2.000
d_12=1.333
d_13=1.000
d_14=2.000
d_15=1.250
d_16=0.750
d_17=1.000
d_18=0.400
d_19=1.400
d_20=2.750
d_21=2.000
d_22=2.400
d_x_0=1.000
d_x_1=0.600
d_x_2=1.333
d_x_5=0.500
d_x_6=0.667
d_x_7=0.600
d_x_8=0.333
d_x_9=0.333
d_x_10=0.500
d_x_11=0.500
d_x_12=0.667
d_x_13=0.667
d_x_14=1.000
d_x_15=0.500
d_x_16=0.500
d_x_17=0.500
d_x_18=0.400
d_x_19=0.400
d_x_20=0.500
d_x_21=0.500
d_x_22=0.400
d_y_0=1.500
d_y_1=1.000
d_y_2=0.333
d_y_3=1.500
d_y_4=2.000
d_y_5=1.750
d_y_6=1.333
d_y_7=1.000
d_y_8=0.333
d_y_9=0.667
d_y_10=0.500
d_y_11=1.500
d_y_12=0.667
d_y_13=0.333
d_y_14=1.000
d_y_15=0.750
d_y_16=0.250
d_y_17=0.500
d_y_19=1.000
d_y_20=2.250
d_y_21=1.500
d_y_22=2.000
normalized distance of container 0 : 0.2777777777777778
normalized distance of container 1 : 0.17777777777777778
normalized distance of container 2 : 0.18518518518518523
normalized distance of container 3 : 0.16666666666666666
normalized distance of container 4 : 0.2222222222222222
normalized distance of container 5 : 0.2499999999999996
normalized distance of container 6 : 0.2222222222222222
normalized distance of container 7 : 0.17777777777777715
normalized distance of container 8 : 0.07407407407407143
normalized distance of container 9 : 0.11111111111110977
normalized distance of container 10 : 0.11111111111110872
normalized distance of container 11 : 0.22222222222222182
normalized distance of container 12 : 0.14814814814814817
normalized distance of container 13 : 0.11111111111111052
normalized distance of container 14 : 0.2222222222222222
normalized distance of container 15 : 0.1388888888888885
normalized distance of container 16 : 0.08333333333333254
normalized distance of container 17 : 0.11111111111111033
normalized distance of container 18 : 0.044444444444444446
normalized distance of container 19 : 0.15555555555555556
normalized distance of container 20 : 0.30555555555555514
normalized distance of container 21 : 0.22222222222222066
normalized distance of container 22 : 0.26666666666666666
