Number of initial container : 3
Number of new container : 20
Total number of containers : 23
Level_num : 9
Container_level : [5, 1, 2, 1, 6, 6, 2, 9, 5, 7, 6, 4, 4, 6, 5, 7, 3, 7, 6, 6, 7, 1, 3]
ideal_configuration : 
 [[5. 6. 7. 0. 0. 0.]
 [3. 5. 6. 7. 0. 0.]
 [2. 4. 6. 6. 9. 0.]
 [1. 2. 4. 6. 7. 0.]
 [1. 1. 3. 5. 6. 7.]]
Centroid : {5: (1.3333333333333333, 2.3333333333333335), 1: (0.3333333333333333, 0.3333333333333333), 2: (0.5, 1.5), 6: (2.5, 2.0), 9: (4.0, 2.0), 7: (3.5, 2.0), 4: (1.5, 1.5), 3: (1.0, 1.5)}
Repeat number : 7
Original weight : [15.42, 6.32, 9.3, 8.11, 16.49, 17.93, 10.02, 22.06, 15.55, 18.83, 17.59, 12.9, 13.28, 16.72, 15.83, 19.66, 10.93, 19.28, 17.38, 17.27, 18.56, 6.47, 10.34]
Group : [0, 0, 0, 0, 0, 0, 0, 0, 0, 0, 0, 0, 0, 0, 0, 0, 0, 0, 0, 0, 0, 0, 0]
Sequence : [0, 0, 0, 1, 2, 3, 4, 5, 6, 7, 8, 9, 10, 11, 12, 13, 14, 15, 16, 17, 18, 19, 20]
Scroe : [15.42, 6.32, 9.3, 8.11, 16.49, 17.93, 10.02, 22.06, 15.55, 18.83, 17.59, 12.9, 13.28, 16.72, 15.83, 19.66, 10.93, 19.28, 17.38, 17.27, 18.56, 6.47, 10.34]
Time taken to solve the MIP model : 0.2237 seconds
min_d : 0, max_d : 9
---------------------------------
solution for: IP model
objective: 4.25926
x_0_4_0=1
x_1_1_0=1
x_2_2_0=1
x_3_0_0=1
x_4_4_1=1
x_5_3_0=1
x_6_1_1=1
x_7_5_0=1
x_8_1_2=1
x_9_4_2=1
x_10_3_1=1
x_11_2_1=1
x_12_2_2=1
x_13_3_2=1
x_14_1_3=1
x_15_5_1=1
x_16_1_4=1
x_17_5_2=1
x_18_2_3=1
x_19_3_3=1
x_20_4_3=1
x_21_0_1=1
x_22_0_2=1
r_0_0=1
r_0_1=1
r_0_2=1
r_1_2=1
r_1_3=1
r_1_4=1
r_3_0=1
r_3_1=1
r_3_2=1
r_3_3=1
r_4_2=1
r_4_3=1
r_5_0=1
r_5_1=1
r_5_2=1
d_0=5.000
d_1=1.000
d_2=3.000
d_3=0.667
d_4=2.500
d_5=2.500
d_6=1.000
d_7=3.000
d_8=0.667
d_9=0.500
d_10=1.500
d_11=1.000
d_12=1.000
d_13=0.500
d_14=1.000
d_15=2.500
d_16=2.500
d_17=1.500
d_18=1.500
d_19=1.500
d_20=1.500
d_21=1.000
d_22=1.500
d_x_0=2.667
d_x_1=0.667
d_x_2=1.500
d_x_3=0.333
d_x_4=1.500
d_x_5=0.500
d_x_6=0.500
d_x_7=1.000
d_x_8=0.333
d_x_9=0.500
d_x_10=0.500
d_x_11=0.500
d_x_12=0.500
d_x_13=0.500
d_x_14=0.333
d_x_15=1.500
d_x_17=1.500
d_x_18=0.500
d_x_19=0.500
d_x_20=0.500
d_x_21=0.333
d_x_22=1.000
d_y_0=2.333
d_y_1=0.333
d_y_2=1.500
d_y_3=0.333
d_y_4=1.000
d_y_5=2.000
d_y_6=0.500
d_y_7=2.000
d_y_8=0.333
d_y_10=1.000
d_y_11=0.500
d_y_12=0.500
d_y_14=0.667
d_y_15=1.000
d_y_16=2.500
d_y_18=1.000
d_y_19=1.000
d_y_20=1.000
d_y_21=0.667
d_y_22=0.500
normalized distance of container 0 : 0.5555555555555556
normalized distance of container 1 : 0.1111111111111111
normalized distance of container 2 : 0.3333333333333333
normalized distance of container 3 : 0.07407407407407407
normalized distance of container 4 : 0.27777777777777757
normalized distance of container 5 : 0.2777777777777778
normalized distance of container 6 : 0.11111111111110913
normalized distance of container 7 : 0.3333333333333333
normalized distance of container 8 : 0.07407407407407408
normalized distance of container 9 : 0.05555555555555536
normalized distance of container 10 : 0.16666666666666627
normalized distance of container 11 : 0.11111111111111033
normalized distance of container 12 : 0.11111111111110954
normalized distance of container 13 : 0.055555555555555164
normalized distance of container 14 : 0.11111111111111065
normalized distance of container 15 : 0.2777777777777778
normalized distance of container 16 : 0.277777777777777
normalized distance of container 17 : 0.16666666666666646
normalized distance of container 18 : 0.16666666666666666
normalized distance of container 19 : 0.16666666666666627
normalized distance of container 20 : 0.16666666666666646
normalized distance of container 21 : 0.1111111111111098
normalized distance of container 22 : 0.16666666666666585
