Number of initial container : 3
Number of new container : 20
Total number of containers : 23
Level_num : 9
Container_level : [7, 5, 4, 2, 5, 2, 1, 8, 6, 1, 2, 6, 4, 6, 2, 5, 2, 5, 3, 8, 6, 3, 9]
ideal_configuration : 
 [[4. 6. 8. 0. 0. 0.]
 [2. 5. 6. 8. 0. 0.]
 [2. 3. 5. 6. 9. 0.]
 [1. 2. 3. 5. 6. 0.]
 [1. 2. 2. 4. 5. 7.]]
Centroid : {7: (5.0, 0.0), 5: (2.5, 1.5), 4: (1.5, 2.0), 2: (0.8, 1.2), 1: (0.0, 0.5), 8: (2.5, 3.5), 6: (2.5, 2.5), 3: (1.5, 1.5), 9: (4.0, 2.0)}
Repeat number : 9
Original weight : [20.74, 17.51, 15.55, 12.89, 17.66, 12.92, 11.87, 22.5, 19.01, 10.82, 13.92, 19.81, 16.19, 19.79, 12.69, 18.52, 13.49, 17.89, 14.06, 23.2, 18.97, 13.98, 23.34]
Group : [0, 0, 0, 0, 0, 0, 0, 0, 0, 0, 0, 0, 0, 0, 0, 0, 0, 0, 0, 0, 0, 0, 0]
Sequence : [0, 0, 0, 1, 2, 3, 4, 5, 6, 7, 8, 9, 10, 11, 12, 13, 14, 15, 16, 17, 18, 19, 20]
Scroe : [20.74, 17.51, 15.55, 12.89, 17.66, 12.92, 11.87, 22.5, 19.01, 10.82, 13.92, 19.81, 16.19, 19.79, 12.69, 18.52, 13.49, 17.89, 14.06, 23.2, 18.97, 13.98, 23.34]
Time taken to solve the MIP model : 0.1973 seconds
min_d : 0, max_d : 9
---------------------------------
solution for: IP model
objective: 4.02222
x_0_5_0=1
x_1_5_1=1
x_2_0_0=1
x_3_2_0=1
x_4_3_0=1
x_5_2_1=1
x_6_0_1=1
x_7_3_1=1
x_8_3_2=1
x_9_0_2=1
x_10_0_3=1
x_11_3_3=1
x_12_2_2=1
x_13_2_3=1
x_14_1_0=1
x_15_4_0=1
x_16_1_1=1
x_17_4_1=1
x_18_1_2=1
x_19_2_4=1
x_20_3_4=1
x_21_1_3=1
x_22_4_2=1
r_0_0=1
r_0_1=1
r_0_2=1
r_0_3=1
r_1_2=1
r_1_3=1
r_3_0=1
r_3_1=1
r_3_2=1
r_3_3=1
r_3_4=1
r_4_0=1
r_4_1=1
r_4_2=1
r_5_0=1
r_5_1=1
d_1=3.000
d_2=3.500
d_3=2.400
d_4=2.000
d_5=1.400
d_6=0.500
d_7=3.000
d_8=1.000
d_9=1.500
d_10=2.600
d_11=1.000
d_12=0.500
d_13=1.000
d_14=1.400
d_15=3.000
d_16=0.400
d_17=2.000
d_18=1.000
d_19=1.000
d_20=2.000
d_21=2.000
d_x_1=2.500
d_x_2=1.500
d_x_3=1.200
d_x_4=0.500
d_x_5=1.200
d_x_7=0.500
d_x_8=0.500
d_x_10=0.800
d_x_11=0.500
d_x_12=0.500
d_x_13=0.500
d_x_14=0.200
d_x_15=1.500
d_x_16=0.200
d_x_17=1.500
d_x_18=0.500
d_x_19=0.500
d_x_20=0.500
d_x_21=0.500
d_y_1=0.500
d_y_2=2.000
d_y_3=1.200
d_y_4=1.500
d_y_5=0.200
d_y_6=0.500
d_y_7=2.500
d_y_8=0.500
d_y_9=1.500
d_y_10=1.800
d_y_11=0.500
d_y_13=0.500
d_y_14=1.200
d_y_15=1.500
d_y_16=0.200
d_y_17=0.500
d_y_18=0.500
d_y_19=0.500
d_y_20=1.500
d_y_21=1.500
normalized distance of container 0 : 0.0
normalized distance of container 1 : 0.3333333333333333
normalized distance of container 2 : 0.3888888888888889
normalized distance of container 3 : 0.2666666666666666
normalized distance of container 4 : 0.22222222222222202
normalized distance of container 5 : 0.15555555555555467
normalized distance of container 6 : 0.05555555555555477
normalized distance of container 7 : 0.3333333333333329
normalized distance of container 8 : 0.11111111111111072
normalized distance of container 9 : 0.16666666666666666
normalized distance of container 10 : 0.2888888888888882
normalized distance of container 11 : 0.11111111111111033
normalized distance of container 12 : 0.05555555555555474
normalized distance of container 13 : 0.11111111111111072
normalized distance of container 14 : 0.1555555555555551
normalized distance of container 15 : 0.3333333333333333
normalized distance of container 16 : 0.04444444444444397
normalized distance of container 17 : 0.22222222222222182
normalized distance of container 18 : 0.1111111111111103
normalized distance of container 19 : 0.11111111111111052
normalized distance of container 20 : 0.2222222222222222
normalized distance of container 21 : 0.2222222222222222
normalized distance of container 22 : 0.0
