Number of initial container : 3
Number of new container : 20
Total number of containers : 23
Level_num : 9
Container_level : [8, 9, 5, 5, 3, 3, 4, 4, 6, 7, 8, 8, 5, 3, 8, 5, 5, 4, 6, 7, 1, 6, 4]
ideal_configuration : 
 [[5. 6. 8. 0. 0. 0.]
 [4. 5. 7. 8. 0. 0.]
 [3. 4. 5. 7. 9. 0.]
 [3. 4. 5. 6. 8. 0.]
 [1. 3. 4. 5. 6. 8.]]
Centroid : {8: (3.5, 2.0), 9: (4.0, 2.0), 5: (1.6, 2.0), 3: (0.3333333333333333, 1.0), 4: (1.0, 1.5), 6: (2.6666666666666665, 1.6666666666666667), 7: (2.5, 2.5), 1: (0.0, 0.0)}
Repeat number : 2
Original weight : [20.78, 22.8, 14.84, 16.22, 10.83, 10.56, 12.19, 12.13, 16.96, 18.93, 22.61, 21.29, 14.6, 10.97, 20.85, 16.1, 14.61, 12.17, 16.32, 19.94, 5.52, 17.71, 13.88]
Group : [0, 0, 0, 0, 0, 0, 0, 0, 0, 0, 0, 0, 0, 0, 0, 0, 0, 0, 0, 0, 0, 0, 0]
Sequence : [0, 0, 0, 1, 2, 3, 4, 5, 6, 7, 8, 9, 10, 11, 12, 13, 14, 15, 16, 17, 18, 19, 20]
Scroe : [20.78, 22.8, 14.84, 16.22, 10.83, 10.56, 12.19, 12.13, 16.96, 18.93, 22.61, 21.29, 14.6, 10.97, 20.85, 16.1, 14.61, 12.17, 16.32, 19.94, 5.52, 17.71, 13.88]
Time taken to solve the MIP model : 0.2133 seconds
min_d : 0, max_d : 9
---------------------------------
solution for: IP model
objective: 4.31852
x_0_3_0=1
x_1_5_0=1
x_2_0_0=1
x_3_2_0=1
x_4_1_0=1
x_5_0_1=1
x_6_1_1=1
x_7_1_2=1
x_8_3_1=1
x_8_4_0=0
x_9_2_1=1
x_10_4_0=1
x_11_4_1=1
x_12_2_2=1
x_13_0_2=1
x_14_4_2=1
x_15_2_3=1
x_16_2_4=1
x_17_1_3=1
x_18_3_2=1
x_19_3_3=1
x_20_0_3=1
x_21_3_4=1
x_22_1_4=1
r_0_0=1
r_0_1=1
r_0_2=1
r_0_3=1
r_1_1=1
r_1_2=1
r_1_3=1
r_1_4=1
r_2_0=1
r_2_1=1
r_2_2=1
r_2_3=1
r_2_4=1
r_3_0=1
r_3_1=1
r_3_2=1
r_3_3=1
r_3_4=1
r_4_0=1
r_4_1=1
r_4_2=1
r_5_0=1
d_0=2.500
d_1=3.000
d_2=3.600
d_3=2.400
d_4=1.667
d_5=0.333
d_6=0.500
d_7=0.500
d_8=1.000
d_9=2.000
d_10=2.500
d_11=1.500
d_12=0.400
d_13=1.333
d_14=0.500
d_15=1.400
d_16=2.400
d_17=1.500
d_18=0.667
d_19=1.000
d_20=3.000
d_21=2.667
d_22=2.500
d_x_0=0.500
d_x_1=1.000
d_x_2=1.600
d_x_3=0.400
d_x_4=0.667
d_x_5=0.333
d_x_8=0.333
d_x_9=0.500
d_x_10=0.500
d_x_11=0.500
d_x_12=0.400
d_x_13=0.333
d_x_14=0.500
d_x_15=0.400
d_x_16=0.400
d_x_18=0.333
d_x_19=0.500
d_x_21=0.333
d_y_0=2.000
d_y_1=2.000
d_y_2=2.000
d_y_3=2.000
d_y_4=1.000
d_y_6=0.500
d_y_7=0.500
d_y_8=0.667
d_y_9=1.500
d_y_10=2.000
d_y_11=1.000
d_y_13=1.000
d_y_15=1.000
d_y_16=2.000
d_y_17=1.500
d_y_18=0.333
d_y_19=0.500
d_y_20=3.000
d_y_21=2.333
d_y_22=2.500
normalized distance of container 0 : 0.2777777777777778
normalized distance of container 1 : 0.3333333333333333
normalized distance of container 2 : 0.4
normalized distance of container 3 : 0.2666666666666665
normalized distance of container 4 : 0.18518518518518454
normalized distance of container 5 : 0.037037037037037035
normalized distance of container 6 : 0.05555555555555555
normalized distance of container 7 : 0.05555555555555477
normalized distance of container 8 : 0.11111111111111065
normalized distance of container 9 : 0.22222222222222188
normalized distance of container 10 : 0.27777777777777757
normalized distance of container 11 : 0.1666666666666665
normalized distance of container 12 : 0.044444444444443496
normalized distance of container 13 : 0.14814814814814814
normalized distance of container 14 : 0.05555555555555536
normalized distance of container 15 : 0.15555555555555461
normalized distance of container 16 : 0.2666666666666657
normalized distance of container 17 : 0.16666666666666666
normalized distance of container 18 : 0.07407407407407302
normalized distance of container 19 : 0.11111111111111033
normalized distance of container 20 : 0.3333333333333333
normalized distance of container 21 : 0.2962962962962952
normalized distance of container 22 : 0.277777777777777
