Number of initial container : 0
Number of new container : 25
Total number of containers : 25
Level_num : 9
Container_level : [4, 3, 4, 8, 3, 1, 8, 3, 3, 1, 5, 3, 5, 5, 3, 9, 2, 3, 8, 6, 8, 2, 2, 8, 7]
ideal_configuration : 
 [[3. 5. 8. 9. 0. 0.]
 [3. 3. 5. 8. 0. 0.]
 [2. 3. 4. 6. 8. 0.]
 [1. 2. 3. 4. 7. 8.]
 [1. 2. 3. 3. 5. 8.]]
Centroid : {4: (3.5, 1.5), 3: (2.2857142857142856, 1.8571428571428572), 8: (4.8, 2.0), 1: (1.0, 0.5), 5: (3.3333333333333335, 2.3333333333333335), 9: (4.0, 4.0), 2: (1.6666666666666667, 1.0), 6: (4.0, 2.0), 7: (5.0, 1.0)}
Repeat number : 15
Original weight : [13.04, 11.62, 12.41, 21.4, 10.48, 7.96, 19.83, 11.5, 11.15, 6.45, 14.95, 11.42, 14.16, 15.25, 10.5, 21.43, 8.36, 11.81, 20.43, 16.92, 20.18, 9.99, 8.58, 20.36, 18.47]
Group : [0, 0, 0, 0, 0, 0, 0, 0, 0, 0, 0, 0, 0, 0, 0, 0, 0, 0, 0, 0, 0, 0, 0, 0, 0]
Sequence : [1, 2, 3, 4, 5, 6, 7, 8, 9, 10, 11, 12, 13, 14, 15, 16, 17, 18, 19, 20, 21, 22, 23, 24, 25]
Scroe : [13.04, 11.62, 12.41, 21.4, 10.48, 7.96, 19.83, 11.5, 11.15, 6.45, 14.95, 11.42, 14.16, 15.25, 10.5, 21.43, 8.36, 11.81, 20.43, 16.92, 20.18, 9.99, 8.58, 20.36, 18.47]
Time taken to solve the MIP model : 119.8760 seconds
---------------------------------
solution for: IP model
objective: 2
x_1_6_0=1
x_2_2_0=1
x_3_2_1=1
x_4_6_1=1
x_5_3_0=1
x_6_4_0=1
x_7_2_2=1
x_8_3_1=1
x_9_4_1=1
x_10_5_0=1
x_11_3_2=1
x_12_4_2=1
x_13_4_3=1
x_14_3_3=1
x_15_1_0=1
x_16_6_2=1
x_17_5_1=1
x_18_1_1=1
x_19_2_3=1
x_20_1_2=1
x_21_1_3=1
x_22_5_2=1
x_23_5_3=1
x_24_1_4=1
x_25_3_4=1
r_5_2=1
r_5_3=1
d_1=5.000
d_2=3.000
d_3=3.000
d_4=3.000
d_5=3.000
d_6=4.000
d_7=3.000
d_8=2.000
d_9=3.000
d_10=5.000
d_11=2.000
d_12=3.000
d_13=2.000
d_14=2.000
d_15=4.000
d_16=4.000
d_17=4.000
d_18=3.000
d_19=4.000
d_20=3.000
d_21=5.000
d_22=5.000
d_23=6.000
d_24=6.000
d_25=5.000
d_x_1=3.000
d_x_2=1.000
d_x_3=2.000
d_x_4=2.000
d_x_5=1.000
d_x_6=3.000
d_x_7=3.000
d_x_8=1.000
d_x_9=2.000
d_x_10=4.000
d_x_11=1.000
d_x_12=2.000
d_x_13=1.000
d_x_14=1.000
d_x_15=2.000
d_x_16=2.000
d_x_17=4.000
d_x_18=2.000
d_x_19=3.000
d_x_20=3.000
d_x_21=4.000
d_x_22=4.000
d_x_23=4.000
d_x_24=4.000
d_x_25=2.000
d_y_1=2.000
d_y_2=2.000
d_y_3=1.000
d_y_4=1.000
d_y_5=2.000
d_y_6=1.000
d_y_8=1.000
d_y_9=1.000
d_y_10=1.000
d_y_11=1.000
d_y_12=1.000
d_y_13=1.000
d_y_14=1.000
d_y_15=2.000
d_y_16=2.000
d_y_18=1.000
d_y_19=1.000
d_y_21=1.000
d_y_22=1.000
d_y_23=2.000
d_y_24=2.000
d_y_25=3.000
