Number of initial container : 0
Number of new container : 25
Total number of containers : 25
Level_num : 9
Container_level : [3, 5, 5, 7, 3, 8, 4, 4, 3, 8, 6, 5, 4, 4, 2, 9, 4, 6, 3, 3, 4, 2, 8, 1, 1]
ideal_configuration : 
 [[4. 5. 7. 9. 0. 0.]
 [3. 4. 5. 8. 0. 0.]
 [2. 3. 4. 5. 8. 0.]
 [1. 3. 3. 4. 6. 8.]
 [1. 2. 3. 4. 4. 6.]]
Centroid : {3: (2.2, 1.4), 5: (3.0, 3.0), 7: (3.0, 4.0), 8: (5.0, 2.0), 4: (3.1666666666666665, 1.6666666666666667), 6: (5.5, 0.5), 2: (1.5, 1.0), 9: (4.0, 4.0), 1: (1.0, 0.5)}
Repeat number : 12
Original weight : [12.28, 15.49, 16.85, 21.3, 11.1, 23.77, 13.59, 13.88, 10.87, 23.5, 17.13, 15.99, 12.82, 12.94, 9.61, 23.86, 14.06, 18.33, 10.33, 10.3, 12.37, 8.2, 22.65, 5.39, 5.87]
Group : [0, 0, 0, 0, 0, 0, 0, 0, 0, 0, 0, 0, 0, 0, 0, 0, 0, 0, 0, 0, 0, 0, 0, 0, 0]
Sequence : [1, 2, 3, 4, 5, 6, 7, 8, 9, 10, 11, 12, 13, 14, 15, 16, 17, 18, 19, 20, 21, 22, 23, 24, 25]
Scroe : [12.28, 15.49, 16.85, 21.3, 11.1, 23.77, 13.59, 13.88, 10.87, 23.5, 17.13, 15.99, 12.82, 12.94, 9.61, 23.86, 14.06, 18.33, 10.33, 10.3, 12.37, 8.2, 22.65, 5.39, 5.87]
Time taken to solve the MIP model : 258.2309 seconds
---------------------------------
solution for: IP model
objective: 4
x_1_6_0=1
x_2_6_1=1
x_3_6_2=1
x_4_6_3=1
x_5_2_0=1
x_6_6_4=1
x_7_2_1=1
x_8_2_2=1
x_9_1_0=1
x_10_2_3=1
x_11_3_0=1
x_12_3_1=1
x_13_1_1=1
x_14_1_2=1
x_15_5_0=1
x_16_2_4=1
x_17_1_3=1
x_18_1_4=1
x_19_5_1=1
x_20_3_2=1
x_21_5_2=1
x_22_3_3=1
x_23_5_3=1
x_24_4_0=1
x_25_4_1=1
r_3_0=1
r_3_1=1
r_3_2=1
r_3_3=1
d_1=6.000
d_2=5.000
d_3=4.000
d_4=4.000
d_5=3.000
d_6=3.000
d_7=3.000
d_8=3.000
d_9=4.000
d_10=4.000
d_11=4.000
d_12=2.000
d_13=4.000
d_14=4.000
d_15=5.000
d_16=2.000
d_17=5.000
d_18=9.000
d_19=4.000
d_20=2.000
d_21=3.000
d_22=4.000
d_23=1.000
d_24=4.000
d_25=4.000
d_x_1=4.000
d_x_2=3.000
d_x_3=3.000
d_x_4=3.000
d_x_5=1.000
d_x_6=1.000
d_x_7=2.000
d_x_8=2.000
d_x_9=2.000
d_x_10=3.000
d_x_11=3.000
d_x_13=3.000
d_x_14=3.000
d_x_15=4.000
d_x_16=2.000
d_x_17=3.000
d_x_18=5.000
d_x_19=3.000
d_x_20=1.000
d_x_21=2.000
d_x_22=2.000
d_x_24=3.000
d_x_25=3.000
d_y_1=2.000
d_y_2=2.000
d_y_3=1.000
d_y_4=1.000
d_y_5=2.000
d_y_6=2.000
d_y_7=1.000
d_y_8=1.000
d_y_9=2.000
d_y_10=1.000
d_y_11=1.000
d_y_12=2.000
d_y_13=1.000
d_y_14=1.000
d_y_15=1.000
d_y_17=2.000
d_y_18=4.000
d_y_19=1.000
d_y_20=1.000
d_y_21=1.000
d_y_22=2.000
d_y_23=1.000
d_y_24=1.000
d_y_25=1.000
