Number of initial container : 0
Number of new container : 25
Total number of containers : 25
Level_num : 9
Container_level : [3, 3, 8, 8, 4, 1, 8, 3, 6, 6, 4, 1, 8, 2, 4, 1, 2, 4, 4, 1, 9, 1, 7, 4, 2]
ideal_configuration : 
 [[3. 4. 8. 9. 0. 0.]
 [2. 4. 4. 8. 0. 0.]
 [1. 2. 4. 6. 8. 0.]
 [1. 1. 3. 4. 6. 8.]
 [1. 1. 2. 3. 4. 7.]]
Centroid : {3: (2.6666666666666665, 1.6666666666666667), 8: (4.5, 2.5), 4: (3.1666666666666665, 2.1666666666666665), 1: (1.4, 0.8), 6: (4.5, 1.5), 2: (2.0, 1.6666666666666667), 9: (4.0, 4.0), 7: (6.0, 0.0)}
Repeat number : 11
Original weight : [10.8, 10.54, 22.89, 21.76, 13.42, 7.58, 22.54, 10.67, 16.85, 18.54, 14.13, 6.37, 22.63, 9.33, 14.27, 7.91, 9.81, 14.26, 14.0, 7.42, 23.11, 6.18, 20.03, 12.72, 9.47]
Group : [0, 0, 0, 0, 0, 0, 0, 0, 0, 0, 0, 0, 0, 0, 0, 0, 0, 0, 0, 0, 0, 0, 0, 0, 0]
Sequence : [1, 2, 3, 4, 5, 6, 7, 8, 9, 10, 11, 12, 13, 14, 15, 16, 17, 18, 19, 20, 21, 22, 23, 24, 25]
Scroe : [10.8, 10.54, 22.89, 21.76, 13.42, 7.58, 22.54, 10.67, 16.85, 18.54, 14.13, 6.37, 22.63, 9.33, 14.27, 7.91, 9.81, 14.26, 14.0, 7.42, 23.11, 6.18, 20.03, 12.72, 9.47]
Time taken to solve the MIP model : 1246.9825 seconds
---------------------------------
solution for: IP model
objective: 4
x_1_2_0=-0
x_1_4_0=1
x_2_2_0=1
x_2_3_0=0
x_2_4_0=-0
x_2_5_0=0
x_3_2_0=0
x_3_3_0=1
x_4_2_1=1
x_5_2_2=-0
x_5_4_1=1
x_5_5_0=-0
x_6_1_0=1
x_7_2_2=1
x_7_2_3=0
x_8_2_3=0
x_8_4_1=-0
x_8_4_2=-0
x_8_5_0=1
x_9_2_2=-0
x_9_2_3=0
x_9_4_2=1
x_10_4_3=1
x_11_5_1=1
x_12_6_0=1
x_13_1_2=0
x_13_2_3=1
x_13_2_4=0
x_14_3_1=1
x_15_2_1=0
x_15_2_2=0
x_15_5_2=1
x_16_1_1=1
x_17_1_2=1
x_17_2_0=0
x_17_2_2=0
x_17_2_3=-0
x_18_1_2=-0
x_18_5_2=0
x_18_5_3=1
x_19_1_3=1
x_20_6_1=1
x_21_2_3=0
x_21_2_4=1
x_21_4_4=0
x_22_3_2=1
x_23_1_4=1
x_24_2_0=-0
x_24_2_1=-0
x_24_2_4=0
x_24_3_3=1
x_24_5_3=-0
x_25_6_2=1
r_2_1=0
r_3_0=1
r_3_1=1
r_3_2=1
r_3_3=1
r_5_1=-0
d_1=4.000
d_2=3.000
d_3=5.000
d_4=5.000
d_5=3.000
d_6=2.000
d_7=4.000
d_8=5.000
d_9=2.000
d_10=3.000
d_11=4.000
d_12=6.000
d_13=4.000
d_14=2.000
d_15=3.000
d_16=2.000
d_17=2.000
d_18=3.000
d_19=4.000
d_20=6.000
d_21=3.000
d_22=4.000
d_23=9.000
d_24=2.000
d_25=5.000
d_x_1=2.000
d_x_2=1.000
d_x_3=2.000
d_x_4=3.000
d_x_5=1.000
d_x_6=1.000
d_x_7=3.000
d_x_8=3.000
d_x_9=1.000
d_x_10=1.000
d_x_11=2.000
d_x_12=5.000
d_x_13=3.000
d_x_14=1.000
d_x_15=2.000
d_x_16=1.000
d_x_17=1.000
d_x_18=2.000
d_x_19=3.000
d_x_20=5.000
d_x_21=2.000
d_x_22=2.000
d_x_23=5.000
d_x_24=1.000
d_x_25=4.000
d_y_1=2.000
d_y_2=2.000
d_y_3=3.000
d_y_4=2.000
d_y_5=2.000
d_y_6=1.000
d_y_7=1.000
d_y_8=2.000
d_y_9=1.000
d_y_10=2.000
d_y_11=2.000
d_y_12=1.000
d_y_13=1.000
d_y_14=1.000
d_y_15=1.000
d_y_16=1.000
d_y_17=1.000
d_y_18=1.000
d_y_19=1.000
d_y_20=1.000
d_y_21=1.000
d_y_22=2.000
d_y_23=4.000
d_y_24=1.000
d_y_25=1.000
