Number of initial container : 0
Number of new container : 30
Total number of containers : 30
Level_num : 9
Container_level : [8, 2, 5, 5, 8, 3, 8, 8, 2, 2, 2, 8, 9, 7, 2, 8, 1, 8, 1, 7, 6, 1, 7, 6, 6, 4, 4, 1, 1, 2]
ideal_configuration : 
 [[5. 7. 8. 0. 0. 0. 0. 0. 0. 0.]
 [2. 6. 8. 8. 0. 0. 0. 0. 0. 0.]
 [2. 3. 6. 8. 9. 0. 0. 0. 0. 0.]
 [1. 2. 4. 6. 8. 0. 0. 0. 0. 0.]
 [1. 1. 2. 4. 7. 8. 0. 0. 0. 0.]
 [1. 1. 2. 2. 5. 7. 8. 0. 0. 0.]]
Centroid : {8: (4.571428571428571, 2.7142857142857144), 2: (2.3333333333333335, 1.6666666666666667), 5: (3.0, 2.5), 3: (2.0, 3.0), 9: (5.0, 3.0), 7: (4.333333333333333, 2.0), 1: (1.4, 0.8), 6: (3.0, 3.0), 4: (3.5, 1.5)}
Repeat number : 16
Original weight : [22.06, 8.48, 16.59, 16.61, 21.73, 12.2, 22.37, 22.22, 9.34, 9.74, 8.93, 22.73, 23.66, 21.09, 9.79, 23.33, 7.68, 23.62, 6.58, 19.41, 17.43, 5.86, 21.11, 17.12, 17.89, 13.04, 12.6, 7.16, 6.3, 9.11]
Group : [0, 0, 0, 0, 0, 0, 0, 0, 0, 0, 0, 0, 0, 0, 0, 0, 0, 0, 0, 0, 0, 0, 0, 0, 0, 0, 0, 0, 0, 0]
Sequence : [1, 2, 3, 4, 5, 6, 7, 8, 9, 10, 11, 12, 13, 14, 15, 16, 17, 18, 19, 20, 21, 22, 23, 24, 25, 26, 27, 28, 29, 30]
Scroe : [22.06, 8.48, 16.59, 16.61, 21.73, 12.2, 22.37, 22.22, 9.34, 9.74, 8.93, 22.73, 23.66, 21.09, 9.79, 23.33, 7.68, 23.62, 6.58, 19.41, 17.43, 5.86, 21.11, 17.12, 17.89, 13.04, 12.6, 7.16, 6.3, 9.11]
Time taken to solve the MIP model : 11.2514 seconds
---------------------------------
solution for: IP model
objective: 56.2095
x_1_5_0=1
x_2_3_0=1
x_3_3_1=1
x_4_3_2=1
x_5_5_1=1
x_6_3_3=1
x_7_6_0=1
x_8_5_2=1
x_9_2_0=1
x_10_2_1=1
x_11_2_2=1
x_12_6_1=1
x_13_5_3=1
x_14_6_2=1
x_15_2_3=1
x_16_6_3=1
x_17_1_0=1
x_18_5_4=1
x_19_4_0=1
x_20_4_1=1
x_21_3_4=1
x_22_1_1=1
x_23_4_2=1
x_24_3_5=1
x_25_4_3=1
x_26_7_0=1
x_27_7_1=1
x_28_1_2=1
x_29_1_3=1
x_30_2_4=1
r_1_0=1
r_1_1=1
r_1_2=1
r_1_3=1
r_2_0=1
r_2_1=1
r_2_2=1
r_2_3=1
r_2_4=1
r_3_1=1
r_3_2=1
r_3_3=1
r_3_4=1
r_3_5=1
r_4_0=1
r_4_1=1
r_4_2=1
r_4_3=1
r_5_0=1
r_5_1=1
r_5_2=1
r_5_3=1
r_5_4=1
r_6_0=1
r_6_1=1
r_6_2=1
r_6_3=1
r_7_0=1
r_7_1=1
d_1=3.143
d_2=2.333
d_3=1.500
d_4=0.500
d_5=2.143
d_6=1.000
d_7=4.143
d_8=1.143
d_9=2.000
d_10=1.000
d_11=0.667
d_12=3.143
d_14=1.667
d_15=1.667
d_16=1.714
d_17=1.200
d_18=1.714
d_19=3.400
d_20=1.333
d_21=1.000
d_22=0.600
d_23=0.333
d_24=2.000
d_25=1.000
d_26=5.000
d_27=4.000
d_28=1.600
d_29=2.600
d_30=2.667
d_x_1=0.429
d_x_2=0.667
d_x_5=0.429
d_x_6=1.000
d_x_7=1.429
d_x_8=0.429
d_x_9=0.333
d_x_10=0.333
d_x_11=0.333
d_x_12=1.429
d_x_14=1.667
d_x_15=0.333
d_x_16=1.429
d_x_17=0.400
d_x_18=0.429
d_x_19=2.600
d_x_20=0.333
d_x_22=0.400
d_x_23=0.333
d_x_25=1.000
d_x_26=3.500
d_x_27=3.500
d_x_28=0.400
d_x_29=0.400
d_x_30=0.333
d_y_1=2.714
d_y_2=1.667
d_y_3=1.500
d_y_4=0.500
d_y_5=1.714
d_y_7=2.714
d_y_8=0.714
d_y_9=1.667
d_y_10=0.667
d_y_11=0.333
d_y_12=1.714
d_y_15=1.333
d_y_16=0.286
d_y_17=0.800
d_y_18=1.286
d_y_19=0.800
d_y_20=1.000
d_y_21=1.000
d_y_22=0.200
d_y_24=2.000
d_y_26=1.500
d_y_27=0.500
d_y_28=1.200
d_y_29=2.200
d_y_30=2.333
