Number of initial container : 0
Number of new container : 30
Total number of containers : 30
Level_num : 9
Container_level : [9, 3, 1, 4, 6, 5, 5, 5, 7, 3, 1, 7, 5, 5, 2, 1, 6, 6, 3, 6, 7, 4, 2, 1, 3, 2, 1, 5, 1, 3]
ideal_configuration : 
 [[4. 5. 7. 0. 0. 0. 0. 0. 0. 0.]
 [3. 5. 6. 7. 0. 0. 0. 0. 0. 0.]
 [2. 3. 5. 6. 9. 0. 0. 0. 0. 0.]
 [1. 2. 3. 5. 6. 0. 0. 0. 0. 0.]
 [1. 1. 2. 3. 5. 6. 0. 0. 0. 0.]
 [1. 1. 1. 3. 4. 5. 7. 0. 0. 0.]]
Centroid : {9: (5.0, 3.0), 3: (2.8, 2.0), 1: (1.6666666666666667, 0.6666666666666666), 4: (3.0, 2.5), 6: (4.5, 2.5), 5: (3.6666666666666665, 2.5), 7: (4.666666666666667, 3.0), 2: (2.0, 2.0)}
Repeat number : 13
Original weight : [23.85, 10.96, 6.2, 12.99, 17.6, 15.51, 15.95, 16.86, 20.04, 11.96, 6.84, 20.35, 16.35, 16.37, 9.9, 7.06, 17.39, 18.79, 11.36, 17.86, 21.01, 13.42, 10.33, 8.28, 11.54, 9.76, 6.13, 16.31, 7.81, 12.66]
Group : [0, 0, 0, 0, 0, 0, 0, 0, 0, 0, 0, 0, 0, 0, 0, 0, 0, 0, 0, 0, 0, 0, 0, 0, 0, 0, 0, 0, 0, 0]
Sequence : [1, 2, 3, 4, 5, 6, 7, 8, 9, 10, 11, 12, 13, 14, 15, 16, 17, 18, 19, 20, 21, 22, 23, 24, 25, 26, 27, 28, 29, 30]
Scroe : [23.85, 10.96, 6.2, 12.99, 17.6, 15.51, 15.95, 16.86, 20.04, 11.96, 6.84, 20.35, 16.35, 16.37, 9.9, 7.06, 17.39, 18.79, 11.36, 17.86, 21.01, 13.42, 10.33, 8.28, 11.54, 9.76, 6.13, 16.31, 7.81, 12.66]
Time taken to solve the MIP model : 9.3202 seconds
---------------------------------
solution for: IP model
objective: 55.6
x_1_5_0=1
x_2_3_0=1
x_3_2_0=1
x_4_3_1=1
x_5_5_1=1
x_6_4_0=1
x_7_4_1=1
x_8_4_2=1
x_9_5_2=1
x_10_3_2=1
x_11_2_1=1
x_12_5_3=1
x_13_4_3=1
x_14_4_4=1
x_15_2_2=1
x_16_1_0=1
x_17_6_0=1
x_18_6_1=1
x_19_3_3=1
x_20_6_2=1
x_21_5_4=1
x_22_3_4=1
x_23_2_3=1
x_24_1_1=1
x_25_3_5=1
x_26_1_2=1
x_27_1_3=1
x_28_4_5=1
x_29_7_0=1
x_30_2_4=1
r_1_0=1
r_1_1=1
r_1_2=1
r_1_3=1
r_2_0=1
r_2_1=1
r_2_2=1
r_2_3=1
r_2_4=1
r_3_1=1
r_3_2=1
r_3_3=1
r_3_4=1
r_3_5=1
r_4_0=1
r_4_1=1
r_4_2=1
r_4_3=1
r_4_4=1
r_4_5=1
r_5_0=1
r_5_1=1
r_5_2=1
r_5_3=1
r_5_4=1
r_6_0=1
r_6_1=1
r_6_2=1
d_1=3.000
d_2=2.200
d_3=1.000
d_4=1.500
d_5=2.000
d_6=2.833
d_7=1.833
d_8=0.833
d_9=1.333
d_10=0.200
d_11=0.667
d_12=0.333
d_13=0.833
d_14=1.833
d_16=1.333
d_17=4.000
d_18=3.000
d_19=1.200
d_20=2.000
d_21=1.333
d_22=1.500
d_23=1.000
d_24=1.000
d_25=3.200
d_26=1.000
d_27=3.000
d_28=2.833
d_29=6.000
d_30=2.800
d_x_2=0.200
d_x_3=0.333
d_x_5=0.500
d_x_6=0.333
d_x_7=0.333
d_x_8=0.333
d_x_9=0.333
d_x_10=0.200
d_x_11=0.333
d_x_12=0.333
d_x_13=0.333
d_x_14=0.333
d_x_16=0.667
d_x_17=1.500
d_x_18=1.500
d_x_19=0.200
d_x_20=1.500
d_x_21=0.333
d_x_24=0.667
d_x_25=0.200
d_x_26=1.000
d_x_27=0.667
d_x_28=0.333
d_x_29=5.333
d_x_30=0.800
d_y_1=3.000
d_y_2=2.000
d_y_3=0.667
d_y_4=1.500
d_y_5=1.500
d_y_6=2.500
d_y_7=1.500
d_y_8=0.500
d_y_9=1.000
d_y_11=0.333
d_y_13=0.500
d_y_14=1.500
d_y_16=0.667
d_y_17=2.500
d_y_18=1.500
d_y_19=1.000
d_y_20=0.500
d_y_21=1.000
d_y_22=1.500
d_y_23=1.000
d_y_24=0.333
d_y_25=3.000
d_y_27=2.333
d_y_28=2.500
d_y_29=0.667
d_y_30=2.000
