Number of initial container : 0
Number of new container : 30
Total number of containers : 30
Level_num : 9
Container_level : [6, 1, 3, 6, 4, 4, 1, 1, 4, 1, 1, 2, 2, 8, 3, 7, 6, 4, 3, 6, 5, 8, 4, 5, 2, 9, 8, 7, 1, 6]
ideal_configuration : 
 [[4. 6. 8. 0. 0. 0. 0. 0. 0. 0.]
 [3. 4. 6. 8. 0. 0. 0. 0. 0. 0.]
 [2. 3. 5. 6. 9. 0. 0. 0. 0. 0.]
 [1. 2. 4. 5. 7. 0. 0. 0. 0. 0.]
 [1. 1. 2. 4. 6. 7. 0. 0. 0. 0.]
 [1. 1. 1. 3. 4. 6. 8. 0. 0. 0.]]
Centroid : {6: (4.0, 2.6), 1: (1.6666666666666667, 0.6666666666666666), 3: (2.3333333333333335, 2.3333333333333335), 4: (3.0, 2.4), 2: (2.0, 2.0), 8: (4.666666666666667, 3.0), 7: (5.5, 1.5), 5: (3.5, 2.5), 9: (5.0, 3.0)}
Repeat number : 3
Original weight : [18.15, 6.81, 10.5, 17.12, 12.84, 13.74, 5.7, 7.31, 13.35, 6.47, 6.98, 9.12, 8.14, 23.18, 12.04, 19.83, 18.84, 12.38, 11.08, 17.4, 16.31, 22.59, 12.64, 16.17, 9.89, 23.69, 22.29, 20.94, 5.51, 16.99]
Group : [0, 0, 0, 0, 0, 0, 0, 0, 0, 0, 0, 0, 0, 0, 0, 0, 0, 0, 0, 0, 0, 0, 0, 0, 0, 0, 0, 0, 0, 0]
Sequence : [1, 2, 3, 4, 5, 6, 7, 8, 9, 10, 11, 12, 13, 14, 15, 16, 17, 18, 19, 20, 21, 22, 23, 24, 25, 26, 27, 28, 29, 30]
Scroe : [18.15, 6.81, 10.5, 17.12, 12.84, 13.74, 5.7, 7.31, 13.35, 6.47, 6.98, 9.12, 8.14, 23.18, 12.04, 19.83, 18.84, 12.38, 11.08, 17.4, 16.31, 22.59, 12.64, 16.17, 9.89, 23.69, 22.29, 20.94, 5.51, 16.99]
Time taken to solve the MIP model : 11.6692 seconds
---------------------------------
solution for: IP model
objective: 50.2
x_1_4_0=1
x_2_3_0=1
x_3_4_1=1
x_4_4_2=1
x_5_3_1=1
x_6_3_2=1
x_7_2_0=1
x_8_1_0=1
x_9_3_3=1
x_10_1_1=1
x_11_2_1=1
x_12_1_2=1
x_13_2_2=1
x_14_5_0=1
x_15_2_3=1
x_16_6_0=1
x_17_4_3=1
x_18_3_4=1
x_19_2_4=1
x_20_4_4=1
x_21_5_1=1
x_22_5_2=1
x_23_3_5=1
x_24_4_5=1
x_25_1_3=1
x_26_5_3=1
x_27_5_4=1
x_28_6_1=1
x_29_7_0=1
x_30_6_2=1
r_1_0=1
r_1_1=1
r_1_2=1
r_1_3=1
r_2_2=1
r_2_3=1
r_2_4=1
r_3_1=1
r_3_2=1
r_3_3=1
r_3_4=1
r_3_5=1
r_4_0=1
r_4_1=1
r_4_2=1
r_4_3=1
r_4_4=1
r_4_5=1
r_5_0=1
r_5_1=1
r_5_2=1
r_5_3=1
r_5_4=1
r_6_0=1
r_6_1=1
r_6_2=1
d_1=2.600
d_2=2.000
d_3=3.000
d_4=0.600
d_5=1.400
d_6=0.400
d_7=1.000
d_8=1.333
d_9=0.600
d_10=1.000
d_11=0.667
d_12=1.000
d_14=3.333
d_15=1.000
d_16=2.000
d_17=0.400
d_18=1.600
d_19=2.000
d_20=1.400
d_21=3.000
d_22=1.333
d_23=2.600
d_24=3.000
d_25=2.000
d_27=1.333
d_28=1.000
d_29=6.000
d_30=2.600
d_x_2=1.333
d_x_3=1.667
d_x_7=0.333
d_x_8=0.667
d_x_10=0.667
d_x_11=0.333
d_x_12=1.000
d_x_14=0.333
d_x_15=0.333
d_x_16=0.500
d_x_19=0.333
d_x_21=1.500
d_x_22=0.333
d_x_24=0.500
d_x_25=1.000
d_x_27=0.333
d_x_28=0.500
d_x_29=5.333
d_x_30=2.000
d_y_1=2.600
d_y_2=0.667
d_y_3=1.333
d_y_4=0.600
d_y_5=1.400
d_y_6=0.400
d_y_7=0.667
d_y_8=0.667
d_y_9=0.600
d_y_10=0.333
d_y_11=0.333
d_y_14=3.000
d_y_15=0.667
d_y_16=1.500
d_y_17=0.400
d_y_18=1.600
d_y_19=1.667
d_y_20=1.400
d_y_21=1.500
d_y_22=1.000
d_y_23=2.600
d_y_24=2.500
d_y_25=1.000
d_y_27=1.000
d_y_28=0.500
d_y_29=0.667
d_y_30=0.600
