Number of initial container : 0
Number of new container : 30
Total number of containers : 30
Level_num : 9
Container_level : [4, 5, 1, 4, 5, 1, 1, 5, 8, 6, 1, 1, 1, 1, 5, 1, 5, 7, 1, 8, 8, 1, 7, 1, 1, 9, 7, 5, 2, 6]
ideal_configuration : 
 [[5. 6. 8. 0. 0. 0. 0. 0. 0. 0.]
 [1. 5. 6. 8. 0. 0. 0. 0. 0. 0.]
 [1. 1. 5. 7. 9. 0. 0. 0. 0. 0.]
 [1. 1. 2. 5. 7. 0. 0. 0. 0. 0.]
 [1. 1. 1. 4. 5. 7. 0. 0. 0. 0.]
 [1. 1. 1. 1. 4. 5. 8. 0. 0. 0.]]
Centroid : {4: (4.5, 0.5), 5: (3.5, 2.5), 1: (1.9166666666666667, 1.4166666666666667), 8: (4.666666666666667, 3.0), 6: (2.5, 4.5), 7: (5.0, 2.0), 9: (5.0, 3.0), 2: (3.0, 2.0)}
Repeat number : 17
Original weight : [12.99, 16.1, 5.95, 14.03, 14.78, 7.02, 6.68, 15.46, 23.15, 17.9, 5.55, 7.62, 6.93, 7.7, 15.18, 7.64, 16.66, 21.31, 7.31, 22.85, 22.0, 6.14, 19.69, 6.48, 7.13, 23.57, 20.8, 15.43, 8.3, 17.11]
Group : [0, 0, 0, 0, 0, 0, 0, 0, 0, 0, 0, 0, 0, 0, 0, 0, 0, 0, 0, 0, 0, 0, 0, 0, 0, 0, 0, 0, 0, 0]
Sequence : [1, 2, 3, 4, 5, 6, 7, 8, 9, 10, 11, 12, 13, 14, 15, 16, 17, 18, 19, 20, 21, 22, 23, 24, 25, 26, 27, 28, 29, 30]
Scroe : [12.99, 16.1, 5.95, 14.03, 14.78, 7.02, 6.68, 15.46, 23.15, 17.9, 5.55, 7.62, 6.93, 7.7, 15.18, 7.64, 16.66, 21.31, 7.31, 22.85, 22.0, 6.14, 19.69, 6.48, 7.13, 23.57, 20.8, 15.43, 8.3, 17.11]
Time taken to solve the MIP model : 14.6809 seconds
---------------------------------
solution for: IP model
objective: 50.3333
x_1_1_0=-0
x_1_2_0=-0
x_1_3_0=0
x_1_4_0=0
x_1_5_0=1
x_1_6_0=-0
x_2_3_0=0
x_2_3_1=0
x_2_4_0=1
x_2_4_1=0
x_3_1_1=-0
x_3_2_0=0
x_3_2_2=-0
x_3_3_0=1
x_3_3_1=0
x_4_6_0=1
x_5_2_2=0
x_5_3_2=0
x_5_4_0=-0
x_5_4_1=1
x_5_4_2=0
x_6_1_2=-0
x_6_2_0=0
x_6_3_1=1
x_7_2_2=-0
x_7_2_3=0
x_7_3_2=1
x_8_2_4=0
x_8_3_3=1
x_8_4_3=-0
x_8_8_0=0
x_9_4_3=0
x_9_4_4=-0
x_9_5_1=1
x_9_5_4=-0
x_10_1_4=-0
x_10_1_5=-0
x_10_2_5=0
x_10_3_4=1
x_11_1_0=1
x_12_1_1=1
x_12_4_1=0
x_12_5_1=-0
x_13_1_2=0
x_13_2_0=1
x_13_4_0=0
x_14_2_0=0
x_14_2_1=1
x_15_4_2=1
x_15_4_4=0
x_16_1_2=1
x_16_2_1=0
x_16_2_3=-0
x_16_3_1=-0
x_17_3_2=-0
x_17_3_3=-0
x_17_4_2=0
x_17_4_3=1
x_18_4_2=-0
x_18_5_1=0
x_18_5_2=1
x_18_6_2=0
x_19_1_0=-0
x_19_1_3=1
x_19_3_1=0
x_19_7_0=-0
x_20_4_3=-0
x_20_4_4=-0
x_20_4_5=0
x_20_5_3=1
x_20_6_4=0
x_21_1_4=-0
x_21_4_5=-0
x_21_5_4=1
x_21_5_5=0
x_21_6_3=0
x_22_1_0=0
x_22_1_1=0
x_22_1_3=0
x_22_1_4=0
x_22_2_1=-0
x_22_2_2=1
x_22_3_0=-0
x_22_4_1=-0
x_23_6_1=1
x_24_1_3=0
x_24_1_4=0
x_24_2_3=1
x_24_2_4=-0
x_24_6_0=0
x_24_6_1=-0
x_24_8_1=0
x_25_1_2=-0
x_25_1_3=0
x_25_1_4=0
x_25_2_4=1
x_26_1_3=-0
x_26_3_5=0
x_26_7_0=1
x_26_7_1=0
x_27_6_0=0
x_27_6_2=1
x_28_3_3=0
x_28_3_4=-0
x_28_4_4=1
x_29_1_3=0
x_29_1_4=0
x_29_2_5=0
x_29_3_4=0
x_29_3_5=1
x_29_4_4=-0
x_30_2_5=1
x_30_3_5=0
r_1_0=1
r_1_1=1
r_1_2=1
r_1_3=1
r_1_5=-0
r_2_0=1
r_2_1=1
r_2_2=1
r_2_3=1
r_2_4=1
r_2_5=1
r_3_0=1
r_3_1=1
r_3_2=1
r_3_3=1
r_3_4=1
r_3_5=1
r_4_0=1
r_4_1=1
r_4_2=1
r_4_3=1
r_4_4=1
r_5_1=1
r_5_2=1
r_5_3=1
r_5_4=1
r_5_5=0
r_6_0=-0
d_1=1.000
d_2=3.000
d_3=2.500
d_4=2.000
d_5=2.000
d_6=1.500
d_7=1.667
d_8=1.000
d_9=2.333
d_10=1.000
d_11=2.333
d_12=1.333
d_13=1.500
d_14=0.500
d_15=1.000
d_16=1.500
d_17=1.000
d_18=0.000
d_19=2.500
d_20=0.333
d_21=1.333
d_22=0.667
d_23=2.000
d_24=1.667
d_25=2.667
d_26=5.000
d_27=1.000
d_28=2.000
d_29=3.000
d_30=1.000
d_x_1=0.500
d_x_2=0.500
d_x_3=1.083
d_x_4=1.500
d_x_5=0.500
d_x_6=1.083
d_x_7=1.083
d_x_8=0.500
d_x_9=0.333
d_x_10=0.500
d_x_11=0.917
d_x_12=0.917
d_x_13=0.083
d_x_14=0.083
d_x_15=0.500
d_x_16=0.917
d_x_17=0.500
d_x_19=0.917
d_x_20=0.333
d_x_21=0.333
d_x_22=0.083
d_x_23=1.000
d_x_24=0.083
d_x_25=0.083
d_x_26=2.000
d_x_27=1.000
d_x_28=0.500
d_x_30=0.500
d_y_1=0.500
d_y_2=2.500
d_y_3=1.417
d_y_4=0.500
d_y_5=1.500
d_y_6=0.417
d_y_7=0.583
d_y_8=0.500
d_y_9=2.000
d_y_10=0.500
d_y_11=1.417
d_y_12=0.417
d_y_13=1.417
d_y_14=0.417
d_y_15=0.500
d_y_16=0.583
d_y_17=0.500
d_y_18=0.000
d_y_19=1.583
d_y_20=0.000
d_y_21=1.000
d_y_22=0.583
d_y_23=1.000
d_y_24=1.583
d_y_25=2.583
d_y_26=3.000
d_y_27=0.000
d_y_28=1.500
d_y_29=3.000
d_y_30=0.500
