Number of initial container : 0
Number of new container : 30
Total number of containers : 30
Level_num : 9
Container_level : [1, 6, 1, 7, 6, 3, 2, 8, 6, 5, 7, 8, 2, 1, 4, 7, 7, 5, 7, 6, 7, 1, 3, 7, 9, 3, 7, 4, 4, 6]
ideal_configuration : 
 [[6. 7. 8. 0. 0. 0. 0. 0. 0. 0.]
 [4. 6. 7. 8. 0. 0. 0. 0. 0. 0.]
 [3. 4. 6. 7. 9. 0. 0. 0. 0. 0.]
 [1. 3. 5. 6. 7. 0. 0. 0. 0. 0.]
 [1. 2. 3. 5. 7. 7. 0. 0. 0. 0.]
 [1. 1. 2. 4. 6. 7. 7. 0. 0. 0.]]
Centroid : {1: (1.25, 0.75), 6: (3.0, 2.8), 7: (4.75, 2.0), 3: (2.0, 2.0), 2: (2.5, 0.5), 8: (3.5, 4.5), 5: (3.5, 1.5), 4: (2.3333333333333335, 2.3333333333333335), 9: (5.0, 3.0)}
Repeat number : 24
Original weight : [7.19, 16.55, 7.44, 18.72, 16.68, 10.2, 8.02, 22.4, 18.49, 15.39, 20.46, 21.65, 8.19, 5.89, 13.17, 19.28, 19.33, 15.85, 19.52, 16.76, 20.61, 5.56, 11.61, 18.74, 23.02, 11.88, 18.99, 13.99, 13.77, 17.65]
Group : [0, 0, 0, 0, 0, 0, 0, 0, 0, 0, 0, 0, 0, 0, 0, 0, 0, 0, 0, 0, 0, 0, 0, 0, 0, 0, 0, 0, 0, 0]
Sequence : [1, 2, 3, 4, 5, 6, 7, 8, 9, 10, 11, 12, 13, 14, 15, 16, 17, 18, 19, 20, 21, 22, 23, 24, 25, 26, 27, 28, 29, 30]
Scroe : [7.19, 16.55, 7.44, 18.72, 16.68, 10.2, 8.02, 22.4, 18.49, 15.39, 20.46, 21.65, 8.19, 5.89, 13.17, 19.28, 19.33, 15.85, 19.52, 16.76, 20.61, 5.56, 11.61, 18.74, 23.02, 11.88, 18.99, 13.99, 13.77, 17.65]
Time taken to solve the MIP model : 10.1219 seconds
---------------------------------
solution for: IP model
objective: 47.2
x_1_4_0=1
x_2_4_1=1
x_3_2_0=1
x_4_4_2=1
x_5_4_3=1
x_6_2_1=1
x_7_3_0=1
x_8_4_4=1
x_9_2_2=1
x_10_6_0=1
x_11_7_0=1
x_12_4_5=1
x_13_3_1=1
x_14_1_0=1
x_15_2_3=1
x_16_6_1=1
x_17_6_2=1
x_18_3_2=1
x_19_5_0=1
x_20_3_3=1
x_21_5_1=1
x_22_1_1=1
x_23_1_2=1
x_24_5_2=1
x_25_5_3=1
x_26_2_4=1
x_27_5_4=1
x_28_2_5=1
x_29_1_3=1
x_30_3_4=1
r_1_0=1
r_1_1=1
r_1_2=1
r_1_3=1
r_2_1=1
r_2_2=1
r_2_3=1
r_2_4=1
r_2_5=1
r_3_0=1
r_3_1=1
r_3_2=1
r_3_3=1
r_3_4=1
r_4_1=1
r_4_2=1
r_4_3=1
r_4_4=1
r_4_5=1
r_5_0=1
r_5_1=1
r_5_2=1
r_5_3=1
r_5_4=1
r_6_0=1
r_6_1=1
r_6_2=1
d_1=3.500
d_2=2.800
d_3=1.500
d_4=0.750
d_5=1.200
d_6=1.000
d_7=1.000
d_8=1.000
d_9=1.800
d_10=4.000
d_11=4.250
d_12=1.000
d_13=1.000
d_14=1.000
d_15=1.000
d_16=2.250
d_17=1.250
d_18=1.000
d_19=2.250
d_20=0.200
d_21=1.250
d_22=0.500
d_23=1.000
d_24=0.250
d_26=2.000
d_27=2.250
d_28=3.000
d_29=2.000
d_30=1.200
d_x_1=2.750
d_x_2=1.000
d_x_3=0.750
d_x_4=0.750
d_x_5=1.000
d_x_7=0.500
d_x_8=0.500
d_x_9=1.000
d_x_10=2.500
d_x_11=2.250
d_x_12=0.500
d_x_13=0.500
d_x_14=0.250
d_x_15=0.333
d_x_16=1.250
d_x_17=1.250
d_x_18=0.500
d_x_19=0.250
d_x_21=0.250
d_x_22=0.250
d_x_23=1.000
d_x_24=0.250
d_x_27=0.250
d_x_28=0.333
d_x_29=1.333
d_y_1=0.750
d_y_2=1.800
d_y_3=0.750
d_y_5=0.200
d_y_6=1.000
d_y_7=0.500
d_y_8=0.500
d_y_9=0.800
d_y_10=1.500
d_y_11=2.000
d_y_12=0.500
d_y_13=0.500
d_y_14=0.750
d_y_15=0.667
d_y_16=1.000
d_y_18=0.500
d_y_19=2.000
d_y_20=0.200
d_y_21=1.000
d_y_22=0.250
d_y_26=2.000
d_y_27=2.000
d_y_28=2.667
d_y_29=0.667
d_y_30=1.200
