Number of initial container : 0
Number of new container : 30
Total number of containers : 30
Level_num : 9
Container_level : [8, 5, 7, 5, 6, 7, 7, 8, 6, 5, 5, 7, 8, 8, 1, 5, 1, 5, 8, 9, 4, 7, 4, 4, 1, 1, 1, 5, 7, 3]
ideal_configuration : 
 [[5. 7. 8. 0. 0. 0. 0. 0. 0. 0.]
 [5. 6. 7. 8. 0. 0. 0. 0. 0. 0.]
 [4. 5. 6. 7. 9. 0. 0. 0. 0. 0.]
 [1. 4. 5. 7. 8. 0. 0. 0. 0. 0.]
 [1. 1. 4. 5. 7. 8. 0. 0. 0. 0.]
 [1. 1. 3. 5. 5. 7. 8. 0. 0. 0.]]
Centroid : {8: (5.0, 2.4), 5: (2.857142857142857, 2.142857142857143), 7: (4.0, 2.5), 6: (2.5, 3.5), 1: (1.4, 0.8), 9: (5.0, 3.0), 4: (2.0, 2.0), 3: (3.0, 0.0)}
Repeat number : 28
Original weight : [22.75, 15.9, 20.8, 15.98, 17.65, 19.67, 19.2, 22.22, 18.03, 15.88, 15.91, 21.0, 22.97, 21.93, 7.34, 15.9, 5.39, 16.41, 23.46, 23.89, 14.31, 19.97, 13.57, 13.47, 5.0, 6.03, 5.91, 16.07, 19.36, 11.46]
Group : [0, 0, 0, 0, 0, 0, 0, 0, 0, 0, 0, 0, 0, 0, 0, 0, 0, 0, 0, 0, 0, 0, 0, 0, 0, 0, 0, 0, 0, 0]
Sequence : [1, 2, 3, 4, 5, 6, 7, 8, 9, 10, 11, 12, 13, 14, 15, 16, 17, 18, 19, 20, 21, 22, 23, 24, 25, 26, 27, 28, 29, 30]
Scroe : [22.75, 15.9, 20.8, 15.98, 17.65, 19.67, 19.2, 22.22, 18.03, 15.88, 15.91, 21.0, 22.97, 21.93, 7.34, 15.9, 5.39, 16.41, 23.46, 23.89, 14.31, 19.97, 13.57, 13.47, 5.0, 6.03, 5.91, 16.07, 19.36, 11.46]
Time taken to solve the MIP model : 8.0066 seconds
---------------------------------
solution for: IP model
objective: 51.9429
x_1_5_0=1
x_2_3_0=1
x_3_3_1=1
x_4_3_2=1
x_5_3_3=1
x_6_4_0=1
x_7_4_1=1
x_8_5_1=1
x_9_3_4=1
x_10_4_2=1
x_11_6_0=1
x_12_4_3=1
x_13_5_2=1
x_14_6_1=1
x_15_2_0=1
x_16_3_5=1
x_17_2_1=1
x_18_6_2=1
x_19_5_3=1
x_20_5_4=1
x_21_2_2=1
x_22_4_4=1
x_23_2_3=1
x_24_2_4=1
x_25_1_0=1
x_26_1_1=1
x_27_1_2=1
x_28_1_3=1
x_29_4_5=1
x_30_7_0=1
r_1_0=1
r_1_1=1
r_1_2=1
r_1_3=1
r_2_0=1
r_2_1=1
r_2_2=1
r_2_3=1
r_2_4=1
r_3_0=1
r_3_1=1
r_3_2=1
r_3_3=1
r_3_4=1
r_3_5=1
r_4_0=1
r_4_1=1
r_4_2=1
r_4_3=1
r_4_4=1
r_4_5=1
r_5_0=1
r_5_1=1
r_5_2=1
r_5_3=1
r_5_4=1
r_6_1=1
r_6_2=1
d_1=2.400
d_2=2.286
d_3=2.500
d_4=0.286
d_5=1.000
d_6=2.500
d_7=1.500
d_8=1.400
d_9=1.000
d_10=1.286
d_11=5.286
d_12=0.500
d_13=0.400
d_14=2.400
d_15=1.400
d_16=3.000
d_17=0.800
d_18=3.286
d_19=0.600
d_20=1.000
d_22=1.500
d_23=1.000
d_24=2.000
d_25=1.200
d_26=0.600
d_27=1.600
d_28=2.714
d_29=2.500
d_30=4.000
d_x_2=0.143
d_x_3=1.000
d_x_4=0.143
d_x_5=0.500
d_x_9=0.500
d_x_10=1.143
d_x_11=3.143
d_x_14=1.000
d_x_15=0.600
d_x_16=0.143
d_x_17=0.600
d_x_18=3.143
d_x_25=0.400
d_x_26=0.400
d_x_27=0.400
d_x_28=1.857
d_x_30=4.000
d_y_1=2.400
d_y_2=2.143
d_y_3=1.500
d_y_4=0.143
d_y_5=0.500
d_y_6=2.500
d_y_7=1.500
d_y_8=1.400
d_y_9=0.500
d_y_10=0.143
d_y_11=2.143
d_y_12=0.500
d_y_13=0.400
d_y_14=1.400
d_y_15=0.800
d_y_16=2.857
d_y_17=0.200
d_y_18=0.143
d_y_19=0.600
d_y_20=1.000
d_y_22=1.500
d_y_23=1.000
d_y_24=2.000
d_y_25=0.800
d_y_26=0.200
d_y_27=1.200
d_y_28=0.857
d_y_29=2.500
