Number of initial container : 0
Number of new container : 30
Total number of containers : 30
Level_num : 9
Container_level : [5, 1, 8, 7, 8, 5, 9, 3, 2, 6, 6, 4, 8, 7, 6, 6, 8, 6, 2, 1, 4, 6, 6, 8, 1, 2, 6, 4, 3, 2]
ideal_configuration : 
 [[6. 6. 8. 0. 0. 0. 0. 0. 0. 0.]
 [4. 6. 7. 8. 0. 0. 0. 0. 0. 0.]
 [2. 4. 6. 7. 9. 0. 0. 0. 0. 0.]
 [2. 3. 5. 6. 8. 0. 0. 0. 0. 0.]
 [1. 2. 3. 5. 6. 8. 0. 0. 0. 0.]
 [1. 1. 2. 4. 6. 6. 8. 0. 0. 0.]]
Centroid : {5: (3.5, 1.5), 1: (1.3333333333333333, 0.3333333333333333), 8: (5.0, 2.4), 7: (3.5, 3.5), 9: (5.0, 3.0), 3: (2.5, 1.5), 2: (1.75, 1.5), 6: (3.5, 2.5), 4: (2.3333333333333335, 2.3333333333333335)}
Repeat number : 26
Original weight : [15.69, 6.6, 22.09, 18.36, 20.56, 14.5, 22.72, 11.51, 8.96, 17.52, 17.14, 13.71, 22.11, 19.3, 17.48, 18.04, 22.22, 16.93, 7.96, 5.28, 13.94, 16.88, 18.31, 22.18, 5.82, 9.12, 17.28, 12.25, 11.11, 7.55]
Group : [0, 0, 0, 0, 0, 0, 0, 0, 0, 0, 0, 0, 0, 0, 0, 0, 0, 0, 0, 0, 0, 0, 0, 0, 0, 0, 0, 0, 0, 0]
Sequence : [1, 2, 3, 4, 5, 6, 7, 8, 9, 10, 11, 12, 13, 14, 15, 16, 17, 18, 19, 20, 21, 22, 23, 24, 25, 26, 27, 28, 29, 30]
Scroe : [15.69, 6.6, 22.09, 18.36, 20.56, 14.5, 22.72, 11.51, 8.96, 17.52, 17.14, 13.71, 22.11, 19.3, 17.48, 18.04, 22.22, 16.93, 7.96, 5.28, 13.94, 16.88, 18.31, 22.18, 5.82, 9.12, 17.28, 12.25, 11.11, 7.55]
Time taken to solve the MIP model : 14.9724 seconds
---------------------------------
solution for: IP model
objective: 53.6667
x_1_4_0=1
x_2_2_0=1
x_3_5_0=1
x_4_5_1=1
x_5_5_2=1
x_6_4_1=1
x_7_5_3=1
x_8_3_0=1
x_9_2_1=1
x_10_4_2=1
x_11_3_1=1
x_12_3_2=1
x_13_6_0=1
x_14_5_4=1
x_15_3_3=1
x_16_4_3=1
x_17_6_1=1
x_18_3_4=1
x_19_2_2=1
x_20_1_0=1
x_21_2_3=1
x_22_3_5=1
x_23_4_4=1
x_24_6_2=1
x_25_1_1=1
x_26_1_2=1
x_27_4_5=1
x_28_2_4=1
x_29_7_0=1
x_30_1_3=1
r_1_0=1
r_1_1=1
r_1_2=1
r_1_3=1
r_2_1=1
r_2_2=1
r_2_3=1
r_2_4=1
r_3_0=1
r_3_1=1
r_3_2=1
r_3_3=1
r_3_4=1
r_3_5=1
r_4_0=1
r_4_1=1
r_4_2=1
r_4_3=1
r_4_4=1
r_4_5=1
r_5_0=1
r_5_1=1
r_5_2=1
r_5_3=1
r_5_4=1
r_6_0=1
r_6_1=1
r_6_2=1
d_1=2.000
d_2=1.000
d_3=2.400
d_4=4.000
d_5=0.400
d_6=1.000
d_8=2.000
d_9=0.750
d_10=1.000
d_11=2.000
d_12=1.000
d_13=3.400
d_14=2.000
d_15=1.000
d_16=1.000
d_17=2.400
d_18=2.000
d_19=0.750
d_20=0.667
d_21=1.000
d_22=3.000
d_23=2.000
d_24=1.400
d_25=1.000
d_26=1.250
d_27=3.000
d_28=2.000
d_29=6.000
d_30=2.250
d_x_1=0.500
d_x_2=0.667
d_x_4=1.500
d_x_6=0.500
d_x_8=0.500
d_x_9=0.250
d_x_10=0.500
d_x_11=0.500
d_x_12=0.667
d_x_13=1.000
d_x_14=1.500
d_x_15=0.500
d_x_16=0.500
d_x_17=1.000
d_x_18=0.500
d_x_19=0.250
d_x_20=0.333
d_x_21=0.333
d_x_22=0.500
d_x_23=0.500
d_x_24=1.000
d_x_25=0.333
d_x_26=0.750
d_x_27=0.500
d_x_28=0.333
d_x_29=4.500
d_x_30=0.750
d_y_1=1.500
d_y_2=0.333
d_y_3=2.400
d_y_4=2.500
d_y_5=0.400
d_y_6=0.500
d_y_8=1.500
d_y_9=0.500
d_y_10=0.500
d_y_11=1.500
d_y_12=0.333
d_y_13=2.400
d_y_14=0.500
d_y_15=0.500
d_y_16=0.500
d_y_17=1.400
d_y_18=1.500
d_y_19=0.500
d_y_20=0.333
d_y_21=0.667
d_y_22=2.500
d_y_23=1.500
d_y_24=0.400
d_y_25=0.667
d_y_26=0.500
d_y_27=2.500
d_y_28=1.667
d_y_29=1.500
d_y_30=1.500
