Number of initial container : 0
Number of new container : 30
Total number of containers : 30
Level_num : 9
Container_level : [4, 1, 1, 5, 3, 6, 6, 7, 5, 5, 4, 4, 2, 4, 8, 4, 3, 6, 1, 5, 1, 3, 2, 9, 5, 3, 1, 6, 5, 5]
ideal_configuration : 
 [[4. 5. 7. 0. 0. 0. 0. 0. 0. 0.]
 [3. 5. 5. 8. 0. 0. 0. 0. 0. 0.]
 [2. 4. 5. 6. 9. 0. 0. 0. 0. 0.]
 [1. 3. 4. 5. 6. 0. 0. 0. 0. 0.]
 [1. 1. 3. 4. 5. 6. 0. 0. 0. 0.]
 [1. 1. 2. 3. 4. 5. 6. 0. 0. 0.]]
Centroid : {4: (3.0, 2.2), 1: (1.4, 0.8), 5: (3.5714285714285716, 2.7142857142857144), 3: (2.5, 1.75), 6: (5.5, 1.5), 7: (3.0, 5.0), 2: (2.0, 1.5), 8: (4.0, 4.0), 9: (5.0, 3.0)}
Repeat number : 8
Original weight : [13.83, 6.73, 5.13, 15.85, 10.56, 19.03, 18.29, 20.92, 15.77, 16.51, 13.89, 14.33, 9.37, 12.27, 22.73, 12.12, 10.01, 18.49, 5.61, 15.47, 6.26, 10.9, 7.47, 23.75, 15.96, 10.67, 7.01, 17.67, 14.54, 16.46]
Group : [0, 0, 0, 0, 0, 0, 0, 0, 0, 0, 0, 0, 0, 0, 0, 0, 0, 0, 0, 0, 0, 0, 0, 0, 0, 0, 0, 0, 0, 0]
Sequence : [1, 2, 3, 4, 5, 6, 7, 8, 9, 10, 11, 12, 13, 14, 15, 16, 17, 18, 19, 20, 21, 22, 23, 24, 25, 26, 27, 28, 29, 30]
Scroe : [13.83, 6.73, 5.13, 15.85, 10.56, 19.03, 18.29, 20.92, 15.77, 16.51, 13.89, 14.33, 9.37, 12.27, 22.73, 12.12, 10.01, 18.49, 5.61, 15.47, 6.26, 10.9, 7.47, 23.75, 15.96, 10.67, 7.01, 17.67, 14.54, 16.46]
Time taken to solve the MIP model : 22.2826 seconds
---------------------------------
solution for: IP model
objective: 53.7714
x_1_4_0=1
x_2_2_0=1
x_3_2_1=1
x_4_4_1=1
x_5_2_2=1
x_6_6_0=1
x_7_5_0=1
x_8_2_3=1
x_9_4_2=1
x_10_4_3=1
x_11_3_0=1
x_12_3_1=1
x_13_2_4=1
x_14_3_2=1
x_15_4_4=1
x_16_3_3=1
x_17_2_5=1
x_18_5_1=1
x_19_1_0=1
x_20_5_2=1
x_21_1_1=1
x_22_1_2=1
x_23_1_3=1
x_24_5_3=1
x_25_4_5=1
x_26_1_4=1
x_27_1_5=1
x_28_6_1=1
x_29_3_4=1
x_30_3_5=1
r_1_2=1
r_1_3=1
r_1_4=1
r_1_5=1
r_2_0=1
r_2_1=1
r_2_2=1
r_2_3=1
r_2_4=1
r_2_5=1
r_3_0=1
r_3_1=1
r_3_2=1
r_3_3=1
r_3_4=1
r_3_5=1
r_4_0=1
r_4_1=1
r_4_2=1
r_4_3=1
r_4_4=1
r_4_5=1
r_5_0=1
r_5_1=1
r_5_2=1
r_5_3=1
r_6_0=1
r_6_1=1
d_1=3.200
d_2=1.400
d_3=0.800
d_4=2.143
d_5=0.750
d_6=2.000
d_7=2.000
d_8=3.000
d_9=1.143
d_10=0.714
d_11=2.200
d_12=1.200
d_13=2.500
d_14=0.200
d_16=0.800
d_17=3.750
d_18=1.000
d_19=1.200
d_20=2.143
d_21=0.600
d_22=1.750
d_23=2.500
d_25=2.714
d_26=3.750
d_27=4.600
d_28=1.000
d_29=1.857
d_30=2.857
d_x_1=1.000
d_x_2=0.600
d_x_3=0.600
d_x_4=0.429
d_x_5=0.500
d_x_6=0.500
d_x_7=0.500
d_x_8=1.000
d_x_9=0.429
d_x_10=0.429
d_x_17=0.500
d_x_18=0.500
d_x_19=0.400
d_x_20=1.429
d_x_21=0.400
d_x_22=1.500
d_x_23=1.000
d_x_25=0.429
d_x_26=1.500
d_x_27=0.400
d_x_28=0.500
d_x_29=0.571
d_x_30=0.571
d_y_1=2.200
d_y_2=0.800
d_y_3=0.200
d_y_4=1.714
d_y_5=0.250
d_y_6=1.500
d_y_7=1.500
d_y_8=2.000
d_y_9=0.714
d_y_10=0.286
d_y_11=2.200
d_y_12=1.200
d_y_13=2.500
d_y_14=0.200
d_y_16=0.800
d_y_17=3.250
d_y_18=0.500
d_y_19=0.800
d_y_20=0.714
d_y_21=0.200
d_y_22=0.250
d_y_23=1.500
d_y_25=2.286
d_y_26=2.250
d_y_27=4.200
d_y_28=0.500
d_y_29=1.286
d_y_30=2.286
