Number of initial container : 0
Number of new container : 30
Total number of containers : 30
Level_num : 9
Container_level : [7, 7, 7, 2, 7, 7, 1, 1, 1, 6, 7, 3, 2, 1, 5, 3, 6, 9, 8, 7, 2, 4, 6, 1, 3, 1, 3, 8, 2, 3]
ideal_configuration : 
 [[4. 7. 8. 0. 0. 0. 0. 0. 0. 0.]
 [3. 5. 7. 8. 0. 0. 0. 0. 0. 0.]
 [2. 3. 6. 7. 9. 0. 0. 0. 0. 0.]
 [1. 2. 3. 6. 7. 0. 0. 0. 0. 0.]
 [1. 1. 2. 3. 6. 7. 0. 0. 0. 0.]
 [1. 1. 1. 2. 3. 7. 7. 0. 0. 0.]]
Centroid : {7: (4.714285714285714, 2.142857142857143), 2: (2.5, 1.5), 1: (1.6666666666666667, 0.6666666666666666), 6: (4.0, 2.0), 3: (3.0, 2.0), 5: (2.0, 4.0), 9: (5.0, 3.0), 8: (3.5, 4.5), 4: (1.0, 5.0)}
Repeat number : 20
Original weight : [20.58, 21.53, 19.63, 7.73, 21.59, 21.59, 5.44, 6.48, 6.83, 18.74, 19.54, 11.63, 9.58, 5.23, 16.68, 10.63, 17.01, 23.94, 23.07, 21.59, 9.9, 13.26, 17.64, 7.09, 10.13, 6.4, 11.03, 23.64, 8.33, 12.03]
Group : [0, 0, 0, 0, 0, 0, 0, 0, 0, 0, 0, 0, 0, 0, 0, 0, 0, 0, 0, 0, 0, 0, 0, 0, 0, 0, 0, 0, 0, 0]
Sequence : [1, 2, 3, 4, 5, 6, 7, 8, 9, 10, 11, 12, 13, 14, 15, 16, 17, 18, 19, 20, 21, 22, 23, 24, 25, 26, 27, 28, 29, 30]
Scroe : [20.58, 21.53, 19.63, 7.73, 21.59, 21.59, 5.44, 6.48, 6.83, 18.74, 19.54, 11.63, 9.58, 5.23, 16.68, 10.63, 17.01, 23.94, 23.07, 21.59, 9.9, 13.26, 17.64, 7.09, 10.13, 6.4, 11.03, 23.64, 8.33, 12.03]
Time taken to solve the MIP model : 6.9358 seconds
---------------------------------
solution for: IP model
objective: 45.7143
x_1_5_0=1
x_2_5_1=1
x_3_5_2=1
x_4_4_0=1
x_5_6_0=1
x_6_6_1=1
x_7_2_0=1
x_8_2_1=1
x_9_1_0=1
x_10_4_1=1
x_11_6_2=1
x_12_2_2=1
x_13_2_3=1
x_14_3_0=1
x_15_2_4=1
x_16_4_2=1
x_17_4_3=1
x_18_5_3=1
x_19_4_4=1
x_20_5_4=1
x_21_3_1=1
x_22_2_5=1
x_23_7_0=1
x_24_1_1=1
x_25_3_2=1
x_26_1_2=1
x_27_3_3=1
x_28_4_5=1
x_29_1_3=1
x_30_3_4=1
r_1_0=1
r_1_1=1
r_1_2=1
r_1_3=1
r_2_2=1
r_2_3=1
r_2_4=1
r_2_5=1
r_3_0=1
r_3_1=1
r_3_2=1
r_3_3=1
r_3_4=1
r_4_0=1
r_4_1=1
r_4_2=1
r_4_3=1
r_4_4=1
r_4_5=1
r_5_0=1
r_5_1=1
r_5_2=1
r_5_3=1
r_5_4=1
r_6_0=1
r_6_1=1
r_6_2=1
d_1=2.429
d_2=1.429
d_3=0.429
d_4=3.000
d_5=3.429
d_6=2.429
d_7=1.000
d_8=0.667
d_9=1.333
d_10=1.000
d_11=1.429
d_12=1.000
d_13=2.000
d_14=2.000
d_16=1.000
d_17=1.000
d_19=1.000
d_20=2.143
d_21=1.000
d_22=1.000
d_23=5.000
d_24=1.000
d_26=2.000
d_27=1.000
d_28=1.000
d_29=3.000
d_30=2.000
d_x_1=0.286
d_x_2=0.286
d_x_3=0.286
d_x_4=1.500
d_x_5=1.286
d_x_6=1.286
d_x_7=0.333
d_x_8=0.333
d_x_9=0.667
d_x_11=1.286
d_x_12=1.000
d_x_13=0.500
d_x_14=1.333
d_x_16=1.000
d_x_19=0.500
d_x_20=0.286
d_x_21=0.500
d_x_22=1.000
d_x_23=3.000
d_x_24=0.667
d_x_26=0.667
d_x_28=0.500
d_x_29=1.500
d_y_1=2.143
d_y_2=1.143
d_y_3=0.143
d_y_4=1.500
d_y_5=2.143
d_y_6=1.143
d_y_7=0.667
d_y_8=0.333
d_y_9=0.667
d_y_10=1.000
d_y_11=0.143
d_y_13=1.500
d_y_14=0.667
d_y_17=1.000
d_y_19=0.500
d_y_20=1.857
d_y_21=0.500
d_y_23=2.000
d_y_24=0.333
d_y_26=1.333
d_y_27=1.000
d_y_28=0.500
d_y_29=1.500
d_y_30=2.000
