Number of initial container : 0
Number of new container : 30
Total number of containers : 30
Level_num : 9
Container_level : [6, 1, 1, 6, 3, 3, 1, 6, 8, 6, 6, 9, 2, 4, 5, 1, 6, 3, 5, 4, 5, 5, 1, 3, 8, 1, 2, 7, 7, 8]
ideal_configuration : 
 [[5. 6. 8. 0. 0. 0. 0. 0. 0. 0.]
 [3. 5. 6. 8. 0. 0. 0. 0. 0. 0.]
 [2. 3. 5. 6. 9. 0. 0. 0. 0. 0.]
 [1. 2. 4. 6. 7. 0. 0. 0. 0. 0.]
 [1. 1. 3. 4. 6. 7. 0. 0. 0. 0.]
 [1. 1. 1. 3. 5. 6. 8. 0. 0. 0.]]
Centroid : {6: (4.0, 2.5), 1: (1.6666666666666667, 0.6666666666666666), 3: (2.5, 2.0), 8: (4.666666666666667, 3.0), 9: (5.0, 3.0), 2: (1.5, 2.5), 4: (3.5, 1.5), 5: (2.75, 3.0), 7: (5.5, 1.5)}
Repeat number : 15
Original weight : [17.31, 7.43, 5.79, 18.31, 12.18, 11.98, 8.02, 17.98, 23.52, 17.9, 18.92, 23.91, 8.21, 14.22, 16.99, 6.38, 19.07, 10.88, 14.9, 14.0, 16.25, 15.98, 7.56, 10.76, 22.72, 7.69, 9.84, 20.32, 20.01, 23.55]
Group : [0, 0, 0, 0, 0, 0, 0, 0, 0, 0, 0, 0, 0, 0, 0, 0, 0, 0, 0, 0, 0, 0, 0, 0, 0, 0, 0, 0, 0, 0]
Sequence : [1, 2, 3, 4, 5, 6, 7, 8, 9, 10, 11, 12, 13, 14, 15, 16, 17, 18, 19, 20, 21, 22, 23, 24, 25, 26, 27, 28, 29, 30]
Scroe : [17.31, 7.43, 5.79, 18.31, 12.18, 11.98, 8.02, 17.98, 23.52, 17.9, 18.92, 23.91, 8.21, 14.22, 16.99, 6.38, 19.07, 10.88, 14.9, 14.0, 16.25, 15.98, 7.56, 10.76, 22.72, 7.69, 9.84, 20.32, 20.01, 23.55]
Time taken to solve the MIP model : 14.6779 seconds
---------------------------------
solution for: IP model
objective: 47.5
x_1_4_0=1
x_2_2_0=1
x_3_2_1=1
x_4_4_1=1
x_5_5_0=1
x_6_2_2=1
x_7_3_0=1
x_8_4_2=1
x_9_5_1=1
x_10_4_3=1
x_11_5_2=1
x_12_5_3=1
x_13_2_3=1
x_14_3_1=1
x_15_2_4=1
x_16_1_0=1
x_17_4_4=1
x_18_3_2=1
x_19_3_3=1
x_20_6_0=1
x_21_3_4=1
x_22_3_5=1
x_23_1_1=1
x_24_1_2=1
x_25_5_4=1
x_26_1_3=1
x_27_1_4=1
x_28_6_1=1
x_29_7_0=1
x_30_6_2=1
r_1_0=1
r_1_1=1
r_1_2=1
r_1_3=1
r_1_4=1
r_2_0=1
r_2_1=1
r_2_2=1
r_2_3=1
r_2_4=1
r_3_1=1
r_3_2=1
r_3_3=1
r_3_4=1
r_3_5=1
r_4_0=1
r_4_1=1
r_4_2=1
r_4_3=1
r_4_4=1
r_5_0=1
r_5_1=1
r_5_2=1
r_5_3=1
r_5_4=1
d_1=2.500
d_2=1.000
d_3=0.667
d_4=1.500
d_5=4.500
d_6=0.500
d_7=2.000
d_8=0.500
d_9=2.333
d_10=0.500
d_11=1.500
d_13=1.000
d_14=1.000
d_15=1.750
d_16=1.333
d_17=1.500
d_18=0.500
d_19=0.250
d_20=4.000
d_21=1.250
d_22=2.250
d_23=1.000
d_24=1.500
d_25=1.333
d_26=3.000
d_27=2.000
d_28=1.000
d_29=3.000
d_30=2.333
d_x_2=0.333
d_x_3=0.333
d_x_5=2.500
d_x_6=0.500
d_x_7=1.333
d_x_9=0.333
d_x_11=1.000
d_x_13=0.500
d_x_14=0.500
d_x_15=0.750
d_x_16=0.667
d_x_18=0.500
d_x_19=0.250
d_x_20=2.500
d_x_21=0.250
d_x_22=0.250
d_x_23=0.667
d_x_24=1.500
d_x_25=0.333
d_x_26=0.667
d_x_27=0.500
d_x_28=0.500
d_x_29=1.500
d_x_30=1.333
d_y_1=2.500
d_y_2=0.667
d_y_3=0.333
d_y_4=1.500
d_y_5=2.000
d_y_7=0.667
d_y_8=0.500
d_y_9=2.000
d_y_10=0.500
d_y_11=0.500
d_y_13=0.500
d_y_14=0.500
d_y_15=1.000
d_y_16=0.667
d_y_17=1.500
d_y_20=1.500
d_y_21=1.000
d_y_22=2.000
d_y_23=0.333
d_y_25=1.000
d_y_26=2.333
d_y_27=1.500
d_y_28=0.500
d_y_29=1.500
d_y_30=1.000
