Number of initial container : 0
Number of new container : 30
Total number of containers : 30
Level_num : 9
Container_level : [3, 5, 8, 6, 8, 5, 8, 5, 9, 6, 7, 5, 1, 3, 8, 4, 1, 8, 8, 5, 1, 7, 6, 2, 7, 2, 2, 7, 4, 1]
ideal_configuration : 
 [[5. 7. 8. 0. 0. 0. 0. 0. 0. 0.]
 [4. 6. 7. 8. 0. 0. 0. 0. 0. 0.]
 [2. 5. 6. 8. 9. 0. 0. 0. 0. 0.]
 [1. 3. 5. 6. 8. 0. 0. 0. 0. 0.]
 [1. 2. 3. 5. 7. 8. 0. 0. 0. 0.]
 [1. 1. 2. 4. 5. 7. 8. 0. 0. 0.]]
Centroid : {3: (2.5, 1.5), 5: (3.0, 2.2), 8: (4.833333333333333, 2.5), 6: (3.0, 3.0), 9: (5.0, 3.0), 7: (4.0, 2.5), 1: (1.25, 0.75), 4: (2.5, 2.0), 2: (2.0, 1.3333333333333333)}
Repeat number : 6
Original weight : [12.62, 16.55, 23.62, 19.0, 23.85, 15.94, 22.49, 16.26, 23.88, 18.14, 20.69, 16.68, 8.14, 11.08, 22.6, 14.28, 6.68, 22.11, 22.38, 16.27, 6.12, 21.06, 18.26, 10.37, 20.5, 10.06, 8.79, 21.0, 14.29, 6.09]
Group : [0, 0, 0, 0, 0, 0, 0, 0, 0, 0, 0, 0, 0, 0, 0, 0, 0, 0, 0, 0, 0, 0, 0, 0, 0, 0, 0, 0, 0, 0]
Sequence : [1, 2, 3, 4, 5, 6, 7, 8, 9, 10, 11, 12, 13, 14, 15, 16, 17, 18, 19, 20, 21, 22, 23, 24, 25, 26, 27, 28, 29, 30]
Scroe : [12.62, 16.55, 23.62, 19.0, 23.85, 15.94, 22.49, 16.26, 23.88, 18.14, 20.69, 16.68, 8.14, 11.08, 22.6, 14.28, 6.68, 22.11, 22.38, 16.27, 6.12, 21.06, 18.26, 10.37, 20.5, 10.06, 8.79, 21.0, 14.29, 6.09]
Time taken to solve the MIP model : 38.4849 seconds
---------------------------------
solution for: IP model
objective: 53.7667
x_1_3_0=1
x_2_3_1=1
x_3_5_0=1
x_4_3_2=1
x_5_5_1=1
x_6_3_3=1
x_7_5_2=1
x_8_4_0=1
x_9_5_3=1
x_10_3_4=1
x_11_4_1=1
x_12_4_2=1
x_13_2_0=1
x_14_2_1=1
x_15_5_4=1
x_16_2_2=1
x_17_1_0=1
x_18_6_0=1
x_19_6_1=1
x_20_6_2=1
x_21_1_1=1
x_22_4_3=1
x_23_3_5=1
x_24_7_0=1
x_25_4_4=1
x_26_2_3=1
x_27_2_4=1
x_28_4_5=1
x_29_1_2=1
x_30_1_3=1
r_1_0=1
r_1_1=1
r_1_2=1
r_1_3=1
r_2_0=1
r_2_1=1
r_2_2=1
r_2_3=1
r_2_4=1
r_3_0=1
r_3_1=1
r_3_2=1
r_3_3=1
r_3_4=1
r_3_5=1
r_4_0=1
r_4_1=1
r_4_2=1
r_4_3=1
r_4_4=1
r_4_5=1
r_5_0=1
r_5_1=1
r_5_2=1
r_5_3=1
r_5_4=1
r_6_0=1
r_6_1=1
r_6_2=1
d_1=2.000
d_2=1.200
d_3=2.667
d_4=1.000
d_5=1.667
d_6=0.800
d_7=0.667
d_8=3.200
d_10=1.000
d_11=1.500
d_12=1.200
d_13=1.500
d_14=1.000
d_15=1.667
d_16=0.500
d_17=1.000
d_18=3.667
d_19=2.667
d_20=3.200
d_21=0.500
d_22=0.500
d_23=2.000
d_24=6.333
d_25=1.500
d_26=1.667
d_27=2.667
d_28=2.500
d_29=1.500
d_30=2.500
d_x_1=0.500
d_x_3=0.167
d_x_5=0.167
d_x_7=0.167
d_x_8=1.000
d_x_12=1.000
d_x_13=0.750
d_x_14=0.500
d_x_15=0.167
d_x_16=0.500
d_x_17=0.250
d_x_18=1.167
d_x_19=1.167
d_x_20=3.000
d_x_21=0.250
d_x_24=5.000
d_x_29=1.500
d_x_30=0.250
d_y_1=1.500
d_y_2=1.200
d_y_3=2.500
d_y_4=1.000
d_y_5=1.500
d_y_6=0.800
d_y_7=0.500
d_y_8=2.200
d_y_10=1.000
d_y_11=1.500
d_y_12=0.200
d_y_13=0.750
d_y_14=0.500
d_y_15=1.500
d_y_17=0.750
d_y_18=2.500
d_y_19=1.500
d_y_20=0.200
d_y_21=0.250
d_y_22=0.500
d_y_23=2.000
d_y_24=1.333
d_y_25=1.500
d_y_26=1.667
d_y_27=2.667
d_y_28=2.500
d_y_30=2.250
