Number of initial container : 0
Number of new container : 30
Total number of containers : 30
Level_num : 9
Container_level : [3, 8, 6, 1, 4, 4, 7, 7, 2, 3, 6, 8, 3, 5, 4, 5, 2, 5, 8, 2, 1, 8, 1, 2, 5, 5, 9, 7, 3, 3]
ideal_configuration : 
 [[5. 6. 8. 0. 0. 0. 0. 0. 0. 0.]
 [3. 5. 7. 8. 0. 0. 0. 0. 0. 0.]
 [2. 3. 5. 7. 9. 0. 0. 0. 0. 0.]
 [2. 3. 4. 5. 7. 0. 0. 0. 0. 0.]
 [1. 2. 3. 4. 5. 8. 0. 0. 0. 0.]
 [1. 1. 2. 3. 4. 6. 8. 0. 0. 0.]]
Centroid : {3: (2.4, 2.0), 8: (5.0, 2.5), 6: (4.0, 2.5), 1: (1.3333333333333333, 0.3333333333333333), 4: (4.0, 1.0), 7: (4.0, 3.0), 2: (1.75, 1.5), 5: (3.0, 3.0), 9: (5.0, 3.0)}
Repeat number : 9
Original weight : [12.28, 22.42, 18.6, 6.06, 12.84, 13.5, 19.97, 19.52, 9.57, 11.92, 17.26, 22.71, 10.91, 16.01, 13.41, 16.87, 8.2, 15.33, 21.88, 9.94, 7.32, 23.08, 5.95, 8.98, 16.73, 16.88, 23.65, 21.32, 10.55, 11.2]
Group : [0, 0, 0, 0, 0, 0, 0, 0, 0, 0, 0, 0, 0, 0, 0, 0, 0, 0, 0, 0, 0, 0, 0, 0, 0, 0, 0, 0, 0, 0]
Sequence : [1, 2, 3, 4, 5, 6, 7, 8, 9, 10, 11, 12, 13, 14, 15, 16, 17, 18, 19, 20, 21, 22, 23, 24, 25, 26, 27, 28, 29, 30]
Scroe : [12.28, 22.42, 18.6, 6.06, 12.84, 13.5, 19.97, 19.52, 9.57, 11.92, 17.26, 22.71, 10.91, 16.01, 13.41, 16.87, 8.2, 15.33, 21.88, 9.94, 7.32, 23.08, 5.95, 8.98, 16.73, 16.88, 23.65, 21.32, 10.55, 11.2]
Time taken to solve the MIP model : 21.3600 seconds
---------------------------------
solution for: IP model
objective: 46.5667
x_1_3_0=1
x_2_5_0=1
x_3_4_0=1
x_4_2_0=1
x_5_4_1=1
x_6_3_1=1
x_7_4_2=1
x_8_4_3=1
x_9_2_1=1
x_10_2_2=1
x_11_4_4=1
x_12_6_0=1
x_13_3_2=1
x_14_3_3=1
x_15_6_1=1
x_16_3_4=1
x_17_2_3=1
x_18_3_5=1
x_19_5_1=1
x_20_2_4=1
x_21_1_0=1
x_22_5_2=1
x_23_1_1=1
x_24_1_2=1
x_25_1_3=1
x_26_1_4=1
x_27_5_3=1
x_28_4_5=1
x_29_1_5=1
x_30_2_5=1
r_1_0=1
r_1_1=1
r_1_2=1
r_1_3=1
r_1_4=1
r_1_5=1
r_2_1=1
r_2_2=1
r_2_3=1
r_2_4=1
r_2_5=1
r_3_0=1
r_3_1=1
r_3_2=1
r_3_3=1
r_3_4=1
r_3_5=1
r_4_0=1
r_4_1=1
r_4_2=1
r_4_3=1
r_4_4=1
r_4_5=1
r_5_0=1
r_5_1=1
r_5_2=1
r_5_3=1
r_6_0=1
r_6_1=1
d_1=2.600
d_2=2.500
d_3=2.500
d_4=1.000
d_6=1.000
d_7=1.000
d_9=0.750
d_10=0.400
d_11=1.500
d_12=3.500
d_13=0.600
d_15=2.000
d_16=1.000
d_17=1.750
d_18=2.000
d_19=1.500
d_20=2.750
d_21=0.667
d_22=0.500
d_23=1.000
d_24=1.250
d_25=2.000
d_26=3.000
d_28=2.000
d_29=4.400
d_30=3.400
d_x_1=0.600
d_x_4=0.667
d_x_6=1.000
d_x_9=0.250
d_x_10=0.400
d_x_12=1.000
d_x_13=0.600
d_x_15=2.000
d_x_17=0.250
d_x_20=0.250
d_x_21=0.333
d_x_23=0.333
d_x_24=0.750
d_x_25=2.000
d_x_26=2.000
d_x_29=1.400
d_x_30=0.400
d_y_1=2.000
d_y_2=2.500
d_y_3=2.500
d_y_4=0.333
d_y_7=1.000
d_y_9=0.500
d_y_11=1.500
d_y_12=2.500
d_y_16=1.000
d_y_17=1.500
d_y_18=2.000
d_y_19=1.500
d_y_20=2.500
d_y_21=0.333
d_y_22=0.500
d_y_23=0.667
d_y_24=0.500
d_y_26=1.000
d_y_28=2.000
d_y_29=3.000
d_y_30=3.000
