Number of initial container : 0
Number of new container : 30
Total number of containers : 30
Level_num : 9
Container_level : [8, 6, 8, 3, 5, 2, 8, 7, 2, 7, 1, 3, 3, 3, 5, 8, 4, 5, 5, 3, 8, 1, 2, 1, 5, 1, 3, 7, 4, 4]
ideal_configuration : 
 [[4. 6. 8. 0. 0. 0. 0. 0. 0. 0.]
 [3. 5. 7. 8. 0. 0. 0. 0. 0. 0.]
 [2. 3. 5. 7. 8. 0. 0. 0. 0. 0.]
 [1. 3. 3. 5. 7. 0. 0. 0. 0. 0.]
 [1. 2. 3. 4. 5. 8. 0. 0. 0. 0.]
 [1. 1. 2. 3. 4. 5. 8. 0. 0. 0.]]
Centroid : {8: (5.0, 2.6), 6: (2.0, 5.0), 3: (2.5, 2.0), 5: (4.0, 2.0), 2: (2.0, 1.3333333333333333), 7: (4.0, 3.0), 1: (1.25, 0.75), 4: (3.3333333333333335, 2.0)}
Repeat number : 29
Original weight : [21.72, 19.03, 22.02, 11.32, 16.04, 8.05, 23.99, 20.9, 8.52, 21.25, 5.49, 11.44, 11.2, 10.65, 16.11, 22.38, 12.76, 16.55, 16.86, 11.1, 23.73, 7.33, 8.6, 6.49, 16.99, 5.51, 10.82, 21.29, 14.35, 13.11]
Group : [0, 0, 0, 0, 0, 0, 0, 0, 0, 0, 0, 0, 0, 0, 0, 0, 0, 0, 0, 0, 0, 0, 0, 0, 0, 0, 0, 0, 0, 0]
Sequence : [1, 2, 3, 4, 5, 6, 7, 8, 9, 10, 11, 12, 13, 14, 15, 16, 17, 18, 19, 20, 21, 22, 23, 24, 25, 26, 27, 28, 29, 30]
Scroe : [21.72, 19.03, 22.02, 11.32, 16.04, 8.05, 23.99, 20.9, 8.52, 21.25, 5.49, 11.44, 11.2, 10.65, 16.11, 22.38, 12.76, 16.55, 16.86, 11.1, 23.73, 7.33, 8.6, 6.49, 16.99, 5.51, 10.82, 21.29, 14.35, 13.11]
Time taken to solve the MIP model : 12.8955 seconds
---------------------------------
solution for: IP model
objective: 56.1
x_1_5_0=1
x_2_4_0=1
x_3_5_1=1
x_4_4_1=1
x_5_4_2=1
x_6_2_0=1
x_7_5_2=1
x_8_4_3=1
x_9_2_1=1
x_10_4_4=1
x_11_1_0=1
x_12_2_2=1
x_13_2_3=1
x_14_2_4=1
x_15_6_0=1
x_16_5_3=1
x_17_3_0=1
x_18_6_1=1
x_19_7_0=1
x_20_2_5=1
x_21_5_4=1
x_22_1_1=1
x_23_3_1=1
x_24_1_2=1
x_25_6_2=1
x_26_1_3=1
x_27_3_2=1
x_28_4_5=1
x_29_3_3=1
x_30_3_4=1
r_1_1=1
r_1_2=1
r_1_3=1
r_2_2=1
r_2_3=1
r_2_4=1
r_2_5=1
r_3_0=1
r_3_1=1
r_3_2=1
r_3_3=1
r_3_4=1
r_4_0=1
r_4_1=1
r_4_2=1
r_4_3=1
r_4_4=1
r_4_5=1
r_5_0=1
r_5_1=1
r_5_2=1
r_5_3=1
r_5_4=1
r_6_0=1
r_6_1=1
r_6_2=1
d_1=2.600
d_2=7.000
d_3=1.600
d_4=2.500
d_6=1.333
d_7=0.600
d_9=0.333
d_10=1.000
d_11=1.000
d_12=0.500
d_13=1.500
d_14=2.500
d_15=4.000
d_16=0.400
d_17=2.333
d_18=3.000
d_19=5.000
d_20=3.500
d_21=1.400
d_22=0.500
d_23=1.333
d_24=1.500
d_25=2.000
d_26=2.500
d_27=0.500
d_28=2.000
d_29=1.333
d_30=2.333
d_x_2=2.000
d_x_4=1.500
d_x_11=0.250
d_x_12=0.500
d_x_13=0.500
d_x_14=0.500
d_x_15=2.000
d_x_17=0.333
d_x_18=2.000
d_x_19=3.000
d_x_20=0.500
d_x_22=0.250
d_x_23=1.000
d_x_24=0.250
d_x_25=2.000
d_x_26=0.250
d_x_27=0.500
d_x_29=0.333
d_x_30=0.333
d_y_1=2.600
d_y_2=5.000
d_y_3=1.600
d_y_4=1.000
d_y_6=1.333
d_y_7=0.600
d_y_9=0.333
d_y_10=1.000
d_y_11=0.750
d_y_13=1.000
d_y_14=2.000
d_y_15=2.000
d_y_16=0.400
d_y_17=2.000
d_y_18=1.000
d_y_19=2.000
d_y_20=3.000
d_y_21=1.400
d_y_22=0.250
d_y_23=0.333
d_y_24=1.250
d_y_26=2.250
d_y_28=2.000
d_y_29=1.000
d_y_30=2.000
