Number of initial container : 0
Number of new container : 30
Total number of containers : 30
Level_num : 9
Container_level : [1, 7, 5, 5, 8, 4, 7, 8, 1, 8, 3, 8, 6, 7, 5, 8, 8, 6, 1, 5, 3, 1, 3, 3, 5, 8, 2, 4, 6, 4]
ideal_configuration : 
 [[5. 7. 8. 0. 0. 0. 0. 0. 0. 0.]
 [4. 5. 7. 8. 0. 0. 0. 0. 0. 0.]
 [3. 4. 6. 8. 8. 0. 0. 0. 0. 0.]
 [1. 3. 5. 6. 8. 0. 0. 0. 0. 0.]
 [1. 2. 3. 5. 6. 8. 0. 0. 0. 0.]
 [1. 1. 3. 4. 5. 7. 8. 0. 0. 0.]]
Centroid : {1: (1.25, 0.75), 7: (3.6666666666666665, 3.0), 5: (3.0, 2.4), 8: (4.857142857142857, 2.5714285714285716), 4: (2.3333333333333335, 2.3333333333333335), 3: (2.25, 1.5), 6: (4.0, 2.0), 2: (2.0, 1.0)}
Repeat number : 14
Original weight : [5.39, 21.0, 16.34, 15.1, 21.48, 13.59, 21.24, 23.7, 5.42, 23.52, 11.21, 21.66, 18.68, 19.39, 15.74, 23.4, 23.68, 17.91, 5.24, 15.86, 10.25, 6.42, 10.76, 11.17, 16.75, 22.8, 9.61, 13.58, 17.0, 13.94]
Group : [0, 0, 0, 0, 0, 0, 0, 0, 0, 0, 0, 0, 0, 0, 0, 0, 0, 0, 0, 0, 0, 0, 0, 0, 0, 0, 0, 0, 0, 0]
Sequence : [1, 2, 3, 4, 5, 6, 7, 8, 9, 10, 11, 12, 13, 14, 15, 16, 17, 18, 19, 20, 21, 22, 23, 24, 25, 26, 27, 28, 29, 30]
Scroe : [5.39, 21.0, 16.34, 15.1, 21.48, 13.59, 21.24, 23.7, 5.42, 23.52, 11.21, 21.66, 18.68, 19.39, 15.74, 23.4, 23.68, 17.91, 5.24, 15.86, 10.25, 6.42, 10.76, 11.17, 16.75, 22.8, 9.61, 13.58, 17.0, 13.94]
Time taken to solve the MIP model : 13.7718 seconds
---------------------------------
solution for: IP model
objective: 54.6476
x_1_1_0=1
x_2_4_0=1
x_3_3_0=1
x_4_3_1=1
x_5_5_0=1
x_6_3_2=1
x_7_3_3=1
x_8_5_1=1
x_9_1_1=1
x_10_5_2=1
x_11_4_1=1
x_12_5_3=1
x_13_4_2=1
x_14_4_3=1
x_15_3_4=1
x_16_5_4=1
x_17_6_0=1
x_18_6_1=1
x_19_2_0=1
x_20_4_4=1
x_21_2_1=1
x_22_1_2=1
x_23_2_2=1
x_24_1_3=1
x_25_3_5=1
x_26_6_2=1
x_27_2_3=1
x_28_2_4=1
x_29_7_0=1
x_30_1_4=1
r_1_0=1
r_1_1=1
r_1_2=1
r_1_3=1
r_1_4=1
r_2_0=1
r_2_1=1
r_2_2=1
r_2_3=1
r_2_4=1
r_3_0=1
r_3_1=1
r_3_2=1
r_3_3=1
r_3_4=1
r_3_5=1
r_4_0=1
r_4_1=1
r_4_2=1
r_4_3=1
r_4_4=1
r_5_0=1
r_5_1=1
r_5_2=1
r_5_3=1
r_5_4=1
r_6_0=1
r_6_1=1
r_6_2=1
d_1=1.000
d_2=3.333
d_3=2.400
d_4=1.400
d_5=2.714
d_6=1.000
d_7=0.667
d_8=1.714
d_9=0.500
d_10=0.714
d_11=2.250
d_12=0.571
d_14=0.333
d_15=1.600
d_16=1.571
d_17=3.714
d_18=3.000
d_19=1.500
d_20=2.600
d_21=0.750
d_22=1.500
d_23=0.750
d_24=2.750
d_25=2.600
d_26=1.714
d_27=2.000
d_28=2.000
d_29=5.000
d_30=3.000
d_x_1=0.250
d_x_2=0.333
d_x_5=0.143
d_x_6=0.667
d_x_7=0.667
d_x_8=0.143
d_x_9=0.250
d_x_10=0.143
d_x_11=1.750
d_x_12=0.143
d_x_14=0.333
d_x_16=0.143
d_x_17=1.143
d_x_18=2.000
d_x_19=0.750
d_x_20=1.000
d_x_21=0.250
d_x_22=0.250
d_x_23=0.250
d_x_24=1.250
d_x_26=1.143
d_x_28=0.333
d_x_29=3.000
d_x_30=1.333
d_y_1=0.750
d_y_2=3.000
d_y_3=2.400
d_y_4=1.400
d_y_5=2.571
d_y_6=0.333
d_y_8=1.571
d_y_9=0.250
d_y_10=0.571
d_y_11=0.500
d_y_12=0.429
d_y_15=1.600
d_y_16=1.429
d_y_17=2.571
d_y_18=1.000
d_y_19=0.750
d_y_20=1.600
d_y_21=0.500
d_y_22=1.250
d_y_23=0.500
d_y_24=1.500
d_y_25=2.600
d_y_26=0.571
d_y_27=2.000
d_y_28=1.667
d_y_29=2.000
d_y_30=1.667
