Number of initial container : 0
Number of new container : 15
Total number of containers : 15
Level_num : 9
Container_level : [8, 1, 4, 5, 5, 8, 1, 7, 9, 2, 5, 6, 3, 8, 2]
ideal_configuration : 
 [[7. 0. 0. 0. 0. 0.]
 [5. 8. 0. 0. 0. 0.]
 [2. 5. 8. 0. 0. 0.]
 [1. 3. 5. 8. 0. 0.]
 [1. 2. 4. 6. 9. 0.]]
Centroid : {8: (3.0, 2.0), 1: (1.0, 0.5), 4: (3.0, 0.0), 5: (2.0, 2.0), 7: (1.0, 4.0), 9: (5.0, 0.0), 2: (1.5, 1.0), 6: (4.0, 0.0), 3: (2.0, 1.0)}
Repeat number : 25
Original weight : [21.58, 7.15, 14.26, 16.64, 15.39, 22.35, 7.81, 21.01, 23.08, 9.85, 16.64, 19.09, 13.07, 22.52, 10.3]
Sequence : [1, 2, 3, 4, 5, 6, 7, 8, 9, 10, 11, 12, 13, 14, 15]
Emergency : [0, 0, 0, 0, 0, 0, 0, 0, 0, 0, 0, 0, 0, 0, 0]
Time taken to solve the MIP model : 0.0976 seconds
min_d : 0, max_d : 9
---------------------------------
solution for: IP model
objective: 0
x_1_6_0=1
x_2_5_0=1
x_3_5_1=1
x_4_3_0=1
x_5_2_0=1
x_6_2_1=1
x_7_4_0=1
x_8_3_1=1
x_9_6_1=1
x_10_4_1=1
x_11_5_2=1
x_12_5_3=1
x_13_4_2=1
x_14_4_3=1
x_15_1_0=1
d_1=5.000
d_2=5.000
d_3=3.000
d_4=3.000
d_5=2.000
d_6=2.000
d_7=4.000
d_8=5.000
d_9=2.000
d_10=3.000
d_11=3.000
d_12=4.000
d_13=3.000
d_14=2.000
d_15=2.000
d_x_1=3.000
d_x_2=4.000
d_x_3=2.000
d_x_4=1.000
d_x_6=1.000
d_x_7=3.000
d_x_8=2.000
d_x_9=1.000
d_x_10=3.000
d_x_11=3.000
d_x_12=1.000
d_x_13=2.000
d_x_14=1.000
d_x_15=1.000
d_y_1=2.000
d_y_2=1.000
d_y_3=1.000
d_y_4=2.000
d_y_5=2.000
d_y_6=1.000
d_y_7=1.000
d_y_8=3.000
d_y_9=1.000
d_y_12=3.000
d_y_13=1.000
d_y_14=1.000
d_y_15=1.000
normalized distance of container 1 : 0.5555555555555556
normalized distance of container 2 : 0.5555555555555556
normalized distance of container 3 : 0.3333333333333333
normalized distance of container 4 : 0.3333333333333333
normalized distance of container 5 : 0.2222222222222222
normalized distance of container 6 : 0.2222222222222222
normalized distance of container 7 : 0.4444444444444444
normalized distance of container 8 : 0.5555555555555556
normalized distance of container 9 : 0.2222222222222222
normalized distance of container 10 : 0.3333333333333333
normalized distance of container 11 : 0.3333333333333333
normalized distance of container 12 : 0.4444444444444444
normalized distance of container 13 : 0.3333333333333333
normalized distance of container 14 : 0.2222222222222222
normalized distance of container 15 : 0.2222222222222222
