Number of initial container : 0
Number of new container : 15
Total number of containers : 15
Level_num : 9
Container_level : [2, 5, 2, 9, 7, 1, 5, 6, 2, 2, 1, 1, 8, 8, 6]
ideal_configuration : 
 [[6. 0. 0. 0. 0. 0.]
 [2. 7. 0. 0. 0. 0.]
 [2. 5. 8. 0. 0. 0.]
 [1. 2. 5. 8. 0. 0.]
 [1. 1. 2. 6. 9. 0.]]
Centroid : {2: (1.75, 1.5), 5: (2.5, 1.5), 9: (5.0, 0.0), 7: (2.0, 3.0), 1: (1.3333333333333333, 0.3333333333333333), 6: (2.5, 2.0), 8: (3.5, 1.5)}
Repeat number : 26
Original weight : [7.38, 15.59, 8.64, 21.85, 18.51, 6.45, 14.74, 17.25, 7.55, 8.7, 5.24, 5.46, 20.76, 19.97, 15.85]
Sequence : [1, 2, 3, 4, 5, 6, 7, 8, 9, 10, 11, 12, 13, 14, 15]
Emergency : [0, 0, 0, 0, 0, 0, 0, 0, 0, 0, 0, 0, 0, 0, 0]
Time taken to solve the MIP model : 0.0446 seconds
min_d : 0, max_d : 9
---------------------------------
solution for: IP model
objective: 0
status: OPTIMAL_SOLUTION(2)
x_1_1_0=1
x_2_1_1=1
x_3_2_0=1
x_4_3_0=1
x_5_1_2=1
x_6_4_0=1
x_7_2_1=1
x_8_2_2=1
x_9_4_1=1
x_10_5_0=1
x_11_6_0=1
x_12_6_1=1
x_13_1_3=1
x_14_4_2=1
x_15_5_1=1
d_1=3.000
d_2=3.000
d_3=3.000
d_4=2.000
d_5=2.000
d_6=4.000
d_7=2.000
d_8=1.000
d_9=4.000
d_10=6.000
d_11=6.000
d_12=6.000
d_13=5.000
d_14=2.000
d_15=4.000
d_x_1=1.000
d_x_2=2.000
d_x_3=1.000
d_x_4=2.000
d_x_5=1.000
d_x_6=3.000
d_x_7=1.000
d_x_8=1.000
d_x_9=3.000
d_x_10=4.000
d_x_11=5.000
d_x_12=5.000
d_x_13=3.000
d_x_14=1.000
d_x_15=3.000
d_y_1=2.000
d_y_2=1.000
d_y_3=2.000
d_y_5=1.000
d_y_6=1.000
d_y_7=1.000
d_y_9=1.000
d_y_10=2.000
d_y_11=1.000
d_y_12=1.000
d_y_13=2.000
d_y_14=1.000
d_y_15=1.000
normalized distance of container 1 : 0.3333333333333333
normalized distance of container 2 : 0.3333333333333333
normalized distance of container 3 : 0.3333333333333333
normalized distance of container 4 : 0.2222222222222222
normalized distance of container 5 : 0.2222222222222222
normalized distance of container 6 : 0.4444444444444444
normalized distance of container 7 : 0.2222222222222222
normalized distance of container 8 : 0.1111111111111111
normalized distance of container 9 : 0.4444444444444444
normalized distance of container 10 : 0.6666666666666666
normalized distance of container 11 : 0.6666666666666666
normalized distance of container 12 : 0.6666666666666666
normalized distance of container 13 : 0.5555555555555556
normalized distance of container 14 : 0.2222222222222222
normalized distance of container 15 : 0.4444444444444444
