Number of initial container : 0
Number of new container : 15
Total number of containers : 15
Level_num : 9
Container_level : [1, 9, 3, 5, 2, 1, 3, 6, 6, 5, 7, 4, 2, 2, 7]
ideal_configuration : 
 [[6. 0. 0. 0. 0. 0.]
 [3. 6. 0. 0. 0. 0.]
 [2. 4. 7. 0. 0. 0.]
 [1. 2. 5. 7. 0. 0.]
 [1. 2. 3. 5. 9. 0.]]
Centroid : {1: (0.0, 0.5), 9: (4.0, 0.0), 3: (1.0, 1.5), 5: (2.5, 0.5), 2: (0.6666666666666666, 1.0), 6: (0.5, 3.5), 7: (2.5, 1.5), 4: (1.0, 2.0)}
Repeat number : 20
Original weight : [6.61, 23.34, 12.67, 15.24, 8.85, 7.23, 11.49, 18.59, 18.5, 15.66, 20.46, 14.66, 9.72, 8.99, 20.26]
Sequence : [1, 2, 3, 4, 5, 6, 7, 8, 9, 10, 11, 12, 13, 14, 15]
Emergency : [0, 0, 0, 0, 0, 0, 0, 0, 0, 0, 0, 0, 0, 0, 0]
Time taken to solve the MIP model : 0.8754 seconds
min_d : 0, max_d : 9
---------------------------------
solution for: IP model
objective: 3.00556e-06
status: OPTIMAL_SOLUTION(2)
x_0_4_0=1
x_1_2_0=1
x_2_3_0=1
x_3_0_0=1
x_4_5_0=1
x_5_4_1=1
x_6_4_2=1
x_7_3_1=1
x_8_0_1=0
x_8_2_2=0
x_8_3_2=1
x_9_0_1=1
x_9_2_1=0
x_9_2_3=0
x_10_0_2=1
x_11_4_3=1
x_12_1_0=1
x_13_5_1=1
x_14_1_1=1
r_2_0=0
d_0=5.000
d_1=2.000
d_2=4.000
d_3=4.000
d_4=6.000
d_5=5.000
d_6=4.000
d_7=6.000
d_8=5.000
d_9=4.000
d_10=4.000
d_11=4.000
d_12=2.000
d_13=5.000
d_14=3.000
d_x_0=4.000
d_x_1=2.000
d_x_2=2.000
d_x_3=3.000
d_x_4=5.000
d_x_5=4.000
d_x_6=3.000
d_x_7=3.000
d_x_8=3.000
d_x_9=3.000
d_x_10=3.000
d_x_11=3.000
d_x_12=1.000
d_x_13=5.000
d_x_14=2.000
d_y_0=1.000
d_y_2=2.000
d_y_3=1.000
d_y_4=1.000
d_y_5=1.000
d_y_6=1.000
d_y_7=3.000
d_y_8=2.000
d_y_9=1.000
d_y_10=1.000
d_y_11=1.000
d_y_12=1.000
d_y_14=1.000
normalized distance of container 0 : 0.5555555555555556
normalized distance of container 1 : 0.2222222222222222
normalized distance of container 2 : 0.4444444444444444
normalized distance of container 3 : 0.4444444444444444
normalized distance of container 4 : 0.6666666666666666
normalized distance of container 5 : 0.5555555555555556
normalized distance of container 6 : 0.4444444444444444
normalized distance of container 7 : 0.6666666666666666
normalized distance of container 8 : 0.5555555555555556
normalized distance of container 9 : 0.4444444444444444
normalized distance of container 10 : 0.4444444444444444
normalized distance of container 11 : 0.4444444444444444
normalized distance of container 12 : 0.2222222222222222
normalized distance of container 13 : 0.5555555555555556
normalized distance of container 14 : 0.3333333333333333
