Number of initial container : 0
Number of new container : 15
Total number of containers : 15
Level_num : 9
Container_level : [4, 6, 1, 8, 7, 7, 9, 1, 2, 8, 3, 4, 6, 1, 7]
ideal_configuration : 
 [[7. 0. 0. 0. 0. 0.]
 [4. 7. 0. 0. 0. 0.]
 [2. 6. 8. 0. 0. 0.]
 [1. 3. 6. 8. 0. 0.]
 [1. 1. 4. 7. 9. 0.]]
Centroid : {4: (1.0, 1.5), 6: (1.5, 1.5), 1: (0.3333333333333333, 0.3333333333333333), 8: (2.5, 1.5), 7: (1.3333333333333333, 2.3333333333333335), 9: (4.0, 0.0), 2: (0.0, 2.0), 3: (1.0, 1.0)}
Repeat number : 6
Original weight : [14.38, 18.99, 6.96, 22.86, 20.83, 20.53, 23.88, 7.82, 10.68, 22.87, 11.24, 13.48, 17.8, 6.61, 21.33]
Sequence : [1, 2, 3, 4, 5, 6, 7, 8, 9, 10, 11, 12, 13, 14, 15]
Emergency : [0, 0, 0, 0, 0, 0, 0, 0, 0, 0, 0, 0, 0, 0, 0]
Time taken to solve the MIP model : 0.0518 seconds
min_d : 0, max_d : 9
---------------------------------
solution for: IP model
objective: 0
status: OPTIMAL_SOLUTION(2)
x_0_0_0=1
x_1_0_1=1
x_2_1_0=1
x_3_1_1=1
x_4_0_2=1
x_5_2_0=1
x_6_0_3=1
x_7_5_0=1
x_8_5_1=1
x_9_1_2=1
x_10_5_2=1
x_11_5_3=1
x_12_3_0=1
x_13_4_0=1
x_14_4_1=1
d_0=3.000
d_1=3.000
d_2=2.000
d_3=3.000
d_4=3.000
d_5=4.000
d_6=7.000
d_7=6.000
d_8=6.000
d_9=3.000
d_10=5.000
d_11=6.000
d_12=4.000
d_13=5.000
d_14=5.000
d_x_0=1.000
d_x_1=2.000
d_x_2=1.000
d_x_3=2.000
d_x_4=2.000
d_x_5=1.000
d_x_6=4.000
d_x_7=5.000
d_x_8=5.000
d_x_9=2.000
d_x_10=4.000
d_x_11=4.000
d_x_12=2.000
d_x_13=4.000
d_x_14=3.000
d_y_0=2.000
d_y_1=1.000
d_y_2=1.000
d_y_3=1.000
d_y_4=1.000
d_y_5=3.000
d_y_6=3.000
d_y_7=1.000
d_y_8=1.000
d_y_9=1.000
d_y_10=1.000
d_y_11=2.000
d_y_12=2.000
d_y_13=1.000
d_y_14=2.000
normalized distance of container 0 : 0.3333333333333333
normalized distance of container 1 : 0.3333333333333333
normalized distance of container 2 : 0.2222222222222222
normalized distance of container 3 : 0.3333333333333333
normalized distance of container 4 : 0.3333333333333333
normalized distance of container 5 : 0.4444444444444444
normalized distance of container 6 : 0.7777777777777778
normalized distance of container 7 : 0.6666666666666666
normalized distance of container 8 : 0.6666666666666666
normalized distance of container 9 : 0.3333333333333333
normalized distance of container 10 : 0.5555555555555556
normalized distance of container 11 : 0.6666666666666666
normalized distance of container 12 : 0.4444444444444444
normalized distance of container 13 : 0.5555555555555556
normalized distance of container 14 : 0.5555555555555556
