Number of initial container : 0
Number of new container : 15
Total number of containers : 15
Level_num : 9
Container_level : [3, 5, 2, 6, 1, 7, 8, 5, 1, 8, 5, 2, 1, 3, 9]
ideal_configuration : 
 [[6. 0. 0. 0. 0. 0.]
 [3. 7. 0. 0. 0. 0.]
 [2. 5. 8. 0. 0. 0.]
 [1. 2. 5. 8. 0. 0.]
 [1. 1. 3. 5. 9. 0.]]
Centroid : {3: (2.0, 1.5), 5: (3.0, 1.0), 2: (1.5, 1.5), 6: (1.0, 4.0), 1: (1.3333333333333333, 0.3333333333333333), 7: (2.0, 3.0), 8: (3.5, 1.5), 9: (5.0, 0.0)}
Repeat number : 12
Original weight : [9.69, 14.29, 7.43, 15.61, 6.26, 17.79, 20.45, 13.71, 5.8, 20.01, 13.58, 8.1, 5.05, 9.11, 20.46]
Sequence : [1, 2, 3, 4, 5, 6, 7, 8, 9, 10, 11, 12, 13, 14, 15]
Emergency : [0, 0, 0, 0, 0, 0, 0, 0, 0, 0, 0, 0, 0, 0, 0]
Time taken to solve the MIP model : 0.1256 seconds
min_d : 0, max_d : 9
---------------------------------
solution for: IP model
objective: 0
x_1_3_0=1
x_2_3_1=1
x_3_5_0=1
x_4_3_2=1
x_5_2_0=1
x_6_3_3=1
x_7_5_1=1
x_8_4_0=1
x_9_6_0=1
x_10_4_1=1
x_11_6_1=1
x_12_2_1=1
x_13_1_0=1
x_14_1_1=1
x_15_1_2=1
d_1=3.000
d_3=6.000
d_4=4.000
d_5=2.000
d_6=1.000
d_7=3.000
d_8=2.000
d_9=6.000
d_10=2.000
d_11=3.000
d_12=2.000
d_13=2.000
d_14=2.000
d_15=6.000
d_x_1=1.000
d_x_3=4.000
d_x_4=2.000
d_x_5=1.000
d_x_6=1.000
d_x_7=2.000
d_x_8=1.000
d_x_9=5.000
d_x_10=1.000
d_x_11=3.000
d_x_12=1.000
d_x_13=1.000
d_x_14=1.000
d_x_15=4.000
d_y_1=2.000
d_y_3=2.000
d_y_4=2.000
d_y_5=1.000
d_y_7=1.000
d_y_8=1.000
d_y_9=1.000
d_y_10=1.000
d_y_12=1.000
d_y_13=1.000
d_y_14=1.000
d_y_15=2.000
normalized distance of container 1 : 0.3333333333333333
normalized distance of container 2 : 0.0
normalized distance of container 3 : 0.6666666666666666
normalized distance of container 4 : 0.4444444444444444
normalized distance of container 5 : 0.2222222222222222
normalized distance of container 6 : 0.1111111111111111
normalized distance of container 7 : 0.3333333333333333
normalized distance of container 8 : 0.2222222222222222
normalized distance of container 9 : 0.6666666666666666
normalized distance of container 10 : 0.2222222222222222
normalized distance of container 11 : 0.3333333333333333
normalized distance of container 12 : 0.2222222222222222
normalized distance of container 13 : 0.2222222222222222
normalized distance of container 14 : 0.2222222222222222
normalized distance of container 15 : 0.6666666666666666
