Number of initial container : 0
Number of new container : 15
Total number of containers : 15
Level_num : 9
Container_level : [7, 3, 6, 3, 6, 9, 3, 4, 8, 3, 1, 3, 2, 5, 3]
ideal_configuration : 
 [[6. 0. 0. 0. 0. 0.]
 [3. 6. 0. 0. 0. 0.]
 [3. 3. 7. 0. 0. 0.]
 [2. 3. 4. 8. 0. 0.]
 [1. 3. 3. 5. 9. 0.]]
Centroid : {7: (3.0, 2.0), 3: (1.8333333333333333, 1.3333333333333333), 6: (1.5, 3.5), 9: (5.0, 0.0), 4: (3.0, 1.0), 8: (4.0, 1.0), 1: (1.0, 0.0), 2: (1.0, 1.0), 5: (4.0, 0.0)}
Repeat number : 17
Original weight : [20.98, 15.18, 18.87, 14.04, 18.97, 23.27, 15.43, 15.9, 22.14, 14.99, 10.92, 14.17, 13.58, 18.49, 14.87]
Sequence : [1, 2, 3, 4, 5, 6, 7, 8, 9, 10, 11, 12, 13, 14, 15]
Emergency : [0, 0, 0, 0, 0, 0, 0, 0, 0, 0, 0, 0, 0, 0, 0]
Time taken to solve the MIP model : 0.1418 seconds
min_d : 0, max_d : 9
---------------------------------
solution for: IP model
objective: 0
status: OPTIMAL_SOLUTION(2)
x_1_2_0=1
x_2_5_0=1
x_3_5_1=1
x_4_4_0=1
x_5_5_2=1
x_6_2_1=1
x_7_4_1=1
x_8_4_2=1
x_9_4_3=1
x_10_6_0=1
x_11_3_0=1
x_12_1_0=1
x_13_3_1=1
x_14_3_2=1
x_15_1_1=1
d_1=3.000
d_2=6.000
d_3=7.000
d_4=5.000
d_5=6.000
d_6=4.000
d_7=4.000
d_8=2.000
d_9=2.000
d_10=7.000
d_11=2.000
d_12=3.000
d_13=2.000
d_14=3.000
d_15=2.000
d_x_1=1.000
d_x_2=4.000
d_x_3=4.000
d_x_4=3.000
d_x_5=4.000
d_x_6=3.000
d_x_7=3.000
d_x_8=1.000
d_x_10=5.000
d_x_11=2.000
d_x_12=1.000
d_x_13=2.000
d_x_14=1.000
d_x_15=1.000
d_y_1=2.000
d_y_2=2.000
d_y_3=3.000
d_y_4=2.000
d_y_5=2.000
d_y_6=1.000
d_y_7=1.000
d_y_8=1.000
d_y_9=2.000
d_y_10=2.000
d_y_12=2.000
d_y_14=2.000
d_y_15=1.000
normalized distance of container 1 : 0.3333333333333333
normalized distance of container 2 : 0.6666666666666666
normalized distance of container 3 : 0.7777777777777778
normalized distance of container 4 : 0.5555555555555556
normalized distance of container 5 : 0.6666666666666666
normalized distance of container 6 : 0.4444444444444444
normalized distance of container 7 : 0.4444444444444444
normalized distance of container 8 : 0.2222222222222222
normalized distance of container 9 : 0.2222222222222222
normalized distance of container 10 : 0.7777777777777778
normalized distance of container 11 : 0.2222222222222222
normalized distance of container 12 : 0.3333333333333333
normalized distance of container 13 : 0.2222222222222222
normalized distance of container 14 : 0.3333333333333333
normalized distance of container 15 : 0.2222222222222222
