Number of initial container : 0
Number of new container : 15
Total number of containers : 15
Level_num : 9
Container_level : [3, 8, 9, 2, 5, 1, 6, 4, 7, 4, 1, 2, 4, 6, 8]
ideal_configuration : 
 [[6. 0. 0. 0. 0. 0.]
 [4. 7. 0. 0. 0. 0.]
 [2. 4. 8. 0. 0. 0.]
 [1. 3. 5. 8. 0. 0.]
 [1. 2. 4. 6. 9. 0.]]
Centroid : {3: (2.0, 1.0), 8: (3.5, 1.5), 9: (5.0, 0.0), 2: (1.5, 1.0), 5: (3.0, 1.0), 1: (1.0, 0.5), 6: (2.5, 2.0), 4: (2.0, 1.6666666666666667), 7: (2.0, 3.0)}
Repeat number : 16
Original weight : [10.9, 21.46, 23.34, 9.45, 16.51, 6.39, 18.25, 13.62, 20.32, 14.43, 5.75, 8.84, 13.22, 18.78, 21.4]
Sequence : [1, 2, 3, 4, 5, 6, 7, 8, 9, 10, 11, 12, 13, 14, 15]
Emergency : [0, 0, 0, 0, 0, 0, 0, 0, 0, 0, 0, 0, 0, 0, 0]
Time taken to solve the MIP model : 0.0474 seconds
min_d : 0, max_d : 9
---------------------------------
solution for: IP model
objective: 0
x_1_2_0=1
x_2_4_0=1
x_3_4_1=1
x_4_1_0=1
x_5_2_1=1
x_6_3_0=1
x_7_2_2=1
x_8_1_1=1
x_9_2_3=1
x_10_1_2=1
x_11_6_0=1
x_12_3_1=1
x_13_3_2=1
x_14_3_3=1
x_15_1_3=1
d_1=1.000
d_2=3.000
d_3=2.000
d_4=2.000
d_5=1.000
d_6=3.000
d_7=1.000
d_8=2.000
d_10=2.000
d_11=6.000
d_12=2.000
d_13=2.000
d_14=2.000
d_15=5.000
d_x_2=1.000
d_x_3=1.000
d_x_4=1.000
d_x_5=1.000
d_x_6=2.000
d_x_7=1.000
d_x_8=1.000
d_x_10=1.000
d_x_11=5.000
d_x_12=2.000
d_x_13=1.000
d_x_14=1.000
d_x_15=3.000
d_y_1=1.000
d_y_2=2.000
d_y_3=1.000
d_y_4=1.000
d_y_6=1.000
d_y_8=1.000
d_y_10=1.000
d_y_11=1.000
d_y_13=1.000
d_y_14=1.000
d_y_15=2.000
normalized distance of container 1 : 0.1111111111111111
normalized distance of container 2 : 0.3333333333333333
normalized distance of container 3 : 0.2222222222222222
normalized distance of container 4 : 0.2222222222222222
normalized distance of container 5 : 0.1111111111111111
normalized distance of container 6 : 0.3333333333333333
normalized distance of container 7 : 0.1111111111111111
normalized distance of container 8 : 0.2222222222222222
normalized distance of container 9 : 0.0
normalized distance of container 10 : 0.2222222222222222
normalized distance of container 11 : 0.6666666666666666
normalized distance of container 12 : 0.2222222222222222
normalized distance of container 13 : 0.2222222222222222
normalized distance of container 14 : 0.2222222222222222
normalized distance of container 15 : 0.5555555555555556
