Number of initial container : 0
Number of new container : 15
Total number of containers : 15
Level_num : 9
Container_level : [7, 8, 4, 7, 1, 4, 2, 9, 6, 2, 1, 6, 2, 1, 6]
ideal_configuration : 
 [[6. 0. 0. 0. 0. 0.]
 [4. 7. 0. 0. 0. 0.]
 [2. 4. 7. 0. 0. 0.]
 [1. 2. 6. 8. 0. 0.]
 [1. 1. 2. 6. 9. 0.]]
Centroid : {7: (2.5, 2.5), 8: (4.0, 1.0), 4: (1.5, 2.5), 1: (1.3333333333333333, 0.3333333333333333), 2: (2.0, 1.0), 9: (5.0, 0.0), 6: (2.6666666666666665, 1.6666666666666667)}
Repeat number : 7
Original weight : [19.39, 21.18, 12.28, 18.87, 7.55, 13.29, 9.47, 22.76, 18.42, 9.46, 6.31, 16.54, 9.24, 5.53, 16.82]
Sequence : [1, 2, 3, 4, 5, 6, 7, 8, 9, 10, 11, 12, 13, 14, 15]
Emergency : [0, 0, 0, 0, 0, 0, 0, 0, 0, 0, 0, 0, 0, 0, 0]
Time taken to solve the MIP model : 2.2454 seconds
min_d : 0, max_d : 9
---------------------------------
solution for: IP model
objective: 0
x_1_4_0=1
x_2_4_1=1
x_3_3_0=0
x_3_5_0=1
x_4_1_0=0
x_4_2_0=0
x_4_5_1=1
x_5_3_0=1
x_5_5_0=0
x_6_3_1=1
x_7_1_0=1
x_7_5_1=0
x_7_6_0=-0
x_8_5_2=1
x_9_3_2=1
x_10_1_0=0
x_10_1_1=1
x_11_1_0=-0
x_11_2_0=1
x_11_6_0=0
x_12_1_2=1
x_12_3_2=-0
x_12_6_1=0
x_13_2_0=0
x_13_2_1=1
x_13_6_1=-0
x_13_6_2=0
x_14_2_1=0
x_14_6_0=1
x_15_1_3=1
x_15_6_3=0
d_1=5.000
d_3=7.000
d_4=5.000
d_5=3.000
d_6=4.000
d_7=2.000
d_8=2.000
d_9=2.000
d_10=2.000
d_11=2.000
d_12=3.000
d_13=2.000
d_14=6.000
d_15=4.000
d_x_1=2.000
d_x_3=4.000
d_x_4=3.000
d_x_5=2.000
d_x_6=2.000
d_x_7=1.000
d_x_9=1.000
d_x_10=1.000
d_x_11=1.000
d_x_12=2.000
d_x_13=1.000
d_x_14=5.000
d_x_15=2.000
d_y_1=3.000
d_y_3=3.000
d_y_4=2.000
d_y_5=1.000
d_y_6=2.000
d_y_7=1.000
d_y_8=2.000
d_y_9=1.000
d_y_10=1.000
d_y_11=1.000
d_y_12=1.000
d_y_13=1.000
d_y_14=1.000
d_y_15=2.000
normalized distance of container 1 : 0.5555555555555556
normalized distance of container 2 : 0.0
normalized distance of container 3 : 0.7777777777777778
normalized distance of container 4 : 0.5555555555555556
normalized distance of container 5 : 0.3333333333333333
normalized distance of container 6 : 0.4444444444444444
normalized distance of container 7 : 0.2222222222222222
normalized distance of container 8 : 0.2222222222222222
normalized distance of container 9 : 0.2222222222222222
normalized distance of container 10 : 0.2222222222222222
normalized distance of container 11 : 0.2222222222222222
normalized distance of container 12 : 0.3333333333333333
normalized distance of container 13 : 0.2222222222222222
normalized distance of container 14 : 0.6666666666666666
normalized distance of container 15 : 0.4444444444444444
