Number of initial container : 0
Number of new container : 15
Total number of containers : 15
Level_num : 9
Container_level : [4, 7, 9, 1, 6, 2, 3, 7, 5, 1, 7, 1, 2, 2, 1]
ideal_configuration : 
 [[6. 0. 0. 0. 0. 0.]
 [2. 7. 0. 0. 0. 0.]
 [1. 3. 7. 0. 0. 0.]
 [1. 2. 4. 7. 0. 0.]
 [1. 1. 2. 5. 9. 0.]]
Centroid : {4: (3.0, 1.0), 7: (3.0, 2.0), 9: (5.0, 0.0), 1: (1.25, 0.75), 6: (1.0, 4.0), 2: (2.0, 1.3333333333333333), 3: (2.0, 2.0), 5: (4.0, 0.0)}
Repeat number : 9
Original weight : [11.83, 17.59, 21.05, 5.35, 15.2, 8.42, 10.76, 17.44, 14.33, 5.49, 18.3, 5.85, 7.67, 8.72, 5.27]
Sequence : [1, 2, 3, 4, 5, 6, 7, 8, 9, 10, 11, 12, 13, 14, 15]
Emergency : [0, 0, 0, 0, 0, 0, 0, 0, 0, 0, 0, 0, 0, 0, 0]
Time taken to solve the MIP model : 0.1331 seconds
min_d : 0, max_d : 9
---------------------------------
solution for: IP model
objective: 0
x_1_4_0=1
x_2_4_1=1
x_3_4_2=1
x_4_5_0=1
x_5_3_0=1
x_6_1_0=1
x_7_5_1=1
x_8_3_1=1
x_9_5_2=1
x_10_2_0=1
x_11_3_2=1
x_12_2_1=1
x_13_2_2=1
x_14_1_1=1
x_15_6_0=1
d_1=2.000
d_2=2.000
d_3=3.000
d_4=5.000
d_5=6.000
d_6=3.000
d_7=4.000
d_8=1.000
d_9=3.000
d_10=2.000
d_12=2.000
d_13=1.000
d_14=2.000
d_15=6.000
d_x_1=1.000
d_x_2=1.000
d_x_3=1.000
d_x_4=4.000
d_x_5=2.000
d_x_6=1.000
d_x_7=3.000
d_x_9=1.000
d_x_10=1.000
d_x_12=1.000
d_x_14=1.000
d_x_15=5.000
d_y_1=1.000
d_y_2=1.000
d_y_3=2.000
d_y_4=1.000
d_y_5=4.000
d_y_6=2.000
d_y_7=1.000
d_y_8=1.000
d_y_9=2.000
d_y_10=1.000
d_y_12=1.000
d_y_13=1.000
d_y_14=1.000
d_y_15=1.000
normalized distance of container 1 : 0.2222222222222222
normalized distance of container 2 : 0.2222222222222222
normalized distance of container 3 : 0.3333333333333333
normalized distance of container 4 : 0.5555555555555556
normalized distance of container 5 : 0.6666666666666666
normalized distance of container 6 : 0.3333333333333333
normalized distance of container 7 : 0.4444444444444444
normalized distance of container 8 : 0.1111111111111111
normalized distance of container 9 : 0.3333333333333333
normalized distance of container 10 : 0.2222222222222222
normalized distance of container 11 : 0.0
normalized distance of container 12 : 0.2222222222222222
normalized distance of container 13 : 0.1111111111111111
normalized distance of container 14 : 0.2222222222222222
normalized distance of container 15 : 0.6666666666666666
