Number of initial container : 0
Number of new container : 15
Total number of containers : 15
Level_num : 9
Container_level : [8, 2, 8, 5, 2, 5, 3, 8, 7, 8, 1, 3, 7, 9, 7]
ideal_configuration : 
 [[8. 0. 0. 0. 0. 0.]
 [5. 8. 0. 0. 0. 0.]
 [3. 7. 8. 0. 0. 0.]
 [2. 3. 7. 8. 0. 0.]
 [1. 2. 5. 7. 9. 0.]]
Centroid : {8: (2.5, 2.5), 2: (1.5, 0.5), 5: (2.0, 1.5), 3: (1.5, 1.5), 7: (3.0, 1.0), 1: (1.0, 0.0), 9: (5.0, 0.0)}
Repeat number : 1
Original weight : [21.95, 8.24, 21.46, 15.69, 8.68, 14.8, 11.74, 21.93, 19.51, 22.39, 6.05, 12.26, 19.26, 22.99, 19.2]
Sequence : [1, 2, 3, 4, 5, 6, 7, 8, 9, 10, 11, 12, 13, 14, 15]
Emergency : [0, 0, 0, 0, 0, 0, 0, 0, 0, 0, 0, 0, 0, 0, 0]
Time taken to solve the MIP model : 0.0704 seconds
min_d : 0, max_d : 9
---------------------------------
solution for: IP model
objective: 0
x_1_3_0=1
x_2_4_0=1
x_3_4_1=1
x_4_5_0=1
x_5_2_0=1
x_6_6_0=1
x_7_2_1=1
x_8_6_1=1
x_9_2_2=1
x_10_3_1=1
x_11_1_0=1
x_12_1_1=1
x_13_1_2=1
x_14_2_3=1
x_15_5_1=1
d_1=4.000
d_2=4.000
d_3=4.000
d_4=5.000
d_5=2.000
d_6=6.000
d_7=2.000
d_8=6.000
d_9=2.000
d_10=3.000
d_12=2.000
d_13=3.000
d_14=6.000
d_15=2.000
d_x_1=1.000
d_x_2=3.000
d_x_3=2.000
d_x_4=3.000
d_x_5=1.000
d_x_6=4.000
d_x_7=1.000
d_x_8=4.000
d_x_9=1.000
d_x_10=1.000
d_x_12=1.000
d_x_13=2.000
d_x_14=3.000
d_x_15=2.000
d_y_1=3.000
d_y_2=1.000
d_y_3=2.000
d_y_4=2.000
d_y_5=1.000
d_y_6=2.000
d_y_7=1.000
d_y_8=2.000
d_y_9=1.000
d_y_10=2.000
d_y_12=1.000
d_y_13=1.000
d_y_14=3.000
normalized distance of container 1 : 0.4444444444444444
normalized distance of container 2 : 0.4444444444444444
normalized distance of container 3 : 0.4444444444444444
normalized distance of container 4 : 0.5555555555555556
normalized distance of container 5 : 0.2222222222222222
normalized distance of container 6 : 0.6666666666666666
normalized distance of container 7 : 0.2222222222222222
normalized distance of container 8 : 0.6666666666666666
normalized distance of container 9 : 0.2222222222222222
normalized distance of container 10 : 0.3333333333333333
normalized distance of container 11 : 0.0
normalized distance of container 12 : 0.2222222222222222
normalized distance of container 13 : 0.3333333333333333
normalized distance of container 14 : 0.6666666666666666
normalized distance of container 15 : 0.2222222222222222
