Number of initial container : 0
Number of new container : 15
Total number of containers : 15
Level_num : 9
Container_level : [1, 9, 4, 4, 4, 4, 7, 8, 3, 6, 8, 7, 7, 6, 1]
ideal_configuration : 
 [[7. 0. 0. 0. 0. 0.]
 [4. 7. 0. 0. 0. 0.]
 [4. 6. 8. 0. 0. 0.]
 [1. 4. 6. 8. 0. 0.]
 [1. 3. 4. 7. 9. 0.]]
Centroid : {1: (1.0, 0.5), 9: (5.0, 0.0), 4: (1.75, 1.5), 7: (2.3333333333333335, 2.3333333333333335), 8: (3.5, 1.5), 3: (2.0, 0.0), 6: (2.5, 1.5)}
Repeat number : 6
Original weight : [7.22, 22.43, 13.55, 13.71, 11.92, 12.91, 19.87, 20.35, 11.19, 16.95, 22.11, 19.27, 19.5, 18.02, 5.44]
Sequence : [1, 2, 3, 4, 5, 6, 7, 8, 9, 10, 11, 12, 13, 14, 15]
Emergency : [0, 0, 0, 0, 0, 0, 0, 0, 0, 0, 0, 0, 0, 0, 0]
Time taken to solve the MIP model : 0.3720 seconds
min_d : 0, max_d : 9
---------------------------------
solution for: IP model
objective: 0
x_1_4_0=1
x_2_4_1=1
x_3_3_0=1
x_4_3_1=1
x_5_5_0=1
x_6_5_1=1
x_7_2_0=1
x_8_2_1=1
x_9_6_0=1
x_10_3_2=1
x_11_2_2=1
x_12_6_1=1
x_13_3_3=1
x_14_5_2=1
x_15_1_0=1
d_1=4.000
d_2=2.000
d_3=4.000
d_4=3.000
d_5=6.000
d_6=5.000
d_7=4.000
d_8=3.000
d_9=4.000
d_10=2.000
d_11=3.000
d_12=6.000
d_13=2.000
d_14=4.000
d_15=1.000
d_x_1=3.000
d_x_2=1.000
d_x_3=2.000
d_x_4=2.000
d_x_5=4.000
d_x_6=4.000
d_x_7=1.000
d_x_8=2.000
d_x_9=4.000
d_x_10=1.000
d_x_11=2.000
d_x_12=4.000
d_x_13=1.000
d_x_14=3.000
d_y_1=1.000
d_y_2=1.000
d_y_3=2.000
d_y_4=1.000
d_y_5=2.000
d_y_6=1.000
d_y_7=3.000
d_y_8=1.000
d_y_10=1.000
d_y_11=1.000
d_y_12=2.000
d_y_13=1.000
d_y_14=1.000
d_y_15=1.000
normalized distance of container 1 : 0.4444444444444444
normalized distance of container 2 : 0.2222222222222222
normalized distance of container 3 : 0.4444444444444444
normalized distance of container 4 : 0.3333333333333333
normalized distance of container 5 : 0.6666666666666666
normalized distance of container 6 : 0.5555555555555556
normalized distance of container 7 : 0.4444444444444444
normalized distance of container 8 : 0.3333333333333333
normalized distance of container 9 : 0.4444444444444444
normalized distance of container 10 : 0.2222222222222222
normalized distance of container 11 : 0.3333333333333333
normalized distance of container 12 : 0.6666666666666666
normalized distance of container 13 : 0.2222222222222222
normalized distance of container 14 : 0.4444444444444444
normalized distance of container 15 : 0.1111111111111111
