Number of initial container : 0
Number of new container : 15
Total number of containers : 15
Level_num : 9
Container_level : [8, 1, 1, 1, 4, 5, 9, 6, 1, 8, 6, 7, 2, 7, 5]
ideal_configuration : 
 [[7. 0. 0. 0. 0. 0.]
 [5. 7. 0. 0. 0. 0.]
 [1. 5. 8. 0. 0. 0.]
 [1. 2. 6. 8. 0. 0.]
 [1. 1. 4. 6. 9. 0.]]
Centroid : {8: (3.5, 1.5), 1: (1.25, 0.75), 4: (3.0, 0.0), 5: (1.5, 2.5), 9: (5.0, 0.0), 6: (3.5, 0.5), 7: (1.5, 3.5), 2: (2.0, 1.0)}
Repeat number : 19
Original weight : [21.57, 6.76, 6.0, 7.46, 12.94, 15.34, 21.59, 17.06, 6.69, 20.07, 17.41, 17.85, 9.65, 18.4, 15.46]
Sequence : [1, 2, 3, 4, 5, 6, 7, 8, 9, 10, 11, 12, 13, 14, 15]
Emergency : [0, 0, 0, 0, 0, 0, 0, 0, 0, 0, 0, 0, 0, 0, 0]
Time taken to solve the MIP model : 0.0500 seconds
min_d : 0, max_d : 9
---------------------------------
solution for: IP model
objective: 0
x_1_5_0=1
x_2_2_0=1
x_3_1_0=1
x_4_4_0=1
x_5_4_1=1
x_6_4_2=1
x_7_5_1=1
x_8_6_0=1
x_9_1_1=1
x_10_3_0=1
x_11_6_1=1
x_12_2_1=1
x_13_1_2=1
x_14_2_2=1
x_15_1_3=1
d_1=4.000
d_2=2.000
d_3=2.000
d_4=4.000
d_5=2.000
d_6=4.000
d_7=1.000
d_8=4.000
d_9=2.000
d_10=3.000
d_11=4.000
d_12=4.000
d_13=2.000
d_14=3.000
d_15=2.000
d_x_1=2.000
d_x_2=1.000
d_x_3=1.000
d_x_4=3.000
d_x_5=1.000
d_x_6=3.000
d_x_8=3.000
d_x_9=1.000
d_x_10=1.000
d_x_11=3.000
d_x_12=1.000
d_x_13=1.000
d_x_14=1.000
d_x_15=1.000
d_y_1=2.000
d_y_2=1.000
d_y_3=1.000
d_y_4=1.000
d_y_5=1.000
d_y_6=1.000
d_y_7=1.000
d_y_8=1.000
d_y_9=1.000
d_y_10=2.000
d_y_11=1.000
d_y_12=3.000
d_y_13=1.000
d_y_14=2.000
d_y_15=1.000
normalized distance of container 1 : 0.4444444444444444
normalized distance of container 2 : 0.2222222222222222
normalized distance of container 3 : 0.2222222222222222
normalized distance of container 4 : 0.4444444444444444
normalized distance of container 5 : 0.2222222222222222
normalized distance of container 6 : 0.4444444444444444
normalized distance of container 7 : 0.1111111111111111
normalized distance of container 8 : 0.4444444444444444
normalized distance of container 9 : 0.2222222222222222
normalized distance of container 10 : 0.3333333333333333
normalized distance of container 11 : 0.4444444444444444
normalized distance of container 12 : 0.4444444444444444
normalized distance of container 13 : 0.2222222222222222
normalized distance of container 14 : 0.3333333333333333
normalized distance of container 15 : 0.2222222222222222
