Number of initial container : 5
Number of new container : 15
Total number of containers : 20
Level_num : 9
Container_level : [1, 8, 3, 8, 1, 6, 3, 6, 8, 8, 1, 6, 6, 9, 3, 3, 3, 8, 8, 8]
ideal_configuration : 
 [[6. 8. 0. 0. 0. 0.]
 [3. 6. 8. 0. 0. 0.]
 [3. 3. 8. 8. 0. 0.]
 [1. 3. 6. 8. 8. 0.]
 [1. 1. 3. 6. 8. 9.]]
Centroid : {1: (0.3333333333333333, 0.3333333333333333), 8: (2.7142857142857144, 1.8571428571428572), 3: (0.8, 1.6), 6: (1.5, 2.0), 9: (5.0, 0.0)}
Repeat number : 13
Original weight : [13.7, 16.39, 19.92, 19.33, 6.29, 22.88, 12.91, 20.92, 13.53, 8.93, 12.24, 21.68, 10.13, 23.61, 23.48, 19.74, 8.55, 14.6, 5.34, 14.1]
Group : [0, 3, 1, 3, 0, 2, 1, 2, 3, 3, 0, 2, 2, 3, 1, 1, 1, 3, 3, 3]
Sequence : [0, 0, 0, 0, 0, 1, 2, 3, 4, 5, 6, 7, 8, 9, 10, 11, 12, 13, 14, 15]
Scroe : [13.7, 316.39, 119.92, 319.33, 6.29, 222.88, 112.91, 220.92000000000002, 313.53, 308.93, 12.24, 221.68, 210.13, 323.61, 123.48, 119.74, 108.55, 314.6, 305.34, 314.1]
Time taken to solve the MIP model : 1.7292 seconds
min_d : 0, max_d : 9
---------------------------------
solution for: IP model
objective: 5.46667
x_0_5_0=1
x_1_3_0=1
x_2_2_0=1
x_3_3_1=1
x_4_5_1=1
x_5_2_1=1
x_6_1_0=1
x_7_1_1=1
x_8_2_2=1
x_9_5_2=1
x_10_0_0=1
x_11_1_2=1
x_12_4_0=1
x_13_3_2=1
x_14_0_1=1
x_15_0_2=1
x_16_0_3=1
x_17_2_3=1
x_18_4_1=1
x_19_4_2=1
r_0_1=1
r_0_2=1
r_0_3=1
r_5_0=1
r_5_1=1
r_5_2=1
d_0=5.000
d_1=2.143
d_2=2.800
d_3=1.143
d_4=5.333
d_5=1.500
d_6=1.800
d_7=1.500
d_8=0.857
d_9=2.429
d_10=0.667
d_11=0.500
d_12=4.500
d_13=4.000
d_14=1.400
d_15=1.200
d_16=2.200
d_17=1.857
d_18=2.143
d_19=1.429
d_x_0=4.667
d_x_1=0.286
d_x_2=1.200
d_x_3=0.286
d_x_4=4.667
d_x_5=0.500
d_x_6=0.200
d_x_7=0.500
d_x_8=0.714
d_x_9=2.286
d_x_10=0.333
d_x_11=0.500
d_x_12=2.500
d_x_13=2.000
d_x_14=0.800
d_x_15=0.800
d_x_16=0.800
d_x_17=0.714
d_x_18=1.286
d_x_19=1.286
d_y_0=0.333
d_y_1=1.857
d_y_2=1.600
d_y_3=0.857
d_y_4=0.667
d_y_5=1.000
d_y_6=1.600
d_y_7=1.000
d_y_8=0.143
d_y_9=0.143
d_y_10=0.333
d_y_12=2.000
d_y_13=2.000
d_y_14=0.600
d_y_15=0.400
d_y_16=1.400
d_y_17=1.143
d_y_18=0.857
d_y_19=0.143
normalized distance of container 0 : 0.5555555555555556
normalized distance of container 1 : 0.23809523809523808
normalized distance of container 2 : 0.3111111111111111
normalized distance of container 3 : 0.12698412698412698
normalized distance of container 4 : 0.5925925925925927
normalized distance of container 5 : 0.16666666666666646
normalized distance of container 6 : 0.19999999999999962
normalized distance of container 7 : 0.16666666666666666
normalized distance of container 8 : 0.095238095238095
normalized distance of container 9 : 0.2698412698412691
normalized distance of container 10 : 0.07407407407407407
normalized distance of container 11 : 0.05555555555555555
normalized distance of container 12 : 0.4999999999999992
normalized distance of container 13 : 0.4444444444444444
normalized distance of container 14 : 0.15555555555555556
normalized distance of container 15 : 0.13333333333333278
normalized distance of container 16 : 0.24444444444444446
normalized distance of container 17 : 0.2063492063492059
normalized distance of container 18 : 0.2380952380952378
normalized distance of container 19 : 0.15873015873015797
