Number of initial container : 5
Number of new container : 15
Total number of containers : 20
Level_num : 9
Container_level : [3, 1, 8, 1, 1, 3, 1, 6, 6, 6, 1, 8, 9, 6, 8, 8, 3, 8, 1, 1]
ideal_configuration : 
 [[6. 8. 0. 0. 0. 0.]
 [1. 6. 8. 0. 0. 0.]
 [1. 3. 6. 8. 0. 0.]
 [1. 1. 3. 6. 8. 0.]
 [1. 1. 1. 3. 8. 9.]]
Centroid : {3: (2.0, 1.0), 1: (0.5714285714285714, 1.0), 8: (2.8, 2.0), 6: (1.5, 2.5), 9: (5.0, 0.0)}
Repeat number : 16
Original weight : [22.33, 9.53, 19.6, 21.17, 12.45, 5.98, 13.16, 11.56, 13.63, 17.84, 5.94, 19.6, 22.36, 19.91, 21.7, 7.54, 23.27, 16.62, 12.25, 8.13]
Group : [1, 0, 3, 0, 0, 1, 0, 2, 2, 2, 0, 3, 3, 2, 3, 3, 1, 3, 0, 0]
Sequence : [0, 0, 0, 0, 0, 1, 2, 3, 4, 5, 6, 7, 8, 9, 10, 11, 12, 13, 14, 15]
Scroe : [122.33, 9.53, 319.6, 21.17, 12.45, 105.98, 13.16, 211.56, 213.63, 217.84, 5.94, 319.6, 322.36, 219.91, 321.7, 307.54, 123.27, 316.62, 12.25, 8.13]
Time taken to solve the MIP model : 0.2384 seconds
min_d : 0, max_d : 9
---------------------------------
solution for: IP model
objective: 2.83492
x_0_2_0=1
x_1_0_0=1
x_2_4_0=1
x_3_5_0=1
x_4_0_1=1
x_5_3_0=1
x_6_0_2=1
x_7_2_1=1
x_8_0_3=1
x_9_2_2=1
x_10_1_0=1
x_11_4_1=1
x_12_5_1=1
x_13_2_3=1
x_14_4_2=1
x_15_2_4=1
x_16_3_1=1
x_17_3_2=1
x_18_1_1=1
x_19_1_2=1
r_1_1=1
r_1_2=1
d_0=1.000
d_1=1.571
d_2=3.200
d_3=5.429
d_4=0.571
d_5=2.000
d_6=1.571
d_7=2.000
d_8=2.000
d_9=1.000
d_10=1.429
d_11=2.200
d_12=1.000
d_13=1.000
d_14=1.200
d_15=2.800
d_16=1.000
d_17=0.200
d_18=0.429
d_19=1.429
d_x_1=0.571
d_x_2=1.200
d_x_3=4.429
d_x_4=0.571
d_x_5=1.000
d_x_6=0.571
d_x_7=0.500
d_x_8=1.500
d_x_9=0.500
d_x_10=0.429
d_x_11=1.200
d_x_13=0.500
d_x_14=1.200
d_x_15=0.800
d_x_16=1.000
d_x_17=0.200
d_x_18=0.429
d_x_19=0.429
d_y_0=1.000
d_y_1=1.000
d_y_2=2.000
d_y_3=1.000
d_y_5=1.000
d_y_6=1.000
d_y_7=1.500
d_y_8=0.500
d_y_9=0.500
d_y_10=1.000
d_y_11=1.000
d_y_12=1.000
d_y_13=0.500
d_y_15=2.000
d_y_19=1.000
normalized distance of container 0 : 0.1111111111111111
normalized distance of container 1 : 0.1746031746031746
normalized distance of container 2 : 0.35555555555555557
normalized distance of container 3 : 0.6031746031746033
normalized distance of container 4 : 0.06349206349206349
normalized distance of container 5 : 0.2222222222222222
normalized distance of container 6 : 0.1746031746031746
normalized distance of container 7 : 0.2222222222222218
normalized distance of container 8 : 0.22222222222222202
normalized distance of container 9 : 0.11111111111111069
normalized distance of container 10 : 0.15873015873015814
normalized distance of container 11 : 0.24444444444444416
normalized distance of container 12 : 0.1111111111111111
normalized distance of container 13 : 0.1111111111111101
normalized distance of container 14 : 0.13333333333333286
normalized distance of container 15 : 0.3111111111111111
normalized distance of container 16 : 0.1111111111111111
normalized distance of container 17 : 0.022222222222221748
normalized distance of container 18 : 0.04761904761904664
normalized distance of container 19 : 0.15873015873015775
