Number of initial container : 7
Number of new container : 13
Total number of containers : 20
Level_num : 9
Container_level : [5, 8, 8, 4, 1, 8, 8, 1, 1, 1, 4, 5, 8, 9, 4, 8, 8, 4, 8, 1]
ideal_configuration : 
 [[5. 8. 0. 0. 0. 0.]
 [4. 8. 8. 0. 0. 0.]
 [1. 4. 8. 8. 0. 0.]
 [1. 1. 4. 8. 8. 0.]
 [1. 1. 4. 5. 8. 9.]]
Centroid : {5: (1.5, 2.0), 8: (2.5, 2.0), 4: (1.25, 1.5), 1: (0.4, 0.8), 9: (5.0, 0.0)}
Repeat number : 4
Original weight : [20.07, 7.88, 17.8, 11.92, 22.46, 9.8, 15.86, 8.65, 19.51, 23.02, 8.44, 20.54, 17.25, 19.46, 7.12, 10.55, 9.03, 5.21, 8.13, 16.67]
Group : [1, 2, 2, 1, 0, 2, 2, 0, 0, 0, 1, 1, 2, 2, 1, 2, 2, 1, 2, 0]
Sequence : [0, 0, 0, 0, 0, 0, 0, 1, 2, 3, 4, 5, 6, 7, 8, 9, 10, 11, 12, 13]
Scroe : [120.07, 207.88, 217.8, 111.92, 22.46, 209.8, 215.86, 8.65, 19.51, 23.02, 108.44, 120.53999999999999, 217.25, 219.46, 107.12, 210.55, 209.03, 105.21, 208.13, 16.67]
Time taken to solve the MIP model : 0.0879 seconds
min_d : 0, max_d : 9
---------------------------------
solution for: IP model
objective: 9.89444
x_0_4_0=1
x_1_3_0=1
x_2_1_0=1
x_3_0_0=1
x_4_2_0=1
x_5_5_0=1
x_6_0_1=1
x_7_2_1=1
x_8_2_2=1
x_9_4_1=1
x_10_4_2=1
x_11_1_1=1
x_12_3_1=1
x_13_3_2=1
x_14_4_3=1
x_15_5_1=1
x_16_1_2=1
x_17_2_3=1
x_18_1_3=1
x_19_2_4=1
r_1_0=1
r_1_1=1
r_1_2=1
r_1_3=1
r_2_0=1
r_2_1=1
r_2_2=1
r_2_3=1
r_2_4=1
r_4_0=1
r_4_1=1
r_4_2=1
r_4_3=1
d_0=4.500
d_1=2.500
d_2=3.500
d_3=2.750
d_4=2.400
d_5=4.500
d_6=3.500
d_7=1.800
d_8=2.800
d_9=3.800
d_10=3.250
d_11=1.500
d_12=1.500
d_13=4.000
d_14=4.250
d_15=3.500
d_16=1.500
d_17=2.250
d_18=2.500
d_19=4.800
d_x_0=2.500
d_x_1=0.500
d_x_2=1.500
d_x_3=1.250
d_x_4=1.600
d_x_5=2.500
d_x_6=2.500
d_x_7=1.600
d_x_8=1.600
d_x_9=3.600
d_x_10=2.750
d_x_11=0.500
d_x_12=0.500
d_x_13=2.000
d_x_14=2.750
d_x_15=2.500
d_x_16=1.500
d_x_17=0.750
d_x_18=1.500
d_x_19=1.600
d_y_0=2.000
d_y_1=2.000
d_y_2=2.000
d_y_3=1.500
d_y_4=0.800
d_y_5=2.000
d_y_6=1.000
d_y_7=0.200
d_y_8=1.200
d_y_9=0.200
d_y_10=0.500
d_y_11=1.000
d_y_12=1.000
d_y_13=2.000
d_y_14=1.500
d_y_15=1.000
d_y_17=1.500
d_y_18=1.000
d_y_19=3.200
normalized distance of container 0 : 0.5
normalized distance of container 1 : 0.2777777777777778
normalized distance of container 2 : 0.3888888888888889
normalized distance of container 3 : 0.3055555555555556
normalized distance of container 4 : 0.2666666666666667
normalized distance of container 5 : 0.5
normalized distance of container 6 : 0.3888888888888889
normalized distance of container 7 : 0.2
normalized distance of container 8 : 0.3111111111111111
normalized distance of container 9 : 0.4222222222222222
normalized distance of container 10 : 0.3611111111111111
normalized distance of container 11 : 0.16666666666666666
normalized distance of container 12 : 0.16666666666666627
normalized distance of container 13 : 0.4444444444444444
normalized distance of container 14 : 0.4722222222222222
normalized distance of container 15 : 0.3888888888888889
normalized distance of container 16 : 0.16666666666666666
normalized distance of container 17 : 0.25
normalized distance of container 18 : 0.2777777777777778
normalized distance of container 19 : 0.5333333333333334
