Number of initial container : 7
Number of new container : 13
Total number of containers : 20
Level_num : 9
Container_level : [6, 8, 6, 6, 9, 8, 8, 1, 6, 1, 1, 6, 1, 6, 3, 8, 3, 6, 6, 1]
ideal_configuration : 
 [[6. 8. 0. 0. 0. 0.]
 [3. 6. 8. 0. 0. 0.]
 [1. 6. 6. 8. 0. 0.]
 [1. 1. 6. 6. 8. 0.]
 [1. 1. 3. 6. 6. 9.]]
Centroid : {6: (2.0, 1.625), 8: (2.5, 2.5), 9: (5.0, 0.0), 1: (0.4, 0.8), 3: (1.0, 1.5)}
Repeat number : 8
Original weight : [12.75, 14.3, 17.31, 19.87, 22.99, 6.64, 21.58, 10.63, 19.39, 20.52, 11.79, 18.33, 14.73, 21.81, 14.8, 17.34, 15.56, 19.93, 6.05, 9.53]
Group : [2, 3, 2, 2, 3, 3, 3, 0, 2, 0, 0, 2, 0, 2, 1, 3, 1, 2, 2, 0]
Sequence : [0, 0, 0, 0, 0, 0, 0, 1, 2, 3, 4, 5, 6, 7, 8, 9, 10, 11, 12, 13]
Scroe : [212.75, 314.3, 217.31, 219.87, 322.99, 306.64, 321.58, 10.63, 219.39, 20.52, 11.79, 218.32999999999998, 14.73, 221.81, 114.8, 317.34, 115.56, 219.93, 206.05, 9.53]
Time taken to solve the MIP model : 0.2562 seconds
min_d : 0, max_d : 9
---------------------------------
solution for: IP model
objective: 6.96667
x_0_3_0=1
x_1_1_0=1
x_2_2_0=1
x_3_1_1=1
x_4_1_2=1
x_5_2_1=1
x_6_3_1=1
x_7_0_0=1
x_8_2_2=1
x_9_0_1=1
x_10_4_0=1
x_11_4_1=1
x_12_5_0=1
x_13_4_2=1
x_14_0_2=1
x_15_4_3=1
x_16_0_3=1
x_17_2_3=1
x_18_0_4=1
x_19_5_1=1
r_1_0=1
r_1_1=1
r_1_2=1
r_2_1=1
r_2_2=1
r_2_3=1
r_5_0=1
r_5_1=1
d_0=2.625
d_1=4.000
d_2=1.625
d_3=1.625
d_4=6.000
d_5=2.000
d_6=2.000
d_7=1.200
d_8=0.375
d_9=0.600
d_10=4.400
d_11=2.625
d_12=5.400
d_13=2.375
d_14=1.500
d_15=2.000
d_16=2.500
d_17=1.375
d_18=4.375
d_19=4.800
d_x_0=1.000
d_x_1=1.500
d_x_3=1.000
d_x_4=4.000
d_x_5=0.500
d_x_6=0.500
d_x_7=0.400
d_x_9=0.400
d_x_10=3.600
d_x_11=2.000
d_x_12=4.600
d_x_13=2.000
d_x_14=1.000
d_x_15=1.500
d_x_16=1.000
d_x_18=2.000
d_x_19=4.600
d_y_0=1.625
d_y_1=2.500
d_y_2=1.625
d_y_3=0.625
d_y_4=2.000
d_y_5=1.500
d_y_6=1.500
d_y_7=0.800
d_y_8=0.375
d_y_9=0.200
d_y_10=0.800
d_y_11=0.625
d_y_12=0.800
d_y_13=0.375
d_y_14=0.500
d_y_15=0.500
d_y_16=1.500
d_y_17=1.375
d_y_18=2.375
d_y_19=0.200
normalized distance of container 0 : 0.2916666666666667
normalized distance of container 1 : 0.4444444444444444
normalized distance of container 2 : 0.18055555555555555
normalized distance of container 3 : 0.18055555555555555
normalized distance of container 4 : 0.6666666666666666
normalized distance of container 5 : 0.2222222222222222
normalized distance of container 6 : 0.2222222222222222
normalized distance of container 7 : 0.1333333333333332
normalized distance of container 8 : 0.041666666666666664
normalized distance of container 9 : 0.06666666666666664
normalized distance of container 10 : 0.48888888888888893
normalized distance of container 11 : 0.2916666666666667
normalized distance of container 12 : 0.6
normalized distance of container 13 : 0.2638888888888885
normalized distance of container 14 : 0.16666666666666624
normalized distance of container 15 : 0.22222222222222163
normalized distance of container 16 : 0.2777777777777778
normalized distance of container 17 : 0.15277777777777737
normalized distance of container 18 : 0.4861111111111107
normalized distance of container 19 : 0.5333333333333328
