Number of initial container : 5
Number of new container : 20
Total number of containers : 25
Level_num : 9
Container_level : [4, 1, 2, 2, 5, 2, 3, 6, 9, 2, 5, 1, 8, 1, 2, 3, 8, 5, 3, 2, 8, 5, 1, 5, 1]
ideal_configuration : 
 [[2. 5. 6. 9. 0. 0.]
 [2. 3. 5. 8. 0. 0.]
 [1. 2. 3. 5. 8. 0.]
 [1. 1. 2. 3. 5. 8.]
 [1. 1. 2. 2. 4. 5.]]
Centroid : {4: (5.0, 0.0), 1: (1.4, 0.8), 2: (2.3333333333333335, 1.6666666666666667), 5: (4.0, 2.0), 3: (3.0, 2.0), 6: (3.0, 4.0), 9: (4.0, 4.0), 8: (5.0, 2.0)}
Repeat number : 21
Original weight : [13.93, 5.26, 8.83, 7.8, 15.21, 7.66, 11.09, 18.46, 23.75, 8.36, 16.2, 5.71, 21.92, 6.43, 7.77, 10.79, 22.71, 16.52, 9.96, 9.52, 22.53, 15.67, 7.53, 16.32, 7.39]
Sequence : [0, 0, 0, 0, 0, 1, 2, 3, 4, 5, 6, 7, 8, 9, 10, 11, 12, 13, 14, 15, 16, 17, 18, 19, 20]
Emergency : [0, 0, 0, 0, 0, 0, 0, 0, 0, 0, 0, 0, 0, 0, 0, 0, 0, 0, 0, 0, 0, 0, 0, 0, 0]
Time taken to solve the MIP model : 0.7058 seconds
min_d : 0, max_d : 9
---------------------------------
solution for: IP model
objective: 4.45185
status: OPTIMAL_SOLUTION(2)
x_1_6_0=1
x_2_3_0=1
x_3_4_0=1
x_4_2_0=1
x_5_3_1=1
x_6_5_0=1
x_7_2_4=1
x_8_3_4=1
x_9_4_4=1
x_10_2_2=1
x_11_3_2=1
x_12_1_3=1
x_13_5_2=1
x_14_1_2=1
x_15_5_1=1
x_16_4_3=1
x_17_6_2=1
x_18_4_2=1
x_19_2_3=1
x_20_2_1=1
x_21_6_1=1
x_22_4_1=1
x_23_1_1=1
x_24_3_3=1
x_25_1_0=1
r_1_0=1
r_1_1=1
r_1_2=1
r_1_3=1
r_2_1=1
r_2_2=1
r_2_3=1
r_2_4=1
r_3_2=1
r_3_3=1
r_3_4=1
r_4_1=1
r_4_2=1
r_4_3=1
r_4_4=1
d_1=1.000
d_2=2.400
d_3=3.333
d_4=2.000
d_5=2.000
d_6=4.333
d_7=3.000
d_10=0.667
d_11=1.000
d_12=2.600
d_14=1.600
d_15=3.333
d_16=2.000
d_17=1.000
d_19=2.000
d_20=1.000
d_21=2.000
d_22=1.000
d_23=0.600
d_24=2.000
d_25=1.200
d_x_1=1.000
d_x_2=1.600
d_x_3=1.667
d_x_4=0.333
d_x_5=1.000
d_x_6=2.667
d_x_7=1.000
d_x_10=0.333
d_x_11=1.000
d_x_12=0.400
d_x_14=0.400
d_x_15=2.667
d_x_16=1.000
d_x_17=1.000
d_x_19=1.000
d_x_20=0.333
d_x_21=1.000
d_x_23=0.400
d_x_24=1.000
d_x_25=0.400
d_y_2=0.800
d_y_3=1.667
d_y_4=1.667
d_y_5=1.000
d_y_6=1.667
d_y_7=2.000
d_y_10=0.333
d_y_12=2.200
d_y_14=1.200
d_y_15=0.667
d_y_16=1.000
d_y_19=1.000
d_y_20=0.667
d_y_21=1.000
d_y_22=1.000
d_y_23=0.200
d_y_24=1.000
d_y_25=0.800
normalized distance of container 1 : 0.1111111111111111
normalized distance of container 2 : 0.2666666666666667
normalized distance of container 3 : 0.37037037037037035
normalized distance of container 4 : 0.2222222222222222
normalized distance of container 5 : 0.2222222222222222
normalized distance of container 6 : 0.48148148148148145
normalized distance of container 7 : 0.3333333333333333
normalized distance of container 8 : 0.0
normalized distance of container 9 : 0.0
normalized distance of container 10 : 0.0740740740740732
normalized distance of container 11 : 0.1111111111111111
normalized distance of container 12 : 0.28888888888888786
normalized distance of container 13 : 0.0
normalized distance of container 14 : 0.17777777777777676
normalized distance of container 15 : 0.37037037037037035
normalized distance of container 16 : 0.2222222222222222
normalized distance of container 17 : 0.1111111111111111
normalized distance of container 18 : 0.0
normalized distance of container 19 : 0.2222222222222222
normalized distance of container 20 : 0.11111111111111059
normalized distance of container 21 : 0.2222222222222222
normalized distance of container 22 : 0.1111111111111111
normalized distance of container 23 : 0.06666666666666564
normalized distance of container 24 : 0.2222222222222222
normalized distance of container 25 : 0.13333333333333366
