Number of initial container : 0
Number of new container : 40
Total number of containers : 40
Level_num : 9
Container_level : [3, 2, 4, 3, 2, 7, 1, 7, 3, 2, 2, 4, 6, 6, 5, 3, 3, 8, 6, 1, 3, 7, 3, 7, 3, 1, 1, 2, 6, 9, 2, 2, 8, 4, 2, 6, 3, 1, 6, 5]
ideal_configuration : 
 [[3. 3. 6. 7. 9. 0. 0. 0. 0. 0.]
 [2. 3. 4. 6. 7. 0. 0. 0. 0. 0.]
 [2. 2. 3. 4. 6. 7. 0. 0. 0. 0.]
 [1. 2. 2. 3. 4. 6. 7. 0. 0. 0.]
 [1. 1. 2. 3. 3. 5. 6. 8. 0. 0.]
 [1. 1. 2. 2. 3. 3. 5. 6. 8. 0.]]
Centroid : {3: (3.5555555555555554, 2.3333333333333335), 2: (2.375, 1.875), 4: (4.0, 3.0), 7: (5.5, 3.5), 1: (1.4, 0.8), 6: (5.5, 2.5), 5: (6.5, 0.5), 8: (8.5, 0.5), 9: (5.0, 5.0)}
Repeat number : 7
Original weight : [12.14, 7.8, 12.94, 11.91, 8.53, 19.26, 6.14, 19.3, 11.54, 7.48, 9.09, 12.52, 16.98, 18.02, 14.59, 11.38, 10.18, 21.65, 17.15, 5.71, 11.48, 20.93, 10.97, 19.31, 11.29, 5.21, 6.24, 7.81, 18.07, 23.83, 9.43, 8.2, 22.42, 14.22, 8.23, 17.15, 10.47, 5.14, 18.12, 16.11]
Group : [0, 0, 0, 0, 0, 0, 0, 0, 0, 0, 0, 0, 0, 0, 0, 0, 0, 0, 0, 0, 0, 0, 0, 0, 0, 0, 0, 0, 0, 0, 0, 0, 0, 0, 0, 0, 0, 0, 0, 0]
Sequence : [1, 2, 3, 4, 5, 6, 7, 8, 9, 10, 11, 12, 13, 14, 15, 16, 17, 18, 19, 20, 21, 22, 23, 24, 25, 26, 27, 28, 29, 30, 31, 32, 33, 34, 35, 36, 37, 38, 39, 40]
Scroe : [12.14, 7.8, 12.94, 11.91, 8.53, 19.26, 6.14, 19.3, 11.54, 7.48, 9.09, 12.52, 16.98, 18.02, 14.59, 11.38, 10.18, 21.65, 17.15, 5.71, 11.48, 20.93, 10.97, 19.31, 11.29, 5.21, 6.24, 7.81, 18.07, 23.83, 9.43, 8.2, 22.42, 14.22, 8.23, 17.15, 10.47, 5.14, 18.12, 16.11]
Time taken to solve the MIP model : 4.7076 seconds
---------------------------------
solution for: IP model
objective: 68.9556
x_1_5_0=1
x_2_3_0=1
x_3_5_1=1
x_4_5_2=1
x_5_3_1=1
x_6_5_3=1
x_7_2_0=1
x_8_5_4=1
x_9_4_0=1
x_10_2_1=1
x_11_3_2=1
x_12_3_3=1
x_13_6_0=1
x_14_6_1=1
x_15_7_0=1
x_16_3_4=1
x_17_4_1=1
x_18_8_0=1
x_19_6_2=1
x_20_1_0=1
x_21_3_5=1
x_22_6_3=1
x_23_4_2=1
x_24_6_4=1
x_25_4_3=1
x_26_1_1=1
x_27_1_2=1
x_28_2_2=1
x_29_7_1=1
x_30_5_5=1
x_31_2_3=1
x_32_2_4=1
x_33_9_0=1
x_34_4_4=1
x_35_1_3=1
x_36_7_2=1
x_37_4_5=1
x_38_1_4=1
x_39_7_3=1
x_40_8_1=1
r_1_0=1
r_1_1=1
r_1_2=1
r_1_3=1
r_1_4=1
r_2_3=1
r_2_4=1
r_3_0=1
r_3_1=1
r_3_2=1
r_3_3=1
r_3_4=1
r_3_5=1
r_4_0=1
r_4_1=1
r_4_2=1
r_4_3=1
r_4_4=1
r_4_5=1
r_5_0=1
r_5_1=1
r_5_2=1
r_5_3=1
r_5_4=1
r_5_5=1
r_6_1=1
r_6_2=1
r_6_3=1
r_6_4=1
r_7_0=1
r_7_1=1
r_7_2=1
r_7_3=1
r_8_0=1
r_8_1=1
d_1=3.778
d_2=2.500
d_3=3.000
d_4=1.778
d_5=1.500
d_6=1.000
d_7=1.400
d_8=1.000
d_9=2.778
d_10=1.250
d_11=0.750
d_12=1.000
d_13=3.000
d_14=2.000
d_15=1.000
d_16=2.222
d_17=1.778
d_18=1.000
d_19=1.000
d_20=1.200
d_21=3.222
d_22=1.000
d_23=0.778
d_24=1.000
d_25=1.111
d_26=0.600
d_27=1.600
d_28=0.500
d_29=3.000
d_31=1.500
d_32=2.500
d_33=1.000
d_34=1.000
d_35=2.500
d_36=2.000
d_37=3.111
d_38=3.600
d_39=2.000
d_40=2.000
d_x_1=1.444
d_x_2=0.625
d_x_3=1.000
d_x_4=1.444
d_x_5=0.625
d_x_6=0.500
d_x_7=0.600
d_x_8=0.500
d_x_9=0.444
d_x_10=0.375
d_x_11=0.625
d_x_12=1.000
d_x_13=0.500
d_x_14=0.500
d_x_15=0.500
d_x_16=0.556
d_x_17=0.444
d_x_18=0.500
d_x_19=0.500
d_x_20=0.400
d_x_21=0.556
d_x_22=0.500
d_x_23=0.444
d_x_24=0.500
d_x_25=0.444
d_x_26=0.400
d_x_27=0.400
d_x_28=0.375
d_x_29=1.500
d_x_31=0.375
d_x_32=0.375
d_x_33=0.500
d_x_35=1.375
d_x_36=1.500
d_x_37=0.444
d_x_38=0.400
d_x_39=1.500
d_x_40=1.500
d_y_1=2.333
d_y_2=1.875
d_y_3=2.000
d_y_4=0.333
d_y_5=0.875
d_y_6=0.500
d_y_7=0.800
d_y_8=0.500
d_y_9=2.333
d_y_10=0.875
d_y_11=0.125
d_y_13=2.500
d_y_14=1.500
d_y_15=0.500
d_y_16=1.667
d_y_17=1.333
d_y_18=0.500
d_y_19=0.500
d_y_20=0.800
d_y_21=2.667
d_y_22=0.500
d_y_23=0.333
d_y_24=0.500
d_y_25=0.667
d_y_26=0.200
d_y_27=1.200
d_y_28=0.125
d_y_29=1.500
d_y_31=1.125
d_y_32=2.125
d_y_33=0.500
d_y_34=1.000
d_y_35=1.125
d_y_36=0.500
d_y_37=2.667
d_y_38=3.200
d_y_39=0.500
d_y_40=0.500
