Number of initial container : 0
Number of new container : 40
Total number of containers : 40
Level_num : 9
Container_level : [9, 5, 4, 2, 2, 8, 2, 2, 1, 3, 2, 2, 7, 7, 8, 5, 4, 2, 8, 2, 2, 1, 4, 6, 5, 4, 4, 1, 5, 1, 6, 2, 4, 2, 1, 5, 2, 4, 8, 2]
ideal_configuration : 
 [[2. 4. 5. 7. 9. 0. 0. 0. 0. 0.]
 [2. 2. 4. 5. 7. 0. 0. 0. 0. 0.]
 [2. 2. 2. 4. 5. 8. 0. 0. 0. 0.]
 [1. 2. 2. 3. 4. 5. 8. 0. 0. 0.]
 [1. 1. 2. 2. 4. 4. 6. 8. 0. 0.]
 [1. 1. 2. 2. 2. 4. 5. 6. 8. 0.]]
Centroid : {9: (5.0, 5.0), 5: (5.0, 2.8), 4: (4.428571428571429, 2.2857142857142856), 2: (2.6153846153846154, 2.1538461538461537), 8: (7.5, 1.5), 1: (1.4, 0.8), 3: (4.0, 2.0), 7: (4.5, 4.5), 6: (7.5, 0.5)}
Repeat number : 26
Original weight : [23.91, 16.45, 12.63, 8.48, 9.5, 23.19, 8.61, 8.39, 6.11, 11.99, 7.71, 9.57, 21.44, 20.8, 23.26, 15.33, 13.1, 8.5, 21.92, 9.08, 8.59, 5.2, 14.5, 18.31, 15.38, 14.37, 13.41, 7.4, 15.6, 6.15, 18.09, 8.39, 13.83, 7.81, 5.87, 15.63, 7.91, 13.73, 22.62, 8.6]
Group : [0, 0, 0, 0, 0, 0, 0, 0, 0, 0, 0, 0, 0, 0, 0, 0, 0, 0, 0, 0, 0, 0, 0, 0, 0, 0, 0, 0, 0, 0, 0, 0, 0, 0, 0, 0, 0, 0, 0, 0]
Sequence : [1, 2, 3, 4, 5, 6, 7, 8, 9, 10, 11, 12, 13, 14, 15, 16, 17, 18, 19, 20, 21, 22, 23, 24, 25, 26, 27, 28, 29, 30, 31, 32, 33, 34, 35, 36, 37, 38, 39, 40]
Scroe : [23.91, 16.45, 12.63, 8.48, 9.5, 23.19, 8.61, 8.39, 6.11, 11.99, 7.71, 9.57, 21.44, 20.8, 23.26, 15.33, 13.1, 8.5, 21.92, 9.08, 8.59, 5.2, 14.5, 18.31, 15.38, 14.37, 13.41, 7.4, 15.6, 6.15, 18.09, 8.39, 13.83, 7.81, 5.87, 15.63, 7.91, 13.73, 22.62, 8.6]
Time taken to solve the MIP model : 9.0594 seconds
---------------------------------
solution for: IP model
objective: 73.8264
x_1_5_0=1
x_2_5_1=1
x_3_5_2=1
x_4_3_0=1
x_5_3_1=1
x_6_7_0=1
x_7_4_0=1
x_8_4_1=1
x_9_2_0=1
x_10_4_2=1
x_11_3_2=1
x_12_4_3=1
x_13_4_4=1
x_14_4_5=1
x_15_9_0=1
x_16_5_3=1
x_17_6_0=1
x_18_3_3=1
x_19_7_1=1
x_20_3_4=1
x_21_3_5=1
x_22_1_0=1
x_23_6_1=1
x_24_8_0=1
x_25_5_4=1
x_26_7_2=1
x_27_6_2=1
x_28_2_1=1
x_29_5_5=1
x_30_1_1=1
x_31_8_1=1
x_32_2_2=1
x_33_6_3=1
x_34_2_3=1
x_35_1_2=1
x_36_7_3=1
x_37_2_4=1
x_38_6_4=1
x_39_8_2=1
x_40_1_3=1
r_1_0=1
r_1_1=1
r_1_2=1
r_1_3=1
r_2_0=1
r_2_1=1
r_2_2=1
r_2_3=1
r_2_4=1
r_3_0=1
r_3_1=1
r_3_2=1
r_3_3=1
r_3_4=1
r_3_5=1
r_4_0=1
r_4_1=1
r_4_2=1
r_4_3=1
r_4_4=1
r_4_5=1
r_5_0=1
r_5_1=1
r_5_2=1
r_5_3=1
r_5_4=1
r_5_5=1
r_6_0=1
r_6_1=1
r_6_2=1
r_6_3=1
r_6_4=1
r_7_0=1
r_7_1=1
r_7_2=1
r_7_3=1
r_8_0=1
r_8_1=1
r_8_2=1
d_1=5.000
d_2=1.800
d_3=0.857
d_4=2.538
d_5=1.538
d_6=2.000
d_7=3.538
d_8=2.538
d_9=1.400
d_11=0.538
d_12=2.231
d_13=1.000
d_14=1.000
d_15=3.000
d_16=0.200
d_17=3.857
d_18=1.231
d_19=1.000
d_20=2.231
d_21=3.231
d_22=1.200
d_23=2.857
d_24=1.000
d_25=1.200
d_26=2.857
d_27=1.857
d_28=0.800
d_29=2.200
d_30=0.600
d_31=1.000
d_32=0.769
d_33=2.286
d_34=1.462
d_35=1.600
d_36=2.200
d_37=2.462
d_38=3.286
d_39=1.000
d_40=2.462
d_x_3=0.571
d_x_4=0.385
d_x_5=0.385
d_x_6=0.500
d_x_7=1.385
d_x_8=1.385
d_x_9=0.600
d_x_11=0.385
d_x_12=1.385
d_x_13=0.500
d_x_14=0.500
d_x_15=1.500
d_x_17=1.571
d_x_18=0.385
d_x_19=0.500
d_x_20=0.385
d_x_21=0.385
d_x_22=0.400
d_x_23=1.571
d_x_24=0.500
d_x_26=2.571
d_x_27=1.571
d_x_28=0.600
d_x_30=0.400
d_x_31=0.500
d_x_32=0.615
d_x_33=1.571
d_x_34=0.615
d_x_35=0.400
d_x_36=2.000
d_x_37=0.615
d_x_38=1.571
d_x_39=0.500
d_x_40=1.615
d_y_1=5.000
d_y_2=1.800
d_y_3=0.286
d_y_4=2.154
d_y_5=1.154
d_y_6=1.500
d_y_7=2.154
d_y_8=1.154
d_y_9=0.800
d_y_11=0.154
d_y_12=0.846
d_y_13=0.500
d_y_14=0.500
d_y_15=1.500
d_y_16=0.200
d_y_17=2.286
d_y_18=0.846
d_y_19=0.500
d_y_20=1.846
d_y_21=2.846
d_y_22=0.800
d_y_23=1.286
d_y_24=0.500
d_y_25=1.200
d_y_26=0.286
d_y_27=0.286
d_y_28=0.200
d_y_29=2.200
d_y_30=0.200
d_y_31=0.500
d_y_32=0.154
d_y_33=0.714
d_y_34=0.846
d_y_35=1.200
d_y_36=0.200
d_y_37=1.846
d_y_38=1.714
d_y_39=0.500
d_y_40=0.846
