Number of initial container : 0
Number of new container : 40
Total number of containers : 40
Level_num : 9
Container_level : [4, 8, 1, 8, 9, 3, 3, 1, 6, 3, 1, 7, 1, 2, 8, 3, 6, 7, 7, 4, 5, 4, 5, 2, 8, 6, 2, 5, 7, 4, 6, 7, 3, 8, 3, 8, 6, 1, 1, 6]
ideal_configuration : 
 [[4. 5. 6. 8. 9. 0. 0. 0. 0. 0.]
 [3. 4. 6. 7. 8. 0. 0. 0. 0. 0.]
 [2. 3. 4. 6. 7. 8. 0. 0. 0. 0.]
 [1. 2. 3. 4. 6. 7. 8. 0. 0. 0.]
 [1. 1. 2. 3. 5. 6. 7. 8. 0. 0.]
 [1. 1. 1. 3. 3. 5. 6. 7. 8. 0.]]
Centroid : {4: (2.5, 3.5), 8: (6.5, 2.5), 1: (1.6666666666666667, 0.6666666666666666), 9: (5.0, 5.0), 3: (3.1666666666666665, 1.6666666666666667), 6: (4.666666666666667, 2.5), 7: (6.0, 2.0), 2: (2.0, 2.0), 5: (4.333333333333333, 2.0)}
Repeat number : 23
Original weight : [14.11, 21.8, 6.48, 21.72, 22.9, 11.89, 10.86, 6.13, 16.36, 10.02, 7.19, 19.98, 6.43, 7.84, 21.66, 10.9, 16.81, 19.2, 18.56, 13.86, 15.84, 12.73, 15.51, 8.0, 21.66, 17.9, 7.87, 16.04, 20.05, 11.96, 16.7, 19.94, 9.94, 22.41, 11.93, 22.0, 17.71, 5.36, 6.4, 16.78]
Group : [0, 0, 0, 0, 0, 0, 0, 0, 0, 0, 0, 0, 0, 0, 0, 0, 0, 0, 0, 0, 0, 0, 0, 0, 0, 0, 0, 0, 0, 0, 0, 0, 0, 0, 0, 0, 0, 0, 0, 0]
Sequence : [1, 2, 3, 4, 5, 6, 7, 8, 9, 10, 11, 12, 13, 14, 15, 16, 17, 18, 19, 20, 21, 22, 23, 24, 25, 26, 27, 28, 29, 30, 31, 32, 33, 34, 35, 36, 37, 38, 39, 40]
Scroe : [14.11, 21.8, 6.48, 21.72, 22.9, 11.89, 10.86, 6.13, 16.36, 10.02, 7.19, 19.98, 6.43, 7.84, 21.66, 10.9, 16.81, 19.2, 18.56, 13.86, 15.84, 12.73, 15.51, 8.0, 21.66, 17.9, 7.87, 16.04, 20.05, 11.96, 16.7, 19.94, 9.94, 22.41, 11.93, 22.0, 17.71, 5.36, 6.4, 16.78]
Time taken to solve the MIP model : 6.1556 seconds
---------------------------------
solution for: IP model
objective: 73.3333
x_1_3_0=1
x_2_7_0=1
x_3_1_0=1
x_4_7_1=1
x_5_5_0=1
x_6_3_1=1
x_7_3_2=1
x_8_2_0=1
x_9_5_1=1
x_10_4_0=1
x_11_1_1=1
x_12_7_2=1
x_13_2_1=1
x_14_2_2=1
x_15_7_3=1
x_16_3_3=1
x_17_5_2=1
x_18_6_0=1
x_19_8_0=1
x_20_3_4=1
x_21_4_1=1
x_22_3_5=1
x_23_4_2=1
x_24_2_3=1
x_25_8_1=1
x_26_5_3=1
x_27_2_4=1
x_28_4_3=1
x_29_6_1=1
x_30_2_5=1
x_31_5_4=1
x_32_6_2=1
x_33_1_2=1
x_34_6_3=1
x_35_4_4=1
x_36_6_4=1
x_37_4_5=1
x_38_1_3=1
x_39_1_4=1
x_40_5_5=1
r_1_0=1
r_1_1=1
r_1_2=1
r_1_3=1
r_1_4=1
r_2_0=1
r_2_1=1
r_2_2=1
r_2_3=1
r_2_4=1
r_2_5=1
r_3_0=1
r_3_1=1
r_3_2=1
r_3_3=1
r_3_4=1
r_3_5=1
r_4_0=1
r_4_1=1
r_4_2=1
r_4_3=1
r_4_4=1
r_4_5=1
r_5_0=1
r_5_1=1
r_5_2=1
r_5_3=1
r_5_4=1
r_5_5=1
r_6_0=1
r_6_1=1
r_6_2=1
r_6_3=1
r_6_4=1
r_7_0=1
r_7_1=1
r_7_2=1
r_7_3=1
d_1=4.000
d_2=3.000
d_3=1.333
d_4=2.000
d_5=5.000
d_6=0.833
d_7=0.500
d_8=1.000
d_9=1.833
d_10=2.500
d_11=1.000
d_12=1.000
d_13=0.667
d_15=1.000
d_16=1.500
d_17=0.833
d_18=2.000
d_19=4.000
d_20=1.000
d_21=1.333
d_22=2.000
d_23=0.333
d_24=1.000
d_25=3.000
d_26=0.833
d_27=2.000
d_28=1.333
d_29=1.000
d_30=2.000
d_31=1.833
d_33=2.500
d_34=1.000
d_35=3.167
d_36=2.000
d_37=3.167
d_38=3.000
d_39=4.000
d_40=2.833
d_x_1=0.500
d_x_2=0.500
d_x_3=0.667
d_x_4=0.500
d_x_6=0.167
d_x_7=0.167
d_x_8=0.333
d_x_9=0.333
d_x_10=0.833
d_x_11=0.667
d_x_12=1.000
d_x_13=0.333
d_x_15=0.500
d_x_16=0.167
d_x_17=0.333
d_x_19=2.000
d_x_20=0.500
d_x_21=0.333
d_x_22=0.500
d_x_23=0.333
d_x_25=1.500
d_x_26=0.333
d_x_28=0.333
d_x_30=0.500
d_x_31=0.333
d_x_33=2.167
d_x_34=0.500
d_x_35=0.833
d_x_36=0.500
d_x_37=0.667
d_x_38=0.667
d_x_39=0.667
d_x_40=0.333
d_y_1=3.500
d_y_2=2.500
d_y_3=0.667
d_y_4=1.500
d_y_5=5.000
d_y_6=0.667
d_y_7=0.333
d_y_8=0.667
d_y_9=1.500
d_y_10=1.667
d_y_11=0.333
d_y_13=0.333
d_y_15=0.500
d_y_16=1.333
d_y_17=0.500
d_y_18=2.000
d_y_19=2.000
d_y_20=0.500
d_y_21=1.000
d_y_22=1.500
d_y_24=1.000
d_y_25=1.500
d_y_26=0.500
d_y_27=2.000
d_y_28=1.000
d_y_29=1.000
d_y_30=1.500
d_y_31=1.500
d_y_33=0.333
d_y_34=0.500
d_y_35=2.333
d_y_36=1.500
d_y_37=2.500
d_y_38=2.333
d_y_39=3.333
d_y_40=2.500
