Number of initial container : 0
Number of new container : 40
Total number of containers : 40
Level_num : 9
Container_level : [4, 1, 3, 6, 5, 5, 4, 4, 4, 8, 1, 5, 4, 7, 6, 2, 7, 1, 4, 1, 9, 7, 1, 5, 6, 2, 8, 3, 4, 8, 4, 8, 1, 7, 7, 2, 2, 5, 7, 4]
ideal_configuration : 
 [[4. 5. 6. 7. 9. 0. 0. 0. 0. 0.]
 [3. 4. 5. 6. 7. 0. 0. 0. 0. 0.]
 [2. 3. 4. 5. 7. 8. 0. 0. 0. 0.]
 [1. 2. 4. 4. 5. 7. 8. 0. 0. 0.]
 [1. 1. 2. 4. 4. 5. 7. 8. 0. 0.]
 [1. 1. 1. 2. 4. 4. 6. 7. 8. 0.]]
Centroid : {4: (3.6666666666666665, 2.0), 1: (1.6666666666666667, 0.6666666666666666), 3: (1.5, 3.5), 6: (4.666666666666667, 3.0), 5: (4.0, 3.0), 8: (7.5, 1.5), 7: (5.833333333333333, 2.5), 2: (2.5, 1.5), 9: (5.0, 5.0)}
Repeat number : 21
Original weight : [14.57, 7.19, 12.27, 17.33, 15.03, 14.83, 12.43, 13.72, 13.08, 23.69, 5.56, 16.12, 12.76, 20.58, 18.66, 8.88, 19.76, 5.84, 12.78, 6.46, 23.94, 21.29, 5.52, 16.89, 17.71, 9.72, 21.67, 11.22, 13.53, 23.89, 13.53, 22.66, 6.81, 20.5, 21.11, 9.71, 8.32, 15.92, 19.99, 13.51]
Group : [0, 0, 0, 0, 0, 0, 0, 0, 0, 0, 0, 0, 0, 0, 0, 0, 0, 0, 0, 0, 0, 0, 0, 0, 0, 0, 0, 0, 0, 0, 0, 0, 0, 0, 0, 0, 0, 0, 0, 0]
Sequence : [1, 2, 3, 4, 5, 6, 7, 8, 9, 10, 11, 12, 13, 14, 15, 16, 17, 18, 19, 20, 21, 22, 23, 24, 25, 26, 27, 28, 29, 30, 31, 32, 33, 34, 35, 36, 37, 38, 39, 40]
Scroe : [14.57, 7.19, 12.27, 17.33, 15.03, 14.83, 12.43, 13.72, 13.08, 23.69, 5.56, 16.12, 12.76, 20.58, 18.66, 8.88, 19.76, 5.84, 12.78, 6.46, 23.94, 21.29, 5.52, 16.89, 17.71, 9.72, 21.67, 11.22, 13.53, 23.89, 13.53, 22.66, 6.81, 20.5, 21.11, 9.71, 8.32, 15.92, 19.99, 13.51]
Time taken to solve the MIP model : 4.6602 seconds
---------------------------------
solution for: IP model
objective: 69
x_1_5_0=1
x_2_1_0=1
x_3_1_1=1
x_4_5_1=1
x_5_5_2=1
x_6_5_3=1
x_7_4_0=1
x_8_4_1=1
x_9_4_2=1
x_10_7_0=1
x_11_3_0=1
x_12_4_3=1
x_13_6_0=1
x_14_6_1=1
x_15_5_4=1
x_16_3_1=1
x_17_6_2=1
x_18_2_0=1
x_19_3_2=1
x_20_1_2=1
x_21_5_5=1
x_22_6_3=1
x_23_2_1=1
x_24_4_4=1
x_25_6_4=1
x_26_1_3=1
x_27_8_0=1
x_28_1_4=1
x_29_3_3=1
x_30_8_1=1
x_31_3_4=1
x_32_7_1=1
x_33_2_2=1
x_34_7_2=1
x_35_7_3=1
x_36_2_3=1
x_37_2_4=1
x_38_4_5=1
x_39_6_5=1
x_40_3_5=1
r_1_0=1
r_1_1=1
r_1_2=1
r_1_3=1
r_1_4=1
r_2_0=1
r_2_1=1
r_2_2=1
r_2_3=1
r_2_4=1
r_3_2=1
r_3_3=1
r_3_4=1
r_3_5=1
r_4_1=1
r_4_2=1
r_4_3=1
r_4_4=1
r_4_5=1
r_5_0=1
r_5_1=1
r_5_2=1
r_5_3=1
r_5_4=1
r_5_5=1
r_6_1=1
r_6_2=1
r_6_3=1
r_6_4=1
r_6_5=1
r_7_0=1
r_7_1=1
r_7_2=1
r_7_3=1
d_1=3.333
d_2=1.333
d_3=3.000
d_4=2.333
d_5=2.000
d_6=1.000
d_7=2.333
d_8=1.333
d_9=0.333
d_10=2.000
d_11=2.000
d_13=4.333
d_14=1.667
d_15=1.333
d_16=1.000
d_17=0.667
d_18=1.000
d_19=0.667
d_20=2.000
d_22=0.667
d_23=0.667
d_24=1.000
d_25=2.333
d_26=3.000
d_27=2.000
d_28=1.000
d_29=1.667
d_30=1.000
d_31=2.667
d_32=1.000
d_33=1.667
d_34=1.667
d_35=1.667
d_36=2.000
d_37=3.000
d_38=2.000
d_39=2.667
d_40=3.667
d_x_1=1.333
d_x_2=0.667
d_x_3=0.500
d_x_4=0.333
d_x_5=1.000
d_x_6=1.000
d_x_7=0.333
d_x_8=0.333
d_x_9=0.333
d_x_10=0.500
d_x_11=1.333
d_x_13=2.333
d_x_14=0.167
d_x_15=0.333
d_x_16=0.500
d_x_17=0.167
d_x_18=0.333
d_x_19=0.667
d_x_20=0.667
d_x_22=0.167
d_x_23=0.333
d_x_25=1.333
d_x_26=1.500
d_x_27=0.500
d_x_28=0.500
d_x_29=0.667
d_x_30=0.500
d_x_31=0.667
d_x_32=0.500
d_x_33=0.333
d_x_34=1.167
d_x_35=1.167
d_x_36=0.500
d_x_37=0.500
d_x_39=0.167
d_x_40=0.667
d_y_1=2.000
d_y_2=0.667
d_y_3=2.500
d_y_4=2.000
d_y_5=1.000
d_y_7=2.000
d_y_8=1.000
d_y_10=1.500
d_y_11=0.667
d_y_13=2.000
d_y_14=1.500
d_y_15=1.000
d_y_16=0.500
d_y_17=0.500
d_y_18=0.667
d_y_20=1.333
d_y_22=0.500
d_y_23=0.333
d_y_24=1.000
d_y_25=1.000
d_y_26=1.500
d_y_27=1.500
d_y_28=0.500
d_y_29=1.000
d_y_30=0.500
d_y_31=2.000
d_y_32=0.500
d_y_33=1.333
d_y_34=0.500
d_y_35=0.500
d_y_36=1.500
d_y_37=2.500
d_y_38=2.000
d_y_39=2.500
d_y_40=3.000
