Number of initial container : 0
Number of new container : 40
Total number of containers : 40
Level_num : 9
Container_level : [5, 2, 8, 6, 1, 6, 6, 6, 8, 9, 6, 4, 8, 8, 1, 8, 8, 1, 7, 1, 5, 3, 6, 4, 3, 3, 5, 7, 6, 6, 2, 5, 3, 8, 3, 2, 6, 2, 6, 2]
ideal_configuration : 
 [[4. 6. 6. 8. 9. 0. 0. 0. 0. 0.]
 [3. 5. 6. 6. 8. 0. 0. 0. 0. 0.]
 [2. 3. 5. 6. 6. 8. 0. 0. 0. 0.]
 [1. 2. 3. 5. 6. 7. 8. 0. 0. 0.]
 [1. 2. 2. 3. 5. 6. 7. 8. 0. 0.]
 [1. 1. 2. 3. 4. 6. 6. 8. 8. 0.]]
Centroid : {5: (3.5, 2.5), 2: (2.2, 1.4), 8: (6.714285714285714, 2.142857142857143), 6: (4.5, 2.7), 1: (1.25, 0.75), 9: (5.0, 5.0), 4: (3.0, 2.5), 7: (6.5, 1.5), 3: (2.8, 2.0)}
Repeat number : 16
Original weight : [14.66, 8.79, 21.91, 17.96, 7.41, 18.68, 18.49, 18.18, 23.48, 23.86, 18.83, 13.35, 23.41, 22.08, 5.88, 23.81, 22.14, 5.89, 19.66, 5.25, 16.85, 10.03, 19.04, 12.83, 11.27, 11.5, 14.63, 19.3, 19.11, 17.97, 9.56, 15.1, 10.77, 23.69, 10.08, 8.83, 17.62, 9.72, 18.47, 9.16]
Group : [0, 0, 0, 0, 0, 0, 0, 0, 0, 0, 0, 0, 0, 0, 0, 0, 0, 0, 0, 0, 0, 0, 0, 0, 0, 0, 0, 0, 0, 0, 0, 0, 0, 0, 0, 0, 0, 0, 0, 0]
Sequence : [1, 2, 3, 4, 5, 6, 7, 8, 9, 10, 11, 12, 13, 14, 15, 16, 17, 18, 19, 20, 21, 22, 23, 24, 25, 26, 27, 28, 29, 30, 31, 32, 33, 34, 35, 36, 37, 38, 39, 40]
Scroe : [14.66, 8.79, 21.91, 17.96, 7.41, 18.68, 18.49, 18.18, 23.48, 23.86, 18.83, 13.35, 23.41, 22.08, 5.88, 23.81, 22.14, 5.89, 19.66, 5.25, 16.85, 10.03, 19.04, 12.83, 11.27, 11.5, 14.63, 19.3, 19.11, 17.97, 9.56, 15.1, 10.77, 23.69, 10.08, 8.83, 17.62, 9.72, 18.47, 9.16]
Time taken to solve the MIP model : 4.9309 seconds
---------------------------------
solution for: IP model
objective: 72.0429
x_1_5_0=1
x_2_2_0=1
x_3_7_0=1
x_4_5_1=1
x_5_1_0=1
x_6_5_2=1
x_7_5_3=1
x_8_5_4=1
x_9_7_1=1
x_10_5_5=1
x_11_4_0=1
x_12_4_1=1
x_13_8_0=1
x_14_8_1=1
x_15_1_1=1
x_16_7_2=1
x_17_7_3=1
x_18_1_2=1
x_19_6_0=1
x_20_1_3=1
x_21_4_2=1
x_22_3_0=1
x_23_4_3=1
x_24_1_4=1
x_25_3_1=1
x_26_3_2=1
x_27_3_3=1
x_28_6_1=1
x_29_4_4=1
x_30_4_5=1
x_31_2_1=1
x_32_3_4=1
x_33_3_5=1
x_34_6_2=1
x_35_2_2=1
x_36_2_3=1
x_37_6_3=1
x_38_2_4=1
x_39_6_4=1
x_40_2_5=1
r_1_0=1
r_1_1=1
r_1_2=1
r_1_3=1
r_1_4=1
r_2_0=1
r_2_1=1
r_2_2=1
r_2_3=1
r_2_4=1
r_2_5=1
r_3_0=1
r_3_1=1
r_3_2=1
r_3_3=1
r_3_4=1
r_3_5=1
r_4_0=1
r_4_1=1
r_4_2=1
r_4_3=1
r_4_4=1
r_4_5=1
r_5_0=1
r_5_1=1
r_5_2=1
r_5_3=1
r_5_4=1
r_5_5=1
r_6_0=1
r_6_1=1
r_6_2=1
r_6_3=1
r_6_4=1
r_7_0=1
r_7_1=1
r_7_2=1
r_7_3=1
r_8_0=1
r_8_1=1
d_1=4.000
d_2=1.600
d_3=2.429
d_4=2.200
d_5=1.000
d_6=1.200
d_7=0.800
d_8=1.800
d_9=1.429
d_11=3.200
d_12=2.500
d_13=3.429
d_14=2.429
d_15=0.500
d_16=0.429
d_17=1.143
d_18=1.500
d_19=2.000
d_20=2.500
d_21=1.000
d_22=2.200
d_23=0.800
d_24=3.500
d_25=1.200
d_26=0.200
d_27=1.000
d_28=1.000
d_29=1.800
d_30=2.800
d_31=0.600
d_32=2.000
d_33=3.200
d_34=0.857
d_35=0.800
d_36=1.800
d_37=1.800
d_38=2.800
d_39=2.800
d_40=3.800
d_x_1=1.500
d_x_2=0.200
d_x_3=0.286
d_x_4=0.500
d_x_5=0.250
d_x_6=0.500
d_x_7=0.500
d_x_8=0.500
d_x_9=0.286
d_x_11=0.500
d_x_12=1.000
d_x_13=1.286
d_x_14=1.286
d_x_15=0.250
d_x_16=0.286
d_x_17=0.286
d_x_18=0.250
d_x_19=0.500
d_x_20=0.250
d_x_21=0.500
d_x_22=0.200
d_x_23=0.500
d_x_24=2.000
d_x_25=0.200
d_x_26=0.200
d_x_27=0.500
d_x_28=0.500
d_x_29=0.500
d_x_30=0.500
d_x_31=0.200
d_x_32=0.500
d_x_33=0.200
d_x_34=0.714
d_x_35=0.800
d_x_36=0.200
d_x_37=1.500
d_x_38=0.200
d_x_39=1.500
d_x_40=0.200
d_y_1=2.500
d_y_2=1.400
d_y_3=2.143
d_y_4=1.700
d_y_5=0.750
d_y_6=0.700
d_y_7=0.300
d_y_8=1.300
d_y_9=1.143
d_y_11=2.700
d_y_12=1.500
d_y_13=2.143
d_y_14=1.143
d_y_15=0.250
d_y_16=0.143
d_y_17=0.857
d_y_18=1.250
d_y_19=1.500
d_y_20=2.250
d_y_21=0.500
d_y_22=2.000
d_y_23=0.300
d_y_24=1.500
d_y_25=1.000
d_y_27=0.500
d_y_28=0.500
d_y_29=1.300
d_y_30=2.300
d_y_31=0.400
d_y_32=1.500
d_y_33=3.000
d_y_34=0.143
d_y_36=1.600
d_y_37=0.300
d_y_38=2.600
d_y_39=1.300
d_y_40=3.600
