Number of initial container : 0
Number of new container : 40
Total number of containers : 40
Level_num : 9
Container_level : [1, 5, 1, 3, 2, 4, 8, 8, 4, 7, 5, 4, 2, 6, 5, 3, 5, 3, 3, 8, 1, 7, 1, 6, 7, 9, 5, 3, 7, 8, 8, 6, 4, 7, 5, 7, 6, 6, 3, 1]
ideal_configuration : 
 [[4. 5. 6. 7. 9. 0. 0. 0. 0. 0.]
 [3. 4. 5. 7. 8. 0. 0. 0. 0. 0.]
 [2. 3. 5. 6. 7. 8. 0. 0. 0. 0.]
 [1. 3. 3. 5. 6. 7. 8. 0. 0. 0.]
 [1. 1. 3. 4. 5. 6. 7. 8. 0. 0.]
 [1. 1. 2. 3. 4. 5. 6. 7. 8. 0.]]
Centroid : {1: (1.4, 0.8), 5: (3.8333333333333335, 2.5), 3: (2.5, 2.0), 2: (2.0, 1.5), 4: (3.0, 2.5), 8: (7.0, 2.0), 7: (5.666666666666667, 2.5), 6: (5.0, 2.2), 9: (5.0, 5.0)}
Repeat number : 9
Original weight : [6.47, 14.96, 5.13, 12.11, 9.25, 13.53, 23.15, 22.81, 12.44, 21.62, 15.22, 14.54, 9.25, 17.42, 16.6, 10.28, 16.74, 10.58, 10.26, 22.03, 6.55, 19.4, 5.41, 18.54, 20.9, 23.99, 16.66, 10.55, 21.36, 21.87, 22.82, 17.21, 12.25, 20.53, 16.31, 20.3, 17.94, 16.92, 9.98, 7.05]
Group : [0, 0, 0, 0, 0, 0, 0, 0, 0, 0, 0, 0, 0, 0, 0, 0, 0, 0, 0, 0, 0, 0, 0, 0, 0, 0, 0, 0, 0, 0, 0, 0, 0, 0, 0, 0, 0, 0, 0, 0]
Sequence : [1, 2, 3, 4, 5, 6, 7, 8, 9, 10, 11, 12, 13, 14, 15, 16, 17, 18, 19, 20, 21, 22, 23, 24, 25, 26, 27, 28, 29, 30, 31, 32, 33, 34, 35, 36, 37, 38, 39, 40]
Scroe : [6.47, 14.96, 5.13, 12.11, 9.25, 13.53, 23.15, 22.81, 12.44, 21.62, 15.22, 14.54, 9.25, 17.42, 16.6, 10.28, 16.74, 10.58, 10.26, 22.03, 6.55, 19.4, 5.41, 18.54, 20.9, 23.99, 16.66, 10.55, 21.36, 21.87, 22.82, 17.21, 12.25, 20.53, 16.31, 20.3, 17.94, 16.92, 9.98, 7.05]
Time taken to solve the MIP model : 4.3217 seconds
---------------------------------
solution for: IP model
objective: 66.0667
x_1_4_0=1
x_2_4_1=1
x_3_3_0=1
x_4_3_1=1
x_5_2_0=1
x_6_3_2=1
x_7_7_0=1
x_8_7_1=1
x_9_3_3=1
x_10_6_0=1
x_11_4_2=1
x_12_3_4=1
x_13_2_1=1
x_14_5_0=1
x_15_4_3=1
x_16_2_2=1
x_17_4_4=1
x_18_2_3=1
x_19_2_4=1
x_20_7_2=1
x_21_1_0=1
x_22_6_1=1
x_23_1_1=1
x_24_5_1=1
x_25_7_3=1
x_26_4_5=1
x_27_2_5=1
x_28_1_2=1
x_29_6_2=1
x_30_8_0=1
x_31_8_1=1
x_32_5_2=1
x_33_3_5=1
x_34_6_3=1
x_35_5_3=1
x_36_6_4=1
x_37_5_4=1
x_38_5_5=1
x_39_1_3=1
x_40_1_4=1
r_1_0=1
r_1_1=1
r_1_2=1
r_1_3=1
r_1_4=1
r_2_0=1
r_2_1=1
r_2_2=1
r_2_3=1
r_2_4=1
r_2_5=1
r_3_0=1
r_3_1=1
r_3_2=1
r_3_3=1
r_3_4=1
r_3_5=1
r_4_0=1
r_4_1=1
r_4_2=1
r_4_3=1
r_4_4=1
r_4_5=1
r_5_0=1
r_5_1=1
r_5_2=1
r_5_3=1
r_5_4=1
r_5_5=1
r_6_0=1
r_6_1=1
r_6_2=1
r_6_3=1
r_6_4=1
r_7_0=1
r_7_1=1
r_7_2=1
r_7_3=1
d_1=3.400
d_2=1.667
d_3=2.400
d_4=1.500
d_5=1.500
d_6=0.500
d_7=2.000
d_8=1.000
d_9=0.500
d_10=2.833
d_11=0.667
d_12=1.500
d_13=0.500
d_14=2.200
d_15=0.667
d_16=0.500
d_17=1.667
d_18=1.500
d_19=2.500
d_21=1.200
d_22=1.833
d_23=0.600
d_24=1.200
d_25=1.833
d_26=1.000
d_27=4.333
d_28=1.500
d_29=0.833
d_30=3.000
d_31=2.000
d_32=0.200
d_33=2.500
d_34=0.833
d_35=1.667
d_36=1.833
d_37=1.800
d_38=2.800
d_39=2.500
d_40=3.600
d_x_1=2.600
d_x_2=0.167
d_x_3=1.600
d_x_4=0.500
d_x_10=0.333
d_x_11=0.167
d_x_15=0.167
d_x_16=0.500
d_x_17=0.167
d_x_18=0.500
d_x_19=0.500
d_x_21=0.400
d_x_22=0.333
d_x_23=0.400
d_x_25=1.333
d_x_26=1.000
d_x_27=1.833
d_x_28=1.500
d_x_29=0.333
d_x_30=1.000
d_x_31=1.000
d_x_34=0.333
d_x_35=1.167
d_x_36=0.333
d_x_39=1.500
d_x_40=0.400
d_y_1=0.800
d_y_2=1.500
d_y_3=0.800
d_y_4=1.000
d_y_5=1.500
d_y_6=0.500
d_y_7=2.000
d_y_8=1.000
d_y_9=0.500
d_y_10=2.500
d_y_11=0.500
d_y_12=1.500
d_y_13=0.500
d_y_14=2.200
d_y_15=0.500
d_y_17=1.500
d_y_18=1.000
d_y_19=2.000
d_y_21=0.800
d_y_22=1.500
d_y_23=0.200
d_y_24=1.200
d_y_25=0.500
d_y_27=2.500
d_y_29=0.500
d_y_30=2.000
d_y_31=1.000
d_y_32=0.200
d_y_33=2.500
d_y_34=0.500
d_y_35=0.500
d_y_36=1.500
d_y_37=1.800
d_y_38=2.800
d_y_39=1.000
d_y_40=3.200
