Number of initial container : 0
Number of new container : 40
Total number of containers : 40
Level_num : 9
Container_level : [4, 5, 8, 8, 2, 8, 4, 5, 1, 4, 6, 5, 4, 5, 1, 2, 7, 8, 8, 1, 3, 6, 9, 8, 3, 8, 7, 4, 7, 5, 6, 3, 3, 5, 7, 8, 6, 4, 5, 7]
ideal_configuration : 
 [[5. 5. 7. 8. 9. 0. 0. 0. 0. 0.]
 [4. 5. 6. 7. 8. 0. 0. 0. 0. 0.]
 [3. 4. 5. 6. 7. 8. 0. 0. 0. 0.]
 [2. 3. 4. 5. 6. 7. 8. 0. 0. 0.]
 [1. 2. 3. 4. 5. 6. 8. 8. 0. 0.]
 [1. 1. 3. 4. 4. 5. 7. 8. 8. 0.]]
Centroid : {4: (3.1666666666666665, 1.6666666666666667), 5: (3.2857142857142856, 2.857142857142857), 8: (6.75, 2.0), 2: (1.5, 1.5), 1: (1.3333333333333333, 0.3333333333333333), 6: (4.5, 2.5), 7: (5.0, 2.8), 3: (2.25, 1.5), 9: (5.0, 5.0)}
Repeat number : 18
Original weight : [13.26, 15.99, 22.84, 21.99, 8.94, 21.9, 13.97, 15.08, 5.02, 13.35, 16.63, 15.92, 11.9, 14.58, 5.04, 8.62, 20.78, 22.93, 22.4, 6.08, 10.46, 17.99, 23.28, 21.38, 10.49, 21.93, 19.31, 12.03, 20.98, 15.5, 18.48, 11.73, 11.79, 15.31, 20.44, 21.58, 18.47, 13.78, 15.4, 19.96]
Group : [0, 0, 0, 0, 0, 0, 0, 0, 0, 0, 0, 0, 0, 0, 0, 0, 0, 0, 0, 0, 0, 0, 0, 0, 0, 0, 0, 0, 0, 0, 0, 0, 0, 0, 0, 0, 0, 0, 0, 0]
Sequence : [1, 2, 3, 4, 5, 6, 7, 8, 9, 10, 11, 12, 13, 14, 15, 16, 17, 18, 19, 20, 21, 22, 23, 24, 25, 26, 27, 28, 29, 30, 31, 32, 33, 34, 35, 36, 37, 38, 39, 40]
Scroe : [13.26, 15.99, 22.84, 21.99, 8.94, 21.9, 13.97, 15.08, 5.02, 13.35, 16.63, 15.92, 11.9, 14.58, 5.04, 8.62, 20.78, 22.93, 22.4, 6.08, 10.46, 17.99, 23.28, 21.38, 10.49, 21.93, 19.31, 12.03, 20.98, 15.5, 18.48, 11.73, 11.79, 15.31, 20.44, 21.58, 18.47, 13.78, 15.4, 19.96]
Time taken to solve the MIP model : 6.3045 seconds
---------------------------------
solution for: IP model
objective: 69.5
x_1_3_0=1
x_2_5_0=1
x_3_6_0=1
x_4_6_1=1
x_5_3_1=1
x_6_6_2=1
x_7_3_2=1
x_8_3_3=1
x_9_1_0=1
x_10_5_1=1
x_11_6_3=1
x_12_3_4=1
x_13_4_0=1
x_14_3_5=1
x_15_1_1=1
x_16_1_2=1
x_17_6_4=1
x_18_7_0=1
x_19_8_0=1
x_20_2_0=1
x_21_1_3=1
x_22_5_2=1
x_23_6_5=1
x_24_7_1=1
x_25_2_1=1
x_26_7_2=1
x_27_7_3=1
x_28_4_1=1
x_29_5_3=1
x_30_1_4=1
x_31_4_2=1
x_32_2_2=1
x_33_2_3=1
x_34_4_3=1
x_35_5_4=1
x_36_8_1=1
x_37_4_4=1
x_38_2_4=1
x_39_4_5=1
x_40_5_5=1
r_1_0=1
r_1_1=1
r_1_2=1
r_1_3=1
r_1_4=1
r_2_1=1
r_2_2=1
r_2_3=1
r_2_4=1
r_3_0=1
r_3_1=1
r_3_2=1
r_3_3=1
r_3_4=1
r_3_5=1
r_4_0=1
r_4_1=1
r_4_2=1
r_4_3=1
r_4_4=1
r_4_5=1
r_5_0=1
r_5_1=1
r_5_2=1
r_5_3=1
r_5_4=1
r_5_5=1
r_6_0=1
r_6_1=1
r_6_2=1
r_6_3=1
r_6_4=1
r_6_5=1
r_7_0=1
r_7_1=1
r_7_2=1
r_7_3=1
r_8_0=1
r_8_1=1
d_1=1.833
d_2=4.571
d_3=2.750
d_4=1.750
d_5=2.000
d_6=0.750
d_7=0.500
d_8=0.429
d_9=0.667
d_10=2.500
d_11=2.000
d_12=1.429
d_13=2.500
d_14=2.429
d_15=1.000
d_16=1.000
d_17=2.200
d_18=2.250
d_19=3.250
d_20=1.000
d_21=2.750
d_22=1.000
d_23=1.000
d_24=1.250
d_25=0.750
d_26=0.250
d_27=2.200
d_28=1.500
d_29=0.200
d_30=3.429
d_31=1.000
d_32=0.750
d_33=1.750
d_34=0.857
d_35=1.200
d_36=2.250
d_37=2.000
d_38=3.500
d_39=2.857
d_40=2.200
d_x_1=0.167
d_x_2=1.714
d_x_3=0.750
d_x_4=0.750
d_x_5=1.500
d_x_6=0.750
d_x_7=0.167
d_x_8=0.286
d_x_9=0.333
d_x_10=1.833
d_x_11=1.500
d_x_12=0.286
d_x_13=0.833
d_x_14=0.286
d_x_15=0.333
d_x_16=0.500
d_x_17=1.000
d_x_18=0.250
d_x_19=1.250
d_x_20=0.667
d_x_21=1.250
d_x_22=0.500
d_x_23=1.000
d_x_24=0.250
d_x_25=0.250
d_x_26=0.250
d_x_27=2.000
d_x_28=0.833
d_x_30=2.286
d_x_31=0.500
d_x_32=0.250
d_x_33=0.250
d_x_34=0.714
d_x_36=1.250
d_x_37=0.500
d_x_38=1.167
d_x_39=0.714
d_y_1=1.667
d_y_2=2.857
d_y_3=2.000
d_y_4=1.000
d_y_5=0.500
d_y_7=0.333
d_y_8=0.143
d_y_9=0.333
d_y_10=0.667
d_y_11=0.500
d_y_12=1.143
d_y_13=1.667
d_y_14=2.143
d_y_15=0.667
d_y_16=0.500
d_y_17=1.200
d_y_18=2.000
d_y_19=2.000
d_y_20=0.333
d_y_21=1.500
d_y_22=0.500
d_y_24=1.000
d_y_25=0.500
d_y_27=0.200
d_y_28=0.667
d_y_29=0.200
d_y_30=1.143
d_y_31=0.500
d_y_32=0.500
d_y_33=1.500
d_y_34=0.143
d_y_35=1.200
d_y_36=1.000
d_y_37=1.500
d_y_38=2.333
d_y_39=2.143
d_y_40=2.200
