Number of initial container : 0
Number of new container : 40
Total number of containers : 40
Level_num : 9
Container_level : [3, 2, 6, 7, 5, 5, 2, 7, 6, 3, 4, 3, 7, 4, 6, 2, 4, 6, 1, 1, 8, 3, 7, 1, 1, 8, 7, 8, 5, 1, 1, 9, 2, 5, 8, 5, 7, 5, 4, 5]
ideal_configuration : 
 [[4. 5. 6. 7. 9. 0. 0. 0. 0. 0.]
 [3. 4. 5. 6. 7. 0. 0. 0. 0. 0.]
 [2. 3. 4. 5. 7. 8. 0. 0. 0. 0.]
 [1. 2. 3. 5. 5. 7. 8. 0. 0. 0.]
 [1. 1. 2. 3. 5. 6. 7. 8. 0. 0.]
 [1. 1. 1. 2. 4. 5. 6. 7. 8. 0.]]
Centroid : {3: (2.5, 2.5), 2: (2.5, 1.5), 6: (5.0, 2.5), 7: (5.833333333333333, 2.5), 5: (4.142857142857143, 2.4285714285714284), 4: (2.75, 3.0), 1: (1.6666666666666667, 0.6666666666666666), 8: (7.5, 1.5), 9: (5.0, 5.0)}
Repeat number : 1
Original weight : [12.0, 9.88, 18.9, 20.04, 15.28, 15.09, 8.41, 19.44, 18.44, 11.8, 14.63, 11.12, 19.36, 13.83, 18.88, 9.73, 14.26, 17.03, 6.84, 6.53, 21.68, 11.76, 20.34, 8.16, 6.62, 21.43, 20.79, 22.26, 16.3, 5.98, 8.15, 23.49, 8.66, 16.09, 22.88, 16.68, 19.59, 15.11, 13.28, 15.12]
Group : [0, 0, 0, 0, 0, 0, 0, 0, 0, 0, 0, 0, 0, 0, 0, 0, 0, 0, 0, 0, 0, 0, 0, 0, 0, 0, 0, 0, 0, 0, 0, 0, 0, 0, 0, 0, 0, 0, 0, 0]
Sequence : [1, 2, 3, 4, 5, 6, 7, 8, 9, 10, 11, 12, 13, 14, 15, 16, 17, 18, 19, 20, 21, 22, 23, 24, 25, 26, 27, 28, 29, 30, 31, 32, 33, 34, 35, 36, 37, 38, 39, 40]
Scroe : [12.0, 9.88, 18.9, 20.04, 15.28, 15.09, 8.41, 19.44, 18.44, 11.8, 14.63, 11.12, 19.36, 13.83, 18.88, 9.73, 14.26, 17.03, 6.84, 6.53, 21.68, 11.76, 20.34, 8.16, 6.62, 21.43, 20.79, 22.26, 16.3, 5.98, 8.15, 23.49, 8.66, 16.09, 22.88, 16.68, 19.59, 15.11, 13.28, 15.12]
Time taken to solve the MIP model : 6.0824 seconds
---------------------------------
solution for: IP model
objective: 67.6905
x_1_3_0=1
x_2_2_0=1
x_3_6_0=1
x_4_6_1=1
x_5_5_0=1
x_6_5_1=1
x_7_3_1=1
x_8_6_2=1
x_9_5_2=1
x_10_3_2=1
x_11_3_3=1
x_12_2_1=1
x_13_6_3=1
x_14_3_4=1
x_15_5_3=1
x_16_2_2=1
x_17_3_5=1
x_18_5_4=1
x_19_1_0=1
x_20_1_1=1
x_21_7_0=1
x_22_2_3=1
x_23_6_4=1
x_24_1_2=1
x_25_4_0=1
x_26_7_1=1
x_27_7_2=1
x_28_8_0=1
x_29_4_1=1
x_30_1_3=1
x_31_1_4=1
x_32_5_5=1
x_33_2_4=1
x_34_4_2=1
x_35_8_1=1
x_36_4_3=1
x_37_7_3=1
x_38_4_4=1
x_39_2_5=1
x_40_4_5=1
r_1_0=1
r_1_1=1
r_1_2=1
r_1_3=1
r_1_4=1
r_2_0=1
r_2_1=1
r_2_2=1
r_2_3=1
r_2_4=1
r_2_5=1
r_3_0=1
r_3_1=1
r_3_2=1
r_3_3=1
r_3_4=1
r_3_5=1
r_4_0=1
r_4_1=1
r_4_2=1
r_4_3=1
r_4_4=1
r_4_5=1
r_5_0=1
r_5_1=1
r_5_2=1
r_5_3=1
r_5_4=1
r_5_5=1
r_6_1=1
r_6_2=1
r_6_3=1
r_6_4=1
r_7_0=1
r_7_1=1
r_7_2=1
r_7_3=1
d_1=3.000
d_2=2.000
d_3=3.500
d_4=1.667
d_5=3.286
d_6=2.286
d_7=1.000
d_8=0.667
d_9=0.500
d_10=1.000
d_11=0.250
d_12=2.000
d_13=0.667
d_14=1.250
d_15=0.500
d_16=1.000
d_17=2.250
d_18=1.500
d_19=1.333
d_20=1.000
d_21=2.000
d_22=1.000
d_23=1.667
d_24=2.000
d_25=3.000
d_26=1.000
d_27=1.667
d_28=2.000
d_29=1.571
d_30=3.000
d_31=4.000
d_33=3.000
d_34=0.571
d_35=1.000
d_36=0.714
d_37=1.667
d_38=1.714
d_39=2.750
d_40=2.714
d_x_1=0.500
d_x_2=0.500
d_x_3=1.000
d_x_4=0.167
d_x_5=0.857
d_x_6=0.857
d_x_7=0.500
d_x_8=0.167
d_x_10=0.500
d_x_11=0.250
d_x_12=0.500
d_x_13=0.167
d_x_14=0.250
d_x_16=0.500
d_x_17=0.250
d_x_19=0.667
d_x_20=0.667
d_x_21=0.500
d_x_22=0.500
d_x_23=0.167
d_x_24=0.667
d_x_25=2.333
d_x_26=0.500
d_x_27=1.167
d_x_28=0.500
d_x_29=0.143
d_x_30=0.667
d_x_31=0.667
d_x_33=0.500
d_x_34=0.143
d_x_35=0.500
d_x_36=0.143
d_x_37=1.167
d_x_38=0.143
d_x_39=0.750
d_x_40=0.143
d_y_1=2.500
d_y_2=1.500
d_y_3=2.500
d_y_4=1.500
d_y_5=2.429
d_y_6=1.429
d_y_7=0.500
d_y_8=0.500
d_y_9=0.500
d_y_10=0.500
d_y_12=1.500
d_y_13=0.500
d_y_14=1.000
d_y_15=0.500
d_y_16=0.500
d_y_17=2.000
d_y_18=1.500
d_y_19=0.667
d_y_20=0.333
d_y_21=1.500
d_y_22=0.500
d_y_23=1.500
d_y_24=1.333
d_y_25=0.667
d_y_26=0.500
d_y_27=0.500
d_y_28=1.500
d_y_29=1.429
d_y_30=2.333
d_y_31=3.333
d_y_33=2.500
d_y_34=0.429
d_y_35=0.500
d_y_36=0.571
d_y_37=0.500
d_y_38=1.571
d_y_39=2.000
d_y_40=2.571
