Number of initial container : 0
Number of new container : 40
Total number of containers : 40
Level_num : 9
Container_level : [1, 5, 3, 1, 7, 1, 4, 2, 6, 3, 3, 1, 2, 3, 6, 7, 2, 8, 3, 6, 5, 3, 1, 8, 8, 6, 4, 2, 1, 5, 9, 8, 4, 8, 3, 2, 8, 2, 8, 1]
ideal_configuration : 
 [[3. 4. 6. 8. 9. 0. 0. 0. 0. 0.]
 [2. 3. 4. 6. 8. 0. 0. 0. 0. 0.]
 [1. 2. 3. 5. 6. 8. 0. 0. 0. 0.]
 [1. 2. 2. 3. 5. 7. 8. 0. 0. 0.]
 [1. 1. 2. 3. 3. 5. 7. 8. 0. 0.]
 [1. 1. 1. 2. 3. 4. 6. 8. 8. 0.]]
Centroid : {1: (1.5714285714285714, 1.0), 5: (5.0, 2.0), 3: (3.4285714285714284, 2.2857142857142856), 7: (6.5, 1.5), 4: (3.6666666666666665, 3.0), 2: (2.5, 2.0), 6: (4.75, 3.0), 8: (6.714285714285714, 2.142857142857143), 9: (5.0, 5.0)}
Repeat number : 3
Original weight : [6.9, 15.55, 12.05, 5.33, 19.77, 5.87, 13.93, 7.99, 18.18, 12.17, 10.51, 6.49, 8.39, 9.95, 19.12, 21.33, 8.37, 23.71, 10.48, 17.27, 16.02, 11.7, 5.28, 22.17, 21.98, 17.54, 13.76, 9.41, 7.59, 16.61, 23.92, 23.09, 13.81, 22.6, 10.06, 9.66, 22.66, 9.77, 22.64, 6.5]
Group : [0, 0, 0, 0, 0, 0, 0, 0, 0, 0, 0, 0, 0, 0, 0, 0, 0, 0, 0, 0, 0, 0, 0, 0, 0, 0, 0, 0, 0, 0, 0, 0, 0, 0, 0, 0, 0, 0, 0, 0]
Sequence : [1, 2, 3, 4, 5, 6, 7, 8, 9, 10, 11, 12, 13, 14, 15, 16, 17, 18, 19, 20, 21, 22, 23, 24, 25, 26, 27, 28, 29, 30, 31, 32, 33, 34, 35, 36, 37, 38, 39, 40]
Scroe : [6.9, 15.55, 12.05, 5.33, 19.77, 5.87, 13.93, 7.99, 18.18, 12.17, 10.51, 6.49, 8.39, 9.95, 19.12, 21.33, 8.37, 23.71, 10.48, 17.27, 16.02, 11.7, 5.28, 22.17, 21.98, 17.54, 13.76, 9.41, 7.59, 16.61, 23.92, 23.09, 13.81, 22.6, 10.06, 9.66, 22.66, 9.77, 22.64, 6.5]
Time taken to solve the MIP model : 9.6498 seconds
---------------------------------
solution for: IP model
objective: 68.2143
x_1_2_0=1
x_2_5_0=1
x_3_4_0=1
x_4_2_1=1
x_5_6_0=1
x_6_3_0=1
x_7_4_1=1
x_8_2_2=1
x_9_5_1=1
x_10_4_2=1
x_11_4_3=1
x_12_3_1=1
x_13_2_3=1
x_14_3_2=1
x_15_4_4=1
x_16_6_1=1
x_17_2_4=1
x_18_6_2=1
x_19_3_3=1
x_20_6_3=1
x_21_5_2=1
x_22_3_4=1
x_23_1_0=1
x_24_8_0=1
x_25_7_0=1
x_26_5_3=1
x_27_5_4=1
x_28_2_5=1
x_29_1_1=1
x_30_6_4=1
x_31_5_5=1
x_32_8_1=1
x_33_4_5=1
x_34_7_1=1
x_35_3_5=1
x_36_1_2=1
x_37_7_2=1
x_38_1_3=1
x_39_7_3=1
x_40_1_4=1
r_1_1=1
r_1_2=1
r_1_3=1
r_1_4=1
r_2_0=1
r_2_1=1
r_2_2=1
r_2_3=1
r_2_4=1
r_2_5=1
r_3_0=1
r_3_1=1
r_3_2=1
r_3_3=1
r_3_4=1
r_3_5=1
r_4_0=1
r_4_1=1
r_4_2=1
r_4_3=1
r_4_4=1
r_4_5=1
r_5_0=1
r_5_1=1
r_5_2=1
r_5_3=1
r_5_4=1
r_5_5=1
r_6_0=1
r_6_1=1
r_6_2=1
r_6_3=1
r_6_4=1
r_7_0=1
r_7_1=1
r_7_2=1
r_7_3=1
r_8_0=1
r_8_1=1
d_1=1.429
d_2=2.000
d_3=2.857
d_4=0.429
d_5=2.000
d_6=2.429
d_7=2.333
d_8=0.500
d_9=2.250
d_10=0.857
d_11=1.286
d_12=1.429
d_13=1.500
d_14=0.714
d_15=1.750
d_16=1.000
d_17=2.500
d_18=0.857
d_19=1.143
d_20=1.250
d_22=2.143
d_23=1.571
d_24=3.429
d_25=2.429
d_26=0.250
d_27=2.333
d_28=3.500
d_29=0.571
d_30=3.000
d_32=2.429
d_33=2.333
d_34=1.429
d_35=3.143
d_36=1.500
d_37=0.429
d_38=2.500
d_39=1.143
d_40=3.571
d_x_1=0.429
d_x_3=0.571
d_x_4=0.429
d_x_5=0.500
d_x_6=1.429
d_x_7=0.333
d_x_8=0.500
d_x_9=0.250
d_x_10=0.571
d_x_11=0.571
d_x_12=1.429
d_x_13=0.500
d_x_14=0.429
d_x_15=0.750
d_x_16=0.500
d_x_17=0.500
d_x_18=0.714
d_x_19=0.429
d_x_20=1.250
d_x_22=0.429
d_x_23=0.571
d_x_24=1.286
d_x_25=0.286
d_x_26=0.250
d_x_27=1.333
d_x_28=0.500
d_x_29=0.571
d_x_30=1.000
d_x_32=1.286
d_x_33=0.333
d_x_34=0.286
d_x_35=0.429
d_x_36=1.500
d_x_37=0.286
d_x_38=1.500
d_x_39=0.286
d_x_40=0.571
d_y_1=1.000
d_y_2=2.000
d_y_3=2.286
d_y_5=1.500
d_y_6=1.000
d_y_7=2.000
d_y_9=2.000
d_y_10=0.286
d_y_11=0.714
d_y_13=1.000
d_y_14=0.286
d_y_15=1.000
d_y_16=0.500
d_y_17=2.000
d_y_18=0.143
d_y_19=0.714
d_y_22=1.714
d_y_23=1.000
d_y_24=2.143
d_y_25=2.143
d_y_27=1.000
d_y_28=3.000
d_y_30=2.000
d_y_32=1.143
d_y_33=2.000
d_y_34=1.143
d_y_35=2.714
d_y_37=0.143
d_y_38=1.000
d_y_39=0.857
d_y_40=3.000
