Number of initial container : 0
Number of new container : 40
Total number of containers : 40
Level_num : 9
Container_level : [1, 4, 7, 4, 9, 8, 4, 7, 2, 4, 1, 4, 2, 4, 4, 8, 2, 8, 7, 1, 7, 2, 8, 6, 8, 1, 7, 8, 6, 3, 2, 2, 2, 7, 2, 1, 3, 7, 4, 2]
ideal_configuration : 
 [[3. 4. 7. 8. 9. 0. 0. 0. 0. 0.]
 [2. 4. 4. 7. 8. 0. 0. 0. 0. 0.]
 [2. 2. 4. 4. 7. 8. 0. 0. 0. 0.]
 [1. 2. 2. 4. 6. 7. 8. 0. 0. 0.]
 [1. 1. 2. 2. 4. 6. 7. 8. 0. 0.]
 [1. 1. 2. 2. 3. 4. 7. 7. 8. 0.]]
Centroid : {1: (1.4, 0.8), 4: (3.625, 2.75), 7: (5.714285714285714, 2.142857142857143), 9: (5.0, 5.0), 8: (6.5, 2.5), 2: (2.5555555555555554, 1.7777777777777777), 6: (5.5, 1.5), 3: (3.0, 2.5)}
Repeat number : 4
Original weight : [5.89, 14.0, 20.01, 14.3, 23.84, 21.85, 12.88, 21.29, 9.66, 13.41, 7.7, 13.92, 10.13, 13.12, 14.09, 23.23, 10.09, 22.81, 20.66, 6.81, 20.43, 9.86, 23.1, 18.37, 21.84, 6.58, 19.78, 23.77, 18.07, 10.95, 10.1, 9.35, 9.82, 20.79, 8.41, 8.09, 10.88, 20.48, 14.01, 9.36]
Group : [0, 0, 0, 0, 0, 0, 0, 0, 0, 0, 0, 0, 0, 0, 0, 0, 0, 0, 0, 0, 0, 0, 0, 0, 0, 0, 0, 0, 0, 0, 0, 0, 0, 0, 0, 0, 0, 0, 0, 0]
Sequence : [1, 2, 3, 4, 5, 6, 7, 8, 9, 10, 11, 12, 13, 14, 15, 16, 17, 18, 19, 20, 21, 22, 23, 24, 25, 26, 27, 28, 29, 30, 31, 32, 33, 34, 35, 36, 37, 38, 39, 40]
Scroe : [5.89, 14.0, 20.01, 14.3, 23.84, 21.85, 12.88, 21.29, 9.66, 13.41, 7.7, 13.92, 10.13, 13.12, 14.09, 23.23, 10.09, 22.81, 20.66, 6.81, 20.43, 9.86, 23.1, 18.37, 21.84, 6.58, 19.78, 23.77, 18.07, 10.95, 10.1, 9.35, 9.82, 20.79, 8.41, 8.09, 10.88, 20.48, 14.01, 9.36]
Time taken to solve the MIP model : 9.0368 seconds
---------------------------------
solution for: IP model
objective: 76.5849
x_1_5_0=1
x_2_5_1=1
x_3_5_2=1
x_4_5_3=1
x_5_5_4=1
x_6_7_0=1
x_7_4_0=1
x_8_6_0=1
x_9_4_1=1
x_10_4_2=1
x_11_1_0=1
x_12_4_3=1
x_13_3_0=1
x_14_4_4=1
x_15_4_5=1
x_16_8_0=1
x_17_3_1=1
x_18_8_1=1
x_19_7_1=1
x_20_2_0=1
x_21_8_2=1
x_22_3_2=1
x_23_7_2=1
x_24_6_1=1
x_25_7_3=1
x_26_1_1=1
x_27_6_2=1
x_28_7_4=1
x_29_9_0=1
x_30_3_3=1
x_31_2_1=1
x_32_2_2=1
x_33_2_3=1
x_34_6_3=1
x_35_1_2=1
x_36_1_3=1
x_37_3_4=1
x_38_6_4=1
x_39_3_5=1
x_40_2_4=1
r_1_0=1
r_1_1=1
r_1_2=1
r_1_3=1
r_2_0=1
r_2_1=1
r_2_2=1
r_2_3=1
r_2_4=1
r_3_0=1
r_3_1=1
r_3_2=1
r_3_3=1
r_3_4=1
r_3_5=1
r_4_0=1
r_4_1=1
r_4_2=1
r_4_3=1
r_4_4=1
r_4_5=1
r_5_0=1
r_5_1=1
r_5_2=1
r_5_3=1
r_5_4=1
r_6_0=1
r_6_1=1
r_6_2=1
r_6_3=1
r_6_4=1
r_7_0=1
r_7_1=1
r_7_2=1
r_7_3=1
r_7_4=1
r_8_0=1
r_8_1=1
r_8_2=1
r_9_0=1
d_1=4.400
d_2=3.125
d_3=0.857
d_4=1.625
d_5=1.000
d_6=3.000
d_7=3.125
d_8=2.429
d_9=2.222
d_10=1.125
d_11=1.200
d_12=0.625
d_13=2.222
d_14=1.625
d_15=2.625
d_16=4.000
d_17=1.222
d_18=3.000
d_19=2.429
d_20=1.400
d_21=2.429
d_22=0.667
d_23=1.000
d_24=1.000
d_25=1.000
d_26=0.600
d_27=0.429
d_28=2.000
d_29=5.000
d_30=0.500
d_31=1.333
d_32=0.778
d_33=1.778
d_34=1.143
d_35=1.778
d_36=2.600
d_37=1.500
d_38=2.143
d_39=2.875
d_40=2.778
d_x_1=3.600
d_x_2=1.375
d_x_3=0.714
d_x_4=1.375
d_x_6=0.500
d_x_7=0.375
d_x_8=0.286
d_x_9=1.444
d_x_10=0.375
d_x_11=0.400
d_x_12=0.375
d_x_13=0.444
d_x_14=0.375
d_x_15=0.375
d_x_16=1.500
d_x_17=0.444
d_x_18=1.500
d_x_19=1.286
d_x_20=0.600
d_x_21=2.286
d_x_22=0.444
d_x_23=0.500
d_x_24=0.500
d_x_25=0.500
d_x_26=0.400
d_x_27=0.286
d_x_28=0.500
d_x_29=3.500
d_x_31=0.556
d_x_32=0.556
d_x_33=0.556
d_x_34=0.286
d_x_35=1.556
d_x_36=0.400
d_x_38=0.286
d_x_39=0.625
d_x_40=0.556
d_y_1=0.800
d_y_2=1.750
d_y_3=0.143
d_y_4=0.250
d_y_5=1.000
d_y_6=2.500
d_y_7=2.750
d_y_8=2.143
d_y_9=0.778
d_y_10=0.750
d_y_11=0.800
d_y_12=0.250
d_y_13=1.778
d_y_14=1.250
d_y_15=2.250
d_y_16=2.500
d_y_17=0.778
d_y_18=1.500
d_y_19=1.143
d_y_20=0.800
d_y_21=0.143
d_y_22=0.222
d_y_23=0.500
d_y_24=0.500
d_y_25=0.500
d_y_26=0.200
d_y_27=0.143
d_y_28=1.500
d_y_29=1.500
d_y_30=0.500
d_y_31=0.778
d_y_32=0.222
d_y_33=1.222
d_y_34=0.857
d_y_35=0.222
d_y_36=2.200
d_y_37=1.500
d_y_38=1.857
d_y_39=2.250
d_y_40=2.222
