Number of initial container : 0
Number of new container : 40
Total number of containers : 40
Level_num : 9
Container_level : [1, 4, 7, 5, 4, 4, 5, 9, 5, 2, 1, 4, 4, 6, 3, 5, 1, 5, 1, 8, 4, 6, 4, 6, 6, 4, 7, 4, 1, 8, 1, 8, 6, 7, 5, 8, 2, 5, 5, 7]
ideal_configuration : 
 [[4. 5. 6. 7. 9. 0. 0. 0. 0. 0.]
 [4. 4. 5. 6. 7. 0. 0. 0. 0. 0.]
 [2. 4. 4. 5. 6. 8. 0. 0. 0. 0.]
 [1. 2. 4. 5. 5. 6. 8. 0. 0. 0.]
 [1. 1. 3. 4. 5. 5. 7. 8. 0. 0.]
 [1. 1. 1. 4. 4. 5. 6. 7. 8. 0.]]
Centroid : {1: (1.6666666666666667, 0.6666666666666666), 4: (2.7777777777777777, 2.4444444444444446), 7: (6.0, 2.5), 5: (4.375, 2.25), 9: (5.0, 5.0), 2: (1.5, 2.5), 6: (5.0, 2.8), 3: (3.0, 1.0), 8: (7.5, 1.5)}
Repeat number : 22
Original weight : [6.32, 12.33, 20.03, 16.25, 13.59, 12.17, 15.11, 22.89, 15.91, 7.97, 6.76, 13.27, 12.29, 16.96, 11.77, 14.91, 7.54, 15.33, 5.51, 21.45, 12.69, 17.94, 12.66, 17.04, 16.87, 12.98, 18.68, 13.3, 7.02, 21.53, 7.21, 21.83, 16.44, 20.03, 15.42, 22.67, 9.35, 15.58, 14.68, 20.14]
Group : [0, 0, 0, 0, 0, 0, 0, 0, 0, 0, 0, 0, 0, 0, 0, 0, 0, 0, 0, 0, 0, 0, 0, 0, 0, 0, 0, 0, 0, 0, 0, 0, 0, 0, 0, 0, 0, 0, 0, 0]
Sequence : [1, 2, 3, 4, 5, 6, 7, 8, 9, 10, 11, 12, 13, 14, 15, 16, 17, 18, 19, 20, 21, 22, 23, 24, 25, 26, 27, 28, 29, 30, 31, 32, 33, 34, 35, 36, 37, 38, 39, 40]
Scroe : [6.32, 12.33, 20.03, 16.25, 13.59, 12.17, 15.11, 22.89, 15.91, 7.97, 6.76, 13.27, 12.29, 16.96, 11.77, 14.91, 7.54, 15.33, 5.51, 21.45, 12.69, 17.94, 12.66, 17.04, 16.87, 12.98, 18.68, 13.3, 7.02, 21.53, 7.21, 21.83, 16.44, 20.03, 15.42, 22.67, 9.35, 15.58, 14.68, 20.14]
Time taken to solve the MIP model : 7.0639 seconds
---------------------------------
solution for: IP model
objective: 70.5611
x_1_2_0=1
x_2_6_0=1
x_3_6_1=1
x_4_6_2=1
x_5_2_1=1
x_6_2_2=1
x_7_6_3=1
x_8_6_4=1
x_9_5_0=1
x_10_2_3=1
x_11_3_0=1
x_12_2_4=1
x_13_2_5=1
x_14_5_1=1
x_15_3_1=1
x_16_4_0=1
x_17_1_0=1
x_18_4_1=1
x_19_1_1=1
x_20_7_0=1
x_21_3_2=1
x_22_5_2=1
x_23_3_3=1
x_24_5_3=1
x_25_5_4=1
x_26_3_4=1
x_27_6_5=1
x_28_3_5=1
x_29_1_2=1
x_30_7_1=1
x_31_1_3=1
x_32_8_0=1
x_33_5_5=1
x_34_7_2=1
x_35_4_2=1
x_36_8_1=1
x_37_1_4=1
x_38_4_3=1
x_39_4_4=1
x_40_7_3=1
r_1_0=1
r_1_1=1
r_1_2=1
r_1_3=1
r_1_4=1
r_2_0=1
r_2_1=1
r_2_2=1
r_2_3=1
r_2_4=1
r_2_5=1
r_3_1=1
r_3_2=1
r_3_3=1
r_3_4=1
r_3_5=1
r_4_0=1
r_4_1=1
r_4_2=1
r_4_3=1
r_4_4=1
r_5_0=1
r_5_1=1
r_5_2=1
r_5_3=1
r_5_4=1
r_5_5=1
r_6_0=1
r_6_1=1
r_6_2=1
r_6_3=1
r_6_4=1
r_6_5=1
r_7_0=1
r_7_1=1
r_7_2=1
r_7_3=1
r_8_0=1
r_8_1=1
d_1=1.000
d_2=5.667
d_3=1.500
d_4=1.875
d_5=2.222
d_6=1.222
d_7=2.375
d_8=2.000
d_9=2.875
d_10=1.000
d_11=2.000
d_12=2.333
d_13=3.333
d_14=1.800
d_16=2.625
d_17=1.333
d_18=1.625
d_19=1.000
d_20=2.000
d_21=0.667
d_22=0.800
d_23=0.778
d_24=0.200
d_25=1.200
d_26=1.778
d_27=2.500
d_28=2.778
d_29=2.000
d_30=1.000
d_31=3.000
d_32=2.000
d_33=2.200
d_34=1.500
d_35=0.625
d_36=1.000
d_37=2.000
d_38=1.125
d_39=2.125
d_40=1.500
d_x_1=0.333
d_x_2=3.222
d_x_4=1.625
d_x_5=0.778
d_x_6=0.778
d_x_7=1.625
d_x_8=1.000
d_x_9=0.625
d_x_10=0.500
d_x_11=1.333
d_x_12=0.778
d_x_13=0.778
d_x_16=0.375
d_x_17=0.667
d_x_18=0.375
d_x_19=0.667
d_x_20=0.500
d_x_21=0.222
d_x_23=0.222
d_x_26=0.222
d_x_28=0.222
d_x_29=0.667
d_x_30=0.500
d_x_31=0.667
d_x_32=0.500
d_x_34=1.000
d_x_35=0.375
d_x_36=0.500
d_x_37=0.500
d_x_38=0.375
d_x_39=0.375
d_x_40=1.000
d_y_1=0.667
d_y_2=2.444
d_y_3=1.500
d_y_4=0.250
d_y_5=1.444
d_y_6=0.444
d_y_7=0.750
d_y_8=1.000
d_y_9=2.250
d_y_10=0.500
d_y_11=0.667
d_y_12=1.556
d_y_13=2.556
d_y_14=1.800
d_y_16=2.250
d_y_17=0.667
d_y_18=1.250
d_y_19=0.333
d_y_20=1.500
d_y_21=0.444
d_y_22=0.800
d_y_23=0.556
d_y_24=0.200
d_y_25=1.200
d_y_26=1.556
d_y_27=2.500
d_y_28=2.556
d_y_29=1.333
d_y_30=0.500
d_y_31=2.333
d_y_32=1.500
d_y_33=2.200
d_y_34=0.500
d_y_35=0.250
d_y_36=0.500
d_y_37=1.500
d_y_38=0.750
d_y_39=1.750
d_y_40=0.500
