Number of initial container : 0
Number of new container : 40
Total number of containers : 40
Level_num : 9
Container_level : [5, 6, 4, 4, 3, 1, 8, 2, 3, 1, 5, 8, 3, 3, 9, 6, 2, 1, 3, 7, 8, 4, 6, 7, 1, 6, 1, 4, 3, 5, 1, 3, 7, 7, 6, 4, 1, 5, 6, 3]
ideal_configuration : 
 [[3. 4. 6. 7. 9. 0. 0. 0. 0. 0.]
 [3. 3. 5. 6. 7. 0. 0. 0. 0. 0.]
 [1. 3. 4. 5. 6. 7. 0. 0. 0. 0.]
 [1. 2. 3. 4. 5. 6. 8. 0. 0. 0.]
 [1. 1. 2. 3. 4. 5. 6. 8. 0. 0.]
 [1. 1. 1. 3. 3. 4. 6. 7. 8. 0.]]
Centroid : {5: (4.5, 2.5), 6: (5.333333333333333, 2.5), 4: (4.0, 2.2), 3: (2.75, 2.375), 1: (1.5714285714285714, 1.0), 8: (8.0, 1.0), 2: (2.5, 1.5), 9: (5.0, 5.0), 7: (5.75, 3.0)}
Repeat number : 12
Original weight : [14.39, 18.29, 13.67, 12.2, 11.13, 6.81, 22.5, 7.76, 11.84, 5.42, 14.79, 22.37, 10.01, 11.4, 23.48, 18.19, 8.89, 5.12, 11.04, 20.99, 22.28, 12.55, 17.85, 20.29, 5.64, 16.6, 5.88, 12.69, 10.76, 16.16, 5.76, 10.01, 20.57, 20.67, 17.58, 12.08, 6.28, 14.61, 16.65, 10.43]
Group : [0, 0, 0, 0, 0, 0, 0, 0, 0, 0, 0, 0, 0, 0, 0, 0, 0, 0, 0, 0, 0, 0, 0, 0, 0, 0, 0, 0, 0, 0, 0, 0, 0, 0, 0, 0, 0, 0, 0, 0]
Sequence : [1, 2, 3, 4, 5, 6, 7, 8, 9, 10, 11, 12, 13, 14, 15, 16, 17, 18, 19, 20, 21, 22, 23, 24, 25, 26, 27, 28, 29, 30, 31, 32, 33, 34, 35, 36, 37, 38, 39, 40]
Scroe : [14.39, 18.29, 13.67, 12.2, 11.13, 6.81, 22.5, 7.76, 11.84, 5.42, 14.79, 22.37, 10.01, 11.4, 23.48, 18.19, 8.89, 5.12, 11.04, 20.99, 22.28, 12.55, 17.85, 20.29, 5.64, 16.6, 5.88, 12.69, 10.76, 16.16, 5.76, 10.01, 20.57, 20.67, 17.58, 12.08, 6.28, 14.61, 16.65, 10.43]
Time taken to solve the MIP model : 4.6355 seconds
---------------------------------
solution for: IP model
objective: 67.331
x_1_5_0=1
x_2_5_1=1
x_3_5_2=1
x_4_5_3=1
x_5_3_0=1
x_6_2_0=1
x_7_8_0=1
x_8_3_1=1
x_9_3_2=1
x_10_2_1=1
x_11_5_4=1
x_12_8_1=1
x_13_3_3=1
x_14_2_2=1
x_15_5_5=1
x_16_6_0=1
x_17_4_0=1
x_18_1_0=1
x_19_2_3=1
x_20_6_1=1
x_21_7_0=1
x_22_4_1=1
x_23_6_2=1
x_24_6_3=1
x_25_1_1=1
x_26_7_1=1
x_27_1_2=1
x_28_4_2=1
x_29_2_4=1
x_30_4_3=1
x_31_1_3=1
x_32_3_4=1
x_33_6_4=1
x_34_6_5=1
x_35_7_2=1
x_36_4_4=1
x_37_1_4=1
x_38_4_5=1
x_39_7_3=1
x_40_3_5=1
r_1_1=1
r_1_2=1
r_1_3=1
r_1_4=1
r_2_0=1
r_2_1=1
r_2_2=1
r_2_3=1
r_2_4=1
r_3_0=1
r_3_1=1
r_3_2=1
r_3_3=1
r_3_4=1
r_3_5=1
r_4_0=1
r_4_1=1
r_4_2=1
r_4_3=1
r_4_4=1
r_4_5=1
r_5_0=1
r_5_1=1
r_5_2=1
r_5_3=1
r_5_4=1
r_5_5=1
r_6_0=1
r_6_1=1
r_6_2=1
r_6_3=1
r_6_4=1
r_6_5=1
r_7_0=1
r_7_1=1
r_7_2=1
r_7_3=1
r_8_0=1
r_8_1=1
d_1=3.000
d_2=1.833
d_3=1.200
d_4=1.800
d_5=2.625
d_6=1.429
d_7=1.000
d_8=1.000
d_9=0.625
d_10=0.429
d_11=2.000
d_13=0.875
d_14=1.125
d_16=3.167
d_17=3.000
d_18=1.571
d_19=1.375
d_20=2.250
d_21=2.000
d_22=1.200
d_23=1.167
d_24=0.250
d_25=0.571
d_26=3.167
d_27=1.571
d_28=0.200
d_29=2.375
d_30=1.000
d_31=2.571
d_32=1.875
d_33=1.250
d_34=2.250
d_35=2.167
d_36=1.800
d_37=3.571
d_38=3.000
d_39=2.167
d_40=2.875
d_x_1=0.500
d_x_2=0.333
d_x_3=1.000
d_x_4=1.000
d_x_5=0.250
d_x_6=0.429
d_x_8=0.500
d_x_9=0.250
d_x_10=0.429
d_x_11=0.500
d_x_13=0.250
d_x_14=0.750
d_x_16=0.667
d_x_17=1.500
d_x_18=0.571
d_x_19=0.750
d_x_20=0.250
d_x_21=1.000
d_x_23=0.667
d_x_24=0.250
d_x_25=0.571
d_x_26=1.667
d_x_27=0.571
d_x_29=0.750
d_x_30=0.500
d_x_31=0.571
d_x_32=0.250
d_x_33=0.250
d_x_34=0.250
d_x_35=1.667
d_x_37=0.571
d_x_38=0.500
d_x_39=1.667
d_x_40=0.250
d_y_1=2.500
d_y_2=1.500
d_y_3=0.200
d_y_4=0.800
d_y_5=2.375
d_y_6=1.000
d_y_7=1.000
d_y_8=0.500
d_y_9=0.375
d_y_11=1.500
d_y_13=0.625
d_y_14=0.375
d_y_16=2.500
d_y_17=1.500
d_y_18=1.000
d_y_19=0.625
d_y_20=2.000
d_y_21=1.000
d_y_22=1.200
d_y_23=0.500
d_y_26=1.500
d_y_27=1.000
d_y_28=0.200
d_y_29=1.625
d_y_30=0.500
d_y_31=2.000
d_y_32=1.625
d_y_33=1.000
d_y_34=2.000
d_y_35=0.500
d_y_36=1.800
d_y_37=3.000
d_y_38=2.500
d_y_39=0.500
d_y_40=2.625
