Number of initial container : 0
Number of new container : 40
Total number of containers : 40
Level_num : 9
Container_level : [8, 4, 7, 3, 1, 4, 8, 3, 2, 3, 4, 6, 5, 3, 3, 4, 6, 1, 6, 5, 7, 9, 5, 7, 4, 6, 8, 5, 1, 6, 2, 5, 5, 7, 2, 8, 5, 7, 1, 2]
ideal_configuration : 
 [[4. 5. 6. 7. 9. 0. 0. 0. 0. 0.]
 [3. 4. 5. 6. 7. 0. 0. 0. 0. 0.]
 [2. 3. 4. 5. 6. 8. 0. 0. 0. 0.]
 [1. 2. 3. 5. 5. 7. 8. 0. 0. 0.]
 [1. 2. 3. 4. 5. 6. 7. 8. 0. 0.]
 [1. 1. 2. 3. 4. 5. 6. 7. 8. 0.]]
Centroid : {8: (7.5, 1.5), 4: (3.0, 2.6), 7: (6.0, 2.4), 3: (2.6, 2.0), 1: (1.25, 0.75), 2: (2.0, 1.5), 6: (5.0, 2.6), 5: (4.142857142857143, 2.4285714285714284), 9: (5.0, 5.0)}
Repeat number : 24
Original weight : [21.8, 13.31, 18.93, 11.76, 7.43, 13.41, 22.9, 11.65, 7.93, 11.13, 13.2, 17.71, 15.41, 9.93, 11.53, 12.62, 18.05, 7.26, 16.98, 15.22, 19.38, 23.43, 14.67, 20.91, 12.69, 18.82, 21.22, 14.59, 5.25, 18.82, 9.69, 14.46, 14.77, 19.8, 7.99, 21.8, 15.96, 19.63, 6.15, 8.91]
Group : [0, 0, 0, 0, 0, 0, 0, 0, 0, 0, 0, 0, 0, 0, 0, 0, 0, 0, 0, 0, 0, 0, 0, 0, 0, 0, 0, 0, 0, 0, 0, 0, 0, 0, 0, 0, 0, 0, 0, 0]
Sequence : [1, 2, 3, 4, 5, 6, 7, 8, 9, 10, 11, 12, 13, 14, 15, 16, 17, 18, 19, 20, 21, 22, 23, 24, 25, 26, 27, 28, 29, 30, 31, 32, 33, 34, 35, 36, 37, 38, 39, 40]
Scroe : [21.8, 13.31, 18.93, 11.76, 7.43, 13.41, 22.9, 11.65, 7.93, 11.13, 13.2, 17.71, 15.41, 9.93, 11.53, 12.62, 18.05, 7.26, 16.98, 15.22, 19.38, 23.43, 14.67, 20.91, 12.69, 18.82, 21.22, 14.59, 5.25, 18.82, 9.69, 14.46, 14.77, 19.8, 7.99, 21.8, 15.96, 19.63, 6.15, 8.91]
Time taken to solve the MIP model : 2.0196 seconds
---------------------------------
solution for: IP model
objective: 64.0429
x_1_8_0=1
x_2_3_0=1
x_3_6_0=1
x_4_3_1=1
x_5_2_0=1
x_6_3_2=1
x_7_7_0=1
x_8_5_0=1
x_9_2_1=1
x_10_2_2=1
x_11_3_3=1
x_12_5_1=1
x_13_5_2=1
x_14_2_3=1
x_15_2_4=1
x_16_3_4=1
x_17_5_3=1
x_18_1_0=1
x_19_5_4=1
x_20_4_0=1
x_21_6_1=1
x_22_5_5=1
x_23_4_1=1
x_24_6_2=1
x_25_3_5=1
x_26_6_3=1
x_27_7_1=1
x_28_4_2=1
x_29_1_1=1
x_30_6_4=1
x_31_1_2=1
x_32_4_3=1
x_33_4_4=1
x_34_7_2=1
x_35_1_3=1
x_36_8_1=1
x_37_4_5=1
x_38_7_3=1
x_39_1_4=1
x_40_2_5=1
r_1_0=1
r_1_1=1
r_1_2=1
r_1_3=1
r_1_4=1
r_2_0=1
r_2_1=1
r_2_2=1
r_2_3=1
r_2_4=1
r_2_5=1
r_3_0=1
r_3_1=1
r_3_2=1
r_3_3=1
r_3_4=1
r_3_5=1
r_4_0=1
r_4_1=1
r_4_2=1
r_4_3=1
r_4_4=1
r_4_5=1
r_5_0=1
r_5_1=1
r_5_2=1
r_5_3=1
r_5_4=1
r_5_5=1
r_6_0=1
r_6_1=1
r_6_2=1
r_6_3=1
r_6_4=1
r_7_0=1
r_7_1=1
r_7_2=1
r_7_3=1
d_1=2.000
d_2=2.600
d_3=2.400
d_4=1.400
d_5=1.500
d_6=0.600
d_7=2.000
d_8=4.400
d_9=0.500
d_10=0.600
d_11=0.400
d_12=1.600
d_13=1.286
d_14=1.600
d_15=2.600
d_16=1.400
d_17=0.400
d_18=1.000
d_19=1.400
d_20=2.571
d_21=1.400
d_23=1.571
d_24=0.400
d_25=2.400
d_26=1.400
d_27=1.000
d_28=0.571
d_29=0.500
d_30=2.400
d_31=1.500
d_32=0.714
d_33=1.714
d_34=1.400
d_35=2.500
d_36=1.000
d_37=2.714
d_38=1.600
d_39=3.500
d_40=3.500
d_x_1=0.500
d_x_4=0.400
d_x_5=0.750
d_x_7=0.500
d_x_8=2.400
d_x_10=0.600
d_x_13=0.857
d_x_14=0.600
d_x_15=0.600
d_x_18=0.250
d_x_20=0.143
d_x_23=0.143
d_x_26=1.000
d_x_27=0.500
d_x_28=0.143
d_x_29=0.250
d_x_30=1.000
d_x_31=1.000
d_x_32=0.143
d_x_33=0.143
d_x_34=1.000
d_x_35=1.000
d_x_36=0.500
d_x_37=0.143
d_x_38=1.000
d_x_39=0.250
d_y_1=1.500
d_y_2=2.600
d_y_3=2.400
d_y_4=1.000
d_y_5=0.750
d_y_6=0.600
d_y_7=1.500
d_y_8=2.000
d_y_9=0.500
d_y_11=0.400
d_y_12=1.600
d_y_13=0.429
d_y_14=1.000
d_y_15=2.000
d_y_16=1.400
d_y_17=0.400
d_y_18=0.750
d_y_19=1.400
d_y_20=2.429
d_y_21=1.400
d_y_23=1.429
d_y_24=0.400
d_y_25=2.400
d_y_26=0.400
d_y_27=0.500
d_y_28=0.429
d_y_29=0.250
d_y_30=1.400
d_y_31=0.500
d_y_32=0.571
d_y_33=1.571
d_y_34=0.400
d_y_35=1.500
d_y_36=0.500
d_y_37=2.571
d_y_38=0.600
d_y_39=3.250
d_y_40=3.500
