Number of initial container : 0
Number of new container : 40
Total number of containers : 40
Level_num : 9
Container_level : [7, 1, 4, 7, 6, 1, 3, 6, 6, 2, 5, 3, 4, 4, 8, 9, 5, 3, 3, 4, 5, 4, 8, 1, 4, 1, 1, 2, 4, 4, 5, 1, 5, 4, 3, 3, 1, 3, 3, 8]
ideal_configuration : 
 [[3. 4. 5. 6. 9. 0. 0. 0. 0. 0.]
 [3. 3. 4. 5. 7. 0. 0. 0. 0. 0.]
 [1. 3. 4. 4. 5. 7. 0. 0. 0. 0.]
 [1. 2. 3. 4. 4. 5. 8. 0. 0. 0.]
 [1. 1. 2. 3. 4. 4. 6. 8. 0. 0.]
 [1. 1. 1. 3. 3. 4. 5. 6. 8. 0.]]
Centroid : {7: (5.5, 3.5), 1: (1.5714285714285714, 1.0), 4: (4.222222222222222, 2.3333333333333335), 6: (6.333333333333333, 2.0), 3: (2.75, 2.375), 2: (2.5, 1.5), 5: (5.0, 2.8), 8: (8.0, 1.0), 9: (5.0, 5.0)}
Repeat number : 13
Original weight : [19.75, 5.93, 12.56, 20.8, 18.8, 7.26, 11.69, 16.87, 17.94, 9.12, 15.36, 10.52, 13.03, 12.91, 22.11, 23.61, 14.53, 10.54, 10.78, 13.49, 16.14, 12.53, 22.76, 5.14, 13.44, 5.88, 5.13, 9.15, 13.35, 13.01, 16.43, 6.66, 15.58, 12.21, 11.95, 11.66, 5.52, 11.12, 11.55, 23.14]
Group : [0, 0, 0, 0, 0, 0, 0, 0, 0, 0, 0, 0, 0, 0, 0, 0, 0, 0, 0, 0, 0, 0, 0, 0, 0, 0, 0, 0, 0, 0, 0, 0, 0, 0, 0, 0, 0, 0, 0, 0]
Sequence : [1, 2, 3, 4, 5, 6, 7, 8, 9, 10, 11, 12, 13, 14, 15, 16, 17, 18, 19, 20, 21, 22, 23, 24, 25, 26, 27, 28, 29, 30, 31, 32, 33, 34, 35, 36, 37, 38, 39, 40]
Scroe : [19.75, 5.93, 12.56, 20.8, 18.8, 7.26, 11.69, 16.87, 17.94, 9.12, 15.36, 10.52, 13.03, 12.91, 22.11, 23.61, 14.53, 10.54, 10.78, 13.49, 16.14, 12.53, 22.76, 5.14, 13.44, 5.88, 5.13, 9.15, 13.35, 13.01, 16.43, 6.66, 15.58, 12.21, 11.95, 11.66, 5.52, 11.12, 11.55, 23.14]
Time taken to solve the MIP model : 6.2808 seconds
---------------------------------
solution for: IP model
objective: 68.4365
x_1_6_0=1
x_2_2_0=1
x_3_5_0=1
x_4_6_1=1
x_5_6_2=1
x_6_2_1=1
x_7_2_2=1
x_8_7_0=1
x_9_6_3=1
x_10_3_0=1
x_11_6_4=1
x_12_2_3=1
x_13_5_1=1
x_14_5_2=1
x_15_8_0=1
x_16_6_5=1
x_17_5_3=1
x_18_2_4=1
x_19_2_5=1
x_20_4_0=1
x_21_5_4=1
x_22_4_1=1
x_23_7_1=1
x_24_1_0=1
x_25_7_2=1
x_26_1_1=1
x_27_1_2=1
x_28_3_1=1
x_29_4_2=1
x_30_4_3=1
x_31_5_5=1
x_32_1_3=1
x_33_7_3=1
x_34_4_4=1
x_35_3_2=1
x_36_3_3=1
x_37_1_4=1
x_38_3_4=1
x_39_3_5=1
x_40_8_1=1
r_1_0=1
r_1_1=1
r_1_2=1
r_1_3=1
r_1_4=1
r_2_0=1
r_2_1=1
r_2_2=1
r_2_3=1
r_2_4=1
r_2_5=1
r_3_0=1
r_3_1=1
r_3_2=1
r_3_3=1
r_3_4=1
r_3_5=1
r_4_0=1
r_4_1=1
r_4_2=1
r_4_3=1
r_4_4=1
r_5_0=1
r_5_1=1
r_5_2=1
r_5_3=1
r_5_4=1
r_5_5=1
r_6_0=1
r_6_1=1
r_6_2=1
r_6_3=1
r_6_4=1
r_6_5=1
r_7_0=1
r_7_1=1
r_7_2=1
r_7_3=1
d_1=4.000
d_2=1.429
d_3=3.111
d_4=3.000
d_5=0.333
d_6=0.429
d_7=1.125
d_8=2.667
d_9=1.333
d_10=2.000
d_11=2.200
d_12=1.375
d_13=2.111
d_14=1.111
d_15=1.000
d_16=1.000
d_17=0.200
d_18=2.375
d_19=3.375
d_20=2.556
d_21=1.200
d_22=1.556
d_23=1.000
d_24=1.571
d_25=3.111
d_26=0.571
d_27=1.571
d_28=1.000
d_29=0.556
d_30=0.889
d_31=2.200
d_32=2.571
d_33=2.200
d_34=1.889
d_35=0.625
d_36=0.875
d_37=3.571
d_38=1.875
d_39=2.875
d_x_1=0.500
d_x_2=0.429
d_x_3=0.778
d_x_4=0.500
d_x_5=0.333
d_x_6=0.429
d_x_7=0.750
d_x_8=0.667
d_x_9=0.333
d_x_10=0.500
d_x_11=1.000
d_x_12=0.750
d_x_13=0.778
d_x_14=0.778
d_x_16=1.000
d_x_18=0.750
d_x_19=0.750
d_x_20=0.222
d_x_22=0.222
d_x_23=1.000
d_x_24=0.571
d_x_25=2.778
d_x_26=0.571
d_x_27=0.571
d_x_28=0.500
d_x_29=0.222
d_x_30=0.222
d_x_32=0.571
d_x_33=2.000
d_x_34=0.222
d_x_35=0.250
d_x_36=0.250
d_x_37=0.571
d_x_38=0.250
d_x_39=0.250
d_y_1=3.500
d_y_2=1.000
d_y_3=2.333
d_y_4=2.500
d_y_7=0.375
d_y_8=2.000
d_y_9=1.000
d_y_10=1.500
d_y_11=1.200
d_y_12=0.625
d_y_13=1.333
d_y_14=0.333
d_y_15=1.000
d_y_17=0.200
d_y_18=1.625
d_y_19=2.625
d_y_20=2.333
d_y_21=1.200
d_y_22=1.333
d_y_24=1.000
d_y_25=0.333
d_y_27=1.000
d_y_28=0.500
d_y_29=0.333
d_y_30=0.667
d_y_31=2.200
d_y_32=2.000
d_y_33=0.200
d_y_34=1.667
d_y_35=0.375
d_y_36=0.625
d_y_37=3.000
d_y_38=1.625
d_y_39=2.625
