Number of initial container : 0
Number of new container : 40
Total number of containers : 40
Level_num : 9
Container_level : [4, 6, 3, 6, 4, 3, 4, 8, 1, 1, 9, 4, 1, 6, 3, 7, 6, 7, 6, 2, 8, 7, 2, 5, 1, 2, 2, 5, 3, 8, 1, 4, 1, 4, 1, 6, 2, 8, 3, 5]
ideal_configuration : 
 [[3. 4. 6. 7. 9. 0. 0. 0. 0. 0.]
 [2. 3. 4. 6. 7. 0. 0. 0. 0. 0.]
 [1. 2. 4. 5. 6. 8. 0. 0. 0. 0.]
 [1. 2. 3. 4. 5. 6. 8. 0. 0. 0.]
 [1. 1. 2. 3. 4. 5. 6. 8. 0. 0.]
 [1. 1. 1. 2. 3. 4. 6. 7. 8. 0.]]
Centroid : {4: (3.8333333333333335, 2.5), 6: (5.333333333333333, 2.5), 3: (3.0, 2.4), 8: (7.5, 1.5), 1: (1.5714285714285714, 1.0), 9: (5.0, 5.0), 7: (5.666666666666667, 3.0), 2: (2.4, 2.0), 5: (5.0, 2.0)}
Repeat number : 10
Original weight : [14.55, 17.84, 11.92, 17.05, 14.29, 11.92, 13.66, 22.94, 5.74, 6.53, 23.9, 13.61, 5.6, 17.2, 12.31, 21.07, 17.1, 20.08, 17.12, 8.05, 22.84, 21.56, 9.45, 15.97, 5.53, 7.98, 7.96, 16.71, 10.75, 22.56, 5.91, 14.51, 6.12, 13.35, 6.08, 17.46, 8.06, 23.1, 11.02, 14.84]
Group : [0, 0, 0, 0, 0, 0, 0, 0, 0, 0, 0, 0, 0, 0, 0, 0, 0, 0, 0, 0, 0, 0, 0, 0, 0, 0, 0, 0, 0, 0, 0, 0, 0, 0, 0, 0, 0, 0, 0, 0]
Sequence : [1, 2, 3, 4, 5, 6, 7, 8, 9, 10, 11, 12, 13, 14, 15, 16, 17, 18, 19, 20, 21, 22, 23, 24, 25, 26, 27, 28, 29, 30, 31, 32, 33, 34, 35, 36, 37, 38, 39, 40]
Scroe : [14.55, 17.84, 11.92, 17.05, 14.29, 11.92, 13.66, 22.94, 5.74, 6.53, 23.9, 13.61, 5.6, 17.2, 12.31, 21.07, 17.1, 20.08, 17.12, 8.05, 22.84, 21.56, 9.45, 15.97, 5.53, 7.98, 7.96, 16.71, 10.75, 22.56, 5.91, 14.51, 6.12, 13.35, 6.08, 17.46, 8.06, 23.1, 11.02, 14.84]
Time taken to solve the MIP model : 6.9140 seconds
---------------------------------
solution for: IP model
objective: 68.7048
x_1_4_0=1
x_2_6_0=1
x_3_4_1=1
x_4_6_1=1
x_5_4_2=1
x_6_4_3=1
x_7_4_4=1
x_8_7_0=1
x_9_2_0=1
x_10_2_1=1
x_11_4_5=1
x_12_5_0=1
x_13_3_0=1
x_14_6_2=1
x_15_3_1=1
x_16_6_3=1
x_17_6_4=1
x_18_6_5=1
x_19_7_1=1
x_20_2_2=1
x_21_7_2=1
x_22_7_3=1
x_23_2_3=1
x_24_5_1=1
x_25_1_0=1
x_26_2_4=1
x_27_3_2=1
x_28_5_2=1
x_29_3_3=1
x_30_8_0=1
x_31_1_1=1
x_32_3_4=1
x_33_1_2=1
x_34_5_3=1
x_35_1_3=1
x_36_5_4=1
x_37_2_5=1
x_38_8_1=1
x_39_3_5=1
x_40_5_5=1
r_1_2=1
r_1_3=1
r_2_0=1
r_2_1=1
r_2_2=1
r_2_3=1
r_2_4=1
r_2_5=1
r_3_0=1
r_3_1=1
r_3_2=1
r_3_3=1
r_3_4=1
r_3_5=1
r_4_0=1
r_4_1=1
r_4_2=1
r_4_3=1
r_4_4=1
r_4_5=1
r_5_0=1
r_5_1=1
r_5_2=1
r_5_3=1
r_5_4=1
r_5_5=1
r_6_0=1
r_6_1=1
r_6_2=1
r_6_3=1
r_6_4=1
r_6_5=1
r_7_0=1
r_7_1=1
r_7_2=1
r_7_3=1
d_1=2.667
d_2=3.167
d_3=2.400
d_4=2.167
d_5=0.667
d_6=1.600
d_7=1.667
d_8=2.000
d_9=1.429
d_10=0.429
d_11=1.000
d_12=3.667
d_13=2.429
d_14=1.167
d_15=1.400
d_16=0.333
d_17=2.167
d_18=2.333
d_19=3.167
d_20=0.400
d_21=1.000
d_22=1.333
d_23=1.400
d_24=1.000
d_25=1.571
d_26=2.400
d_27=0.600
d_29=0.600
d_30=2.000
d_31=0.571
d_32=2.333
d_33=1.571
d_34=1.667
d_35=2.571
d_36=1.833
d_37=3.400
d_38=1.000
d_39=2.600
d_40=3.000
d_x_1=0.167
d_x_2=0.667
d_x_3=1.000
d_x_4=0.667
d_x_5=0.167
d_x_6=1.000
d_x_7=0.167
d_x_8=0.500
d_x_9=0.429
d_x_10=0.429
d_x_11=1.000
d_x_12=1.167
d_x_13=1.429
d_x_14=0.667
d_x_16=0.333
d_x_17=0.667
d_x_18=0.333
d_x_19=1.667
d_x_20=0.400
d_x_21=0.500
d_x_22=1.333
d_x_23=0.400
d_x_25=0.571
d_x_26=0.400
d_x_27=0.600
d_x_30=0.500
d_x_31=0.571
d_x_32=0.833
d_x_33=0.571
d_x_34=1.167
d_x_35=0.571
d_x_36=0.333
d_x_37=0.400
d_x_38=0.500
d_y_1=2.500
d_y_2=2.500
d_y_3=1.400
d_y_4=1.500
d_y_5=0.500
d_y_6=0.600
d_y_7=1.500
d_y_8=1.500
d_y_9=1.000
d_y_12=2.500
d_y_13=1.000
d_y_14=0.500
d_y_15=1.400
d_y_17=1.500
d_y_18=2.000
d_y_19=1.500
d_y_21=0.500
d_y_23=1.000
d_y_24=1.000
d_y_25=1.000
d_y_26=2.000
d_y_29=0.600
d_y_30=1.500
d_y_32=1.500
d_y_33=1.000
d_y_34=0.500
d_y_35=2.000
d_y_36=1.500
d_y_37=3.000
d_y_38=0.500
d_y_39=2.600
d_y_40=3.000
