Number of initial container : 0
Number of new container : 40
Total number of containers : 40
Level_num : 9
Container_level : [6, 6, 5, 4, 1, 3, 4, 7, 8, 5, 4, 7, 2, 3, 1, 6, 3, 9, 2, 3, 4, 7, 1, 8, 5, 1, 2, 8, 7, 1, 5, 8, 3, 6, 5, 7, 3, 3, 3, 3]
ideal_configuration : 
 [[3. 5. 6. 7. 9. 0. 0. 0. 0. 0.]
 [3. 3. 5. 6. 7. 0. 0. 0. 0. 0.]
 [2. 3. 4. 5. 6. 8. 0. 0. 0. 0.]
 [1. 2. 3. 4. 5. 7. 8. 0. 0. 0.]
 [1. 1. 3. 3. 4. 5. 7. 8. 0. 0.]
 [1. 1. 2. 3. 3. 4. 6. 7. 8. 0.]]
Centroid : {6: (4.75, 3.0), 5: (4.0, 3.0), 4: (4.5, 1.5), 1: (1.4, 0.8), 3: (2.7777777777777777, 2.2222222222222223), 7: (6.0, 2.4), 8: (7.5, 1.5), 2: (2.0, 1.6666666666666667), 9: (5.0, 5.0)}
Repeat number : 29
Original weight : [17.74, 18.56, 14.81, 13.84, 6.76, 11.92, 13.75, 20.73, 22.8, 16.95, 12.52, 21.24, 8.63, 11.61, 5.83, 17.94, 10.68, 23.65, 9.6, 12.16, 12.98, 21.11, 6.74, 22.73, 16.41, 5.92, 8.73, 22.16, 20.7, 7.45, 16.58, 22.46, 11.76, 17.62, 16.01, 21.33, 10.91, 11.36, 11.33, 10.89]
Group : [0, 0, 0, 0, 0, 0, 0, 0, 0, 0, 0, 0, 0, 0, 0, 0, 0, 0, 0, 0, 0, 0, 0, 0, 0, 0, 0, 0, 0, 0, 0, 0, 0, 0, 0, 0, 0, 0, 0, 0]
Sequence : [1, 2, 3, 4, 5, 6, 7, 8, 9, 10, 11, 12, 13, 14, 15, 16, 17, 18, 19, 20, 21, 22, 23, 24, 25, 26, 27, 28, 29, 30, 31, 32, 33, 34, 35, 36, 37, 38, 39, 40]
Scroe : [17.74, 18.56, 14.81, 13.84, 6.76, 11.92, 13.75, 20.73, 22.8, 16.95, 12.52, 21.24, 8.63, 11.61, 5.83, 17.94, 10.68, 23.65, 9.6, 12.16, 12.98, 21.11, 6.74, 22.73, 16.41, 5.92, 8.73, 22.16, 20.7, 7.45, 16.58, 22.46, 11.76, 17.62, 16.01, 21.33, 10.91, 11.36, 11.33, 10.89]
Time taken to solve the MIP model : 3.9512 seconds
---------------------------------
solution for: IP model
objective: 63.1333
x_1_5_0=1
x_2_5_1=1
x_3_4_0=1
x_4_6_0=1
x_5_2_0=1
x_6_3_0=1
x_7_5_2=1
x_8_6_1=1
x_9_7_0=1
x_10_5_3=1
x_11_4_1=1
x_12_6_2=1
x_13_2_1=1
x_14_3_1=1
x_15_1_0=1
x_16_5_4=1
x_17_3_2=1
x_18_5_5=1
x_19_2_2=1
x_20_3_3=1
x_21_4_2=1
x_22_6_3=1
x_23_1_1=1
x_24_7_1=1
x_25_4_3=1
x_26_1_2=1
x_27_1_3=1
x_28_8_0=1
x_29_7_2=1
x_30_1_4=1
x_31_4_4=1
x_32_8_1=1
x_33_2_3=1
x_34_7_3=1
x_35_4_5=1
x_36_6_4=1
x_37_2_4=1
x_38_3_4=1
x_39_2_5=1
x_40_3_5=1
r_1_0=1
r_1_1=1
r_1_2=1
r_1_3=1
r_1_4=1
r_2_1=1
r_2_2=1
r_2_3=1
r_2_4=1
r_2_5=1
r_3_0=1
r_3_1=1
r_3_2=1
r_3_3=1
r_3_4=1
r_3_5=1
r_4_0=1
r_4_1=1
r_4_2=1
r_4_3=1
r_4_4=1
r_4_5=1
r_5_0=1
r_5_1=1
r_5_2=1
r_5_3=1
r_5_4=1
r_5_5=1
r_6_2=1
r_6_3=1
r_6_4=1
r_7_0=1
r_7_1=1
r_7_2=1
r_7_3=1
r_8_1=1
d_1=3.250
d_2=2.250
d_3=3.000
d_4=3.000
d_5=1.400
d_6=2.444
d_7=1.000
d_8=1.400
d_9=2.000
d_10=1.000
d_11=1.000
d_12=0.400
d_13=0.667
d_14=1.444
d_15=1.200
d_16=1.250
d_17=0.444
d_19=0.333
d_20=1.000
d_21=1.000
d_22=0.600
d_23=0.600
d_24=1.000
d_26=1.600
d_27=2.333
d_28=2.000
d_29=1.400
d_30=3.600
d_31=1.000
d_32=1.000
d_33=1.556
d_34=2.250
d_35=2.000
d_36=1.600
d_37=2.556
d_38=2.000
d_39=3.556
d_40=3.000
d_x_1=0.250
d_x_2=0.250
d_x_4=1.500
d_x_5=0.600
d_x_6=0.222
d_x_7=0.500
d_x_9=0.500
d_x_10=1.000
d_x_11=0.500
d_x_14=0.222
d_x_15=0.400
d_x_16=0.250
d_x_17=0.222
d_x_20=0.222
d_x_21=0.500
d_x_23=0.400
d_x_24=0.500
d_x_26=0.400
d_x_27=1.000
d_x_28=0.500
d_x_29=1.000
d_x_30=0.400
d_x_32=0.500
d_x_33=0.778
d_x_34=2.250
d_x_37=0.778
d_x_38=0.222
d_x_39=0.778
d_x_40=0.222
d_y_1=3.000
d_y_2=2.000
d_y_3=3.000
d_y_4=1.500
d_y_5=0.800
d_y_6=2.222
d_y_7=0.500
d_y_8=1.400
d_y_9=1.500
d_y_11=0.500
d_y_12=0.400
d_y_13=0.667
d_y_14=1.222
d_y_15=0.800
d_y_16=1.000
d_y_17=0.222
d_y_19=0.333
d_y_20=0.778
d_y_21=0.500
d_y_22=0.600
d_y_23=0.200
d_y_24=0.500
d_y_26=1.200
d_y_27=1.333
d_y_28=1.500
d_y_29=0.400
d_y_30=3.200
d_y_31=1.000
d_y_32=0.500
d_y_33=0.778
d_y_35=2.000
d_y_36=1.600
d_y_37=1.778
d_y_38=1.778
d_y_39=2.778
d_y_40=2.778
