Number of initial container : 0
Number of new container : 40
Total number of containers : 40
Level_num : 9
Container_level : [6, 1, 4, 3, 1, 1, 7, 3, 4, 4, 6, 7, 1, 5, 2, 1, 1, 6, 7, 8, 2, 6, 9, 6, 2, 8, 5, 1, 3, 8, 1, 6, 1, 4, 4, 7, 3, 4, 4, 3]
ideal_configuration : 
 [[3. 4. 6. 7. 9. 0. 0. 0. 0. 0.]
 [2. 3. 4. 6. 7. 0. 0. 0. 0. 0.]
 [1. 2. 4. 4. 6. 7. 0. 0. 0. 0.]
 [1. 1. 3. 4. 5. 6. 8. 0. 0. 0.]
 [1. 1. 1. 3. 4. 5. 6. 8. 0. 0.]
 [1. 1. 1. 2. 3. 4. 6. 7. 8. 0.]]
Centroid : {6: (5.333333333333333, 2.5), 1: (1.7777777777777777, 1.1111111111111112), 4: (3.857142857142857, 2.5714285714285716), 3: (3.0, 2.4), 7: (5.75, 3.0), 5: (5.5, 1.5), 2: (2.3333333333333335, 2.3333333333333335), 8: (8.0, 1.0), 9: (5.0, 5.0)}
Repeat number : 28
Original weight : [18.21, 6.95, 13.09, 11.73, 6.57, 5.58, 20.89, 11.26, 12.47, 12.85, 16.8, 19.51, 7.16, 16.39, 8.49, 7.12, 5.95, 17.65, 19.35, 22.06, 9.21, 18.47, 23.48, 17.49, 8.29, 22.08, 14.65, 5.42, 11.35, 21.19, 7.36, 18.6, 5.07, 13.07, 12.38, 19.93, 9.76, 13.29, 13.79, 9.82]
Group : [0, 0, 0, 0, 0, 0, 0, 0, 0, 0, 0, 0, 0, 0, 0, 0, 0, 0, 0, 0, 0, 0, 0, 0, 0, 0, 0, 0, 0, 0, 0, 0, 0, 0, 0, 0, 0, 0, 0, 0]
Sequence : [1, 2, 3, 4, 5, 6, 7, 8, 9, 10, 11, 12, 13, 14, 15, 16, 17, 18, 19, 20, 21, 22, 23, 24, 25, 26, 27, 28, 29, 30, 31, 32, 33, 34, 35, 36, 37, 38, 39, 40]
Scroe : [18.21, 6.95, 13.09, 11.73, 6.57, 5.58, 20.89, 11.26, 12.47, 12.85, 16.8, 19.51, 7.16, 16.39, 8.49, 7.12, 5.95, 17.65, 19.35, 22.06, 9.21, 18.47, 23.48, 17.49, 8.29, 22.08, 14.65, 5.42, 11.35, 21.19, 7.36, 18.6, 5.07, 13.07, 12.38, 19.93, 9.76, 13.29, 13.79, 9.82]
Time taken to solve the MIP model : 4.0692 seconds
---------------------------------
solution for: IP model
objective: 63.5603
x_1_5_0=1
x_2_3_0=1
x_3_5_1=1
x_4_3_1=1
x_5_2_0=1
x_6_2_1=1
x_7_6_0=1
x_8_3_2=1
x_9_4_0=1
x_10_4_1=1
x_11_5_2=1
x_12_5_3=1
x_13_2_2=1
x_14_6_1=1
x_15_2_3=1
x_16_1_0=1
x_17_1_1=1
x_18_6_2=1
x_19_6_3=1
x_20_8_0=1
x_21_2_4=1
x_22_5_4=1
x_23_5_5=1
x_24_6_4=1
x_25_2_5=1
x_26_8_1=1
x_27_7_0=1
x_28_1_2=1
x_29_3_3=1
x_30_7_1=1
x_31_1_3=1
x_32_7_2=1
x_33_1_4=1
x_34_4_2=1
x_35_4_3=1
x_36_7_3=1
x_37_3_4=1
x_38_4_4=1
x_39_4_5=1
x_40_3_5=1
r_1_0=1
r_1_1=1
r_1_2=1
r_1_3=1
r_1_4=1
r_2_0=1
r_2_1=1
r_2_2=1
r_2_3=1
r_2_4=1
r_2_5=1
r_3_0=1
r_3_1=1
r_3_2=1
r_3_3=1
r_3_4=1
r_3_5=1
r_4_0=1
r_4_1=1
r_4_2=1
r_4_3=1
r_4_4=1
r_4_5=1
r_5_0=1
r_5_1=1
r_5_2=1
r_5_3=1
r_5_4=1
r_5_5=1
r_6_0=1
r_6_1=1
r_6_2=1
r_6_3=1
r_6_4=1
r_7_0=1
r_7_1=1
r_7_2=1
r_7_3=1
r_8_0=1
r_8_1=1
d_1=2.833
d_2=2.333
d_3=2.714
d_4=1.400
d_5=1.333
d_6=0.333
d_7=3.250
d_8=0.400
d_9=2.714
d_10=1.714
d_11=0.833
d_12=0.750
d_13=1.111
d_14=1.000
d_15=1.000
d_16=1.889
d_17=0.889
d_18=1.167
d_19=0.250
d_20=1.000
d_21=2.000
d_22=1.833
d_24=2.167
d_25=3.000
d_27=3.000
d_28=1.667
d_29=0.600
d_30=1.000
d_31=2.667
d_32=2.167
d_33=3.667
d_34=0.714
d_35=0.571
d_36=1.250
d_37=1.600
d_38=1.571
d_39=2.571
d_40=2.600
d_x_1=0.333
d_x_2=1.222
d_x_3=1.143
d_x_5=0.222
d_x_6=0.222
d_x_7=0.250
d_x_9=0.143
d_x_10=0.143
d_x_11=0.333
d_x_12=0.750
d_x_13=0.222
d_x_14=0.500
d_x_15=0.333
d_x_16=0.778
d_x_17=0.778
d_x_18=0.667
d_x_19=0.250
d_x_21=0.333
d_x_22=0.333
d_x_24=0.667
d_x_25=0.333
d_x_27=1.500
d_x_28=0.778
d_x_30=1.000
d_x_31=0.778
d_x_32=1.667
d_x_33=0.778
d_x_34=0.143
d_x_35=0.143
d_x_36=1.250
d_x_38=0.143
d_x_39=0.143
d_y_1=2.500
d_y_2=1.111
d_y_3=1.571
d_y_4=1.400
d_y_5=1.111
d_y_6=0.111
d_y_7=3.000
d_y_8=0.400
d_y_9=2.571
d_y_10=1.571
d_y_11=0.500
d_y_13=0.889
d_y_14=0.500
d_y_15=0.667
d_y_16=1.111
d_y_17=0.111
d_y_18=0.500
d_y_20=1.000
d_y_21=1.667
d_y_22=1.500
d_y_24=1.500
d_y_25=2.667
d_y_27=1.500
d_y_28=0.889
d_y_29=0.600
d_y_31=1.889
d_y_32=0.500
d_y_33=2.889
d_y_34=0.571
d_y_35=0.429
d_y_37=1.600
d_y_38=1.429
d_y_39=2.429
d_y_40=2.600
