Number of initial container : 0
Number of new container : 40
Total number of containers : 40
Level_num : 9
Container_level : [4, 6, 6, 3, 2, 8, 6, 5, 5, 8, 9, 3, 2, 3, 3, 3, 3, 7, 3, 1, 3, 7, 4, 1, 4, 7, 1, 8, 8, 4, 6, 5, 8, 2, 5, 1, 4, 8, 5, 5]
ideal_configuration : 
 [[4. 5. 6. 8. 9. 0. 0. 0. 0. 0.]
 [3. 4. 5. 6. 8. 0. 0. 0. 0. 0.]
 [2. 3. 4. 5. 6. 8. 0. 0. 0. 0.]
 [1. 3. 3. 4. 5. 7. 8. 0. 0. 0.]
 [1. 2. 3. 3. 4. 5. 7. 8. 0. 0.]
 [1. 1. 2. 3. 3. 5. 6. 7. 8. 0.]]
Centroid : {4: (3.0, 3.0), 6: (4.75, 3.0), 3: (3.0, 1.625), 2: (2.0, 1.3333333333333333), 8: (6.5, 2.5), 5: (4.333333333333333, 2.5), 9: (5.0, 5.0), 7: (7.0, 1.0), 1: (1.25, 0.75)}
Repeat number : 15
Original weight : [14.05, 18.56, 16.88, 10.87, 7.65, 22.56, 18.29, 14.76, 14.77, 23.06, 23.46, 11.26, 8.67, 11.2, 11.7, 10.84, 10.14, 21.08, 11.1, 6.64, 10.47, 18.94, 13.83, 5.19, 12.85, 19.7, 6.11, 21.76, 21.49, 13.14, 18.63, 15.71, 21.22, 9.39, 15.93, 5.17, 12.83, 21.33, 16.14, 15.16]
Group : [0, 0, 0, 0, 0, 0, 0, 0, 0, 0, 0, 0, 0, 0, 0, 0, 0, 0, 0, 0, 0, 0, 0, 0, 0, 0, 0, 0, 0, 0, 0, 0, 0, 0, 0, 0, 0, 0, 0, 0]
Sequence : [1, 2, 3, 4, 5, 6, 7, 8, 9, 10, 11, 12, 13, 14, 15, 16, 17, 18, 19, 20, 21, 22, 23, 24, 25, 26, 27, 28, 29, 30, 31, 32, 33, 34, 35, 36, 37, 38, 39, 40]
Scroe : [14.05, 18.56, 16.88, 10.87, 7.65, 22.56, 18.29, 14.76, 14.77, 23.06, 23.46, 11.26, 8.67, 11.2, 11.7, 10.84, 10.14, 21.08, 11.1, 6.64, 10.47, 18.94, 13.83, 5.19, 12.85, 19.7, 6.11, 21.76, 21.49, 13.14, 18.63, 15.71, 21.22, 9.39, 15.93, 5.17, 12.83, 21.33, 16.14, 15.16]
Time taken to solve the MIP model : 2.9183 seconds
---------------------------------
solution for: IP model
objective: 66.5
x_1_5_0=1
x_2_5_1=1
x_3_5_2=1
x_4_4_0=1
x_5_2_0=1
x_6_6_0=1
x_7_5_3=1
x_8_6_1=1
x_9_5_4=1
x_10_6_2=1
x_11_5_5=1
x_12_3_0=1
x_13_2_1=1
x_14_2_2=1
x_15_3_1=1
x_16_2_3=1
x_17_3_2=1
x_18_7_0=1
x_19_4_1=1
x_20_1_0=1
x_21_3_3=1
x_22_7_1=1
x_23_2_4=1
x_24_1_1=1
x_25_3_4=1
x_26_8_0=1
x_27_1_2=1
x_28_8_1=1
x_29_7_2=1
x_30_3_5=1
x_31_6_3=1
x_32_4_2=1
x_33_7_3=1
x_34_2_5=1
x_35_4_3=1
x_36_1_3=1
x_37_1_4=1
x_38_6_4=1
x_39_4_4=1
x_40_4_5=1
r_1_0=1
r_1_1=1
r_1_2=1
r_1_3=1
r_1_4=1
r_2_0=1
r_2_1=1
r_2_2=1
r_2_3=1
r_2_4=1
r_2_5=1
r_3_0=1
r_3_1=1
r_3_2=1
r_3_3=1
r_3_4=1
r_3_5=1
r_4_0=1
r_4_1=1
r_4_2=1
r_4_3=1
r_4_4=1
r_4_5=1
r_5_0=1
r_5_1=1
r_5_2=1
r_5_3=1
r_5_4=1
r_5_5=1
r_6_0=1
r_6_1=1
r_6_2=1
r_6_3=1
r_6_4=1
r_7_0=1
r_7_1=1
r_7_2=1
r_7_3=1
r_8_0=1
r_8_1=1
d_1=5.000
d_2=2.250
d_3=1.250
d_4=2.625
d_5=1.333
d_6=3.000
d_7=0.250
d_8=3.167
d_9=2.167
d_10=1.000
d_12=1.625
d_13=0.333
d_14=1.375
d_15=0.625
d_16=2.375
d_17=0.375
d_18=1.000
d_19=1.625
d_20=1.000
d_21=1.375
d_23=2.000
d_24=0.500
d_25=1.000
d_26=2.000
d_27=1.500
d_28=3.000
d_29=1.000
d_30=2.000
d_31=1.250
d_32=0.833
d_33=1.000
d_34=3.667
d_35=0.833
d_36=2.500
d_37=3.000
d_38=2.000
d_39=1.833
d_40=2.833
d_x_1=2.000
d_x_2=0.250
d_x_3=0.250
d_x_4=1.000
d_x_6=0.500
d_x_7=0.250
d_x_8=1.667
d_x_9=0.667
d_x_10=0.500
d_x_14=1.000
d_x_16=1.000
d_x_19=1.000
d_x_20=0.250
d_x_23=1.000
d_x_24=0.250
d_x_26=1.000
d_x_27=0.250
d_x_28=1.500
d_x_29=0.500
d_x_31=1.250
d_x_32=0.333
d_x_33=0.500
d_x_35=0.333
d_x_36=0.250
d_x_37=2.000
d_x_38=0.500
d_x_39=0.333
d_x_40=0.333
d_y_1=3.000
d_y_2=2.000
d_y_3=1.000
d_y_4=1.625
d_y_5=1.333
d_y_6=2.500
d_y_8=1.500
d_y_9=1.500
d_y_10=0.500
d_y_12=1.625
d_y_13=0.333
d_y_14=0.375
d_y_15=0.625
d_y_16=1.375
d_y_17=0.375
d_y_18=1.000
d_y_19=0.625
d_y_20=0.750
d_y_21=1.375
d_y_23=1.000
d_y_24=0.250
d_y_25=1.000
d_y_26=1.000
d_y_27=1.250
d_y_28=1.500
d_y_29=0.500
d_y_30=2.000
d_y_32=0.500
d_y_33=0.500
d_y_34=3.667
d_y_35=0.500
d_y_36=2.250
d_y_37=1.000
d_y_38=1.500
d_y_39=1.500
d_y_40=2.500
