Number of initial container : 0
Number of new container : 40
Total number of containers : 40
Level_num : 9
Container_level : [3, 7, 3, 1, 8, 6, 8, 3, 1, 6, 5, 3, 3, 5, 6, 5, 6, 7, 5, 3, 8, 2, 4, 8, 5, 7, 7, 6, 5, 4, 9, 2, 6, 6, 2, 5, 6, 6, 4, 8]
ideal_configuration : 
 [[5. 6. 6. 7. 9. 0. 0. 0. 0. 0.]
 [3. 5. 6. 6. 8. 0. 0. 0. 0. 0.]
 [3. 4. 5. 6. 6. 8. 0. 0. 0. 0.]
 [2. 3. 4. 5. 6. 7. 8. 0. 0. 0.]
 [1. 2. 3. 4. 5. 6. 7. 8. 0. 0.]
 [1. 2. 3. 3. 5. 5. 6. 7. 8. 0.]]
Centroid : {3: (2.3333333333333335, 1.6666666666666667), 7: (6.25, 2.0), 1: (1.0, 0.5), 8: (7.0, 2.0), 6: (4.333333333333333, 3.0), 5: (3.7142857142857144, 2.142857142857143), 2: (1.6666666666666667, 1.0), 4: (3.0, 2.0), 9: (5.0, 5.0)}
Repeat number : 2
Original weight : [10.05, 19.2, 10.89, 5.81, 22.17, 17.03, 23.12, 11.43, 5.25, 16.76, 14.81, 10.33, 10.65, 16.38, 17.63, 15.13, 17.22, 19.92, 14.68, 10.94, 22.08, 8.45, 13.96, 22.12, 16.65, 21.16, 19.26, 18.06, 16.45, 13.29, 23.53, 9.11, 18.4, 17.91, 9.25, 16.03, 17.09, 17.51, 12.69, 22.95]
Group : [0, 0, 0, 0, 0, 0, 0, 0, 0, 0, 0, 0, 0, 0, 0, 0, 0, 0, 0, 0, 0, 0, 0, 0, 0, 0, 0, 0, 0, 0, 0, 0, 0, 0, 0, 0, 0, 0, 0, 0]
Sequence : [1, 2, 3, 4, 5, 6, 7, 8, 9, 10, 11, 12, 13, 14, 15, 16, 17, 18, 19, 20, 21, 22, 23, 24, 25, 26, 27, 28, 29, 30, 31, 32, 33, 34, 35, 36, 37, 38, 39, 40]
Scroe : [10.05, 19.2, 10.89, 5.81, 22.17, 17.03, 23.12, 11.43, 5.25, 16.76, 14.81, 10.33, 10.65, 16.38, 17.63, 15.13, 17.22, 19.92, 14.68, 10.94, 22.08, 8.45, 13.96, 22.12, 16.65, 21.16, 19.26, 18.06, 16.45, 13.29, 23.53, 9.11, 18.4, 17.91, 9.25, 16.03, 17.09, 17.51, 12.69, 22.95]
Time taken to solve the MIP model : 11.6850 seconds
---------------------------------
solution for: IP model
objective: 68.0714
x_1_2_0=1
x_2_7_0=1
x_3_2_1=1
x_4_1_0=1
x_5_7_1=1
x_6_5_0=1
x_7_7_2=1
x_8_2_2=1
x_9_1_1=1
x_10_2_3=1
x_11_5_1=1
x_12_1_2=1
x_13_2_4=1
x_14_5_2=1
x_15_5_3=1
x_16_3_0=1
x_17_5_4=1
x_18_6_0=1
x_19_4_0=1
x_20_2_5=1
x_21_8_0=1
x_22_3_1=1
x_23_3_2=1
x_24_8_1=1
x_25_4_1=1
x_26_6_1=1
x_27_6_2=1
x_28_6_3=1
x_29_4_2=1
x_30_3_3=1
x_31_5_5=1
x_32_1_3=1
x_33_4_3=1
x_34_4_4=1
x_35_1_4=1
x_36_3_4=1
x_37_4_5=1
x_38_6_4=1
x_39_3_5=1
x_40_7_3=1
r_1_0=1
r_1_1=1
r_1_2=1
r_1_3=1
r_1_4=1
r_2_0=1
r_2_1=1
r_2_2=1
r_2_3=1
r_2_4=1
r_2_5=1
r_3_0=1
r_3_1=1
r_3_2=1
r_3_3=1
r_3_4=1
r_3_5=1
r_4_0=1
r_4_1=1
r_4_2=1
r_4_3=1
r_4_4=1
r_4_5=1
r_5_0=1
r_5_1=1
r_5_2=1
r_5_3=1
r_5_4=1
r_5_5=1
r_6_0=1
r_6_1=1
r_6_2=1
r_6_3=1
r_6_4=1
r_7_0=1
r_7_1=1
r_7_2=1
r_7_3=1
r_8_0=1
r_8_1=1
d_1=2.000
d_2=2.750
d_3=1.000
d_4=0.500
d_5=1.000
d_6=3.667
d_8=0.667
d_9=0.500
d_10=2.333
d_11=2.429
d_12=1.667
d_13=2.667
d_14=1.429
d_15=0.667
d_16=2.857
d_17=1.667
d_18=2.250
d_19=2.429
d_20=3.667
d_21=3.000
d_22=1.333
d_24=2.000
d_25=1.429
d_26=1.250
d_27=0.250
d_28=1.667
d_29=0.429
d_30=1.000
d_32=2.667
d_33=0.333
d_34=1.333
d_35=3.667
d_36=2.571
d_37=2.333
d_38=2.667
d_39=3.000
d_40=1.000
d_x_1=0.333
d_x_2=0.750
d_x_3=0.333
d_x_6=0.667
d_x_8=0.333
d_x_10=2.333
d_x_11=1.286
d_x_12=1.333
d_x_13=0.333
d_x_14=1.286
d_x_15=0.667
d_x_16=0.714
d_x_17=0.667
d_x_18=0.250
d_x_19=0.286
d_x_20=0.333
d_x_21=1.000
d_x_22=1.333
d_x_24=1.000
d_x_25=0.286
d_x_26=0.250
d_x_27=0.250
d_x_28=1.667
d_x_29=0.286
d_x_32=0.667
d_x_33=0.333
d_x_34=0.333
d_x_35=0.667
d_x_36=0.714
d_x_37=0.333
d_x_38=1.667
d_y_1=1.667
d_y_2=2.000
d_y_3=0.667
d_y_4=0.500
d_y_5=1.000
d_y_6=3.000
d_y_8=0.333
d_y_9=0.500
d_y_11=1.143
d_y_12=0.333
d_y_13=2.333
d_y_14=0.143
d_y_16=2.143
d_y_17=1.000
d_y_18=2.000
d_y_19=2.143
d_y_20=3.333
d_y_21=2.000
d_y_24=1.000
d_y_25=1.143
d_y_26=1.000
d_y_29=0.143
d_y_30=1.000
d_y_32=2.000
d_y_34=1.000
d_y_35=3.000
d_y_36=1.857
d_y_37=2.000
d_y_38=1.000
d_y_39=3.000
d_y_40=1.000
