Number of initial container : 0
Number of new container : 40
Total number of containers : 40
Level_num : 9
Container_level : [6, 3, 1, 2, 4, 6, 1, 8, 5, 2, 2, 8, 3, 7, 5, 4, 6, 5, 5, 7, 7, 6, 4, 6, 8, 8, 3, 2, 5, 5, 6, 7, 4, 7, 1, 2, 8, 7, 8, 7]
ideal_configuration : 
 [[5. 6. 7. 7. 8. 0. 0. 0. 0. 0.]
 [3. 5. 6. 7. 8. 0. 0. 0. 0. 0.]
 [2. 4. 5. 6. 7. 8. 0. 0. 0. 0.]
 [2. 2. 4. 5. 6. 7. 8. 0. 0. 0.]
 [1. 2. 3. 4. 5. 6. 7. 8. 0. 0.]
 [1. 1. 2. 3. 4. 5. 6. 7. 8. 0.]]
Centroid : {6: (4.5, 2.5), 3: (2.6666666666666665, 1.6666666666666667), 1: (1.3333333333333333, 0.3333333333333333), 2: (1.8, 1.6), 4: (3.5, 1.5), 8: (6.666666666666667, 2.5), 5: (3.5, 2.5), 7: (5.285714285714286, 2.857142857142857)}
Repeat number : 8
Original weight : [17.43, 13.12, 8.38, 10.11, 14.64, 18.45, 7.24, 22.6, 17.23, 10.22, 9.59, 21.65, 11.38, 19.77, 15.57, 13.62, 17.68, 15.42, 17.34, 19.71, 21.1, 18.85, 15.15, 17.73, 22.46, 21.63, 12.33, 9.62, 15.58, 15.74, 17.77, 19.71, 13.9, 19.53, 8.04, 10.5, 22.89, 20.87, 23.41, 19.47]
Group : [0, 0, 0, 0, 0, 0, 0, 0, 0, 0, 0, 0, 0, 0, 0, 0, 0, 0, 0, 0, 0, 0, 0, 0, 0, 0, 0, 0, 0, 0, 0, 0, 0, 0, 0, 0, 0, 0, 0, 0]
Sequence : [1, 2, 3, 4, 5, 6, 7, 8, 9, 10, 11, 12, 13, 14, 15, 16, 17, 18, 19, 20, 21, 22, 23, 24, 25, 26, 27, 28, 29, 30, 31, 32, 33, 34, 35, 36, 37, 38, 39, 40]
Scroe : [17.43, 13.12, 8.38, 10.11, 14.64, 18.45, 7.24, 22.6, 17.23, 10.22, 9.59, 21.65, 11.38, 19.77, 15.57, 13.62, 17.68, 15.42, 17.34, 19.71, 21.1, 18.85, 15.15, 17.73, 22.46, 21.63, 12.33, 9.62, 15.58, 15.74, 17.77, 19.71, 13.9, 19.53, 8.04, 10.5, 22.89, 20.87, 23.41, 19.47]
Time taken to solve the MIP model : 11.2786 seconds
---------------------------------
solution for: IP model
objective: 75.2952
x_1_6_0=1
x_2_3_0=1
x_3_2_0=1
x_4_2_1=1
x_5_3_1=1
x_6_6_1=1
x_7_1_0=1
x_8_7_0=1
x_9_3_2=1
x_10_2_2=1
x_11_1_1=1
x_12_7_1=1
x_13_2_3=1
x_14_6_2=1
x_15_3_3=1
x_16_4_0=1
x_17_5_0=1
x_18_3_4=1
x_19_3_5=1
x_20_6_3=1
x_21_6_4=1
x_22_5_1=1
x_23_4_1=1
x_24_4_2=1
x_25_8_0=1
x_26_7_2=1
x_27_2_4=1
x_28_1_2=1
x_29_4_3=1
x_30_4_4=1
x_31_4_5=1
x_32_6_5=1
x_33_5_2=1
x_34_5_3=1
x_35_1_3=1
x_36_1_4=1
x_37_8_1=1
x_38_5_4=1
x_39_7_3=1
x_40_5_5=1
r_1_1=1
r_1_2=1
r_1_3=1
r_1_4=1
r_2_3=1
r_2_4=1
r_3_0=1
r_3_1=1
r_3_2=1
r_3_3=1
r_3_4=1
r_3_5=1
r_4_1=1
r_4_2=1
r_4_3=1
r_4_4=1
r_4_5=1
r_5_0=1
r_5_1=1
r_5_2=1
r_5_3=1
r_5_4=1
r_5_5=1
r_6_0=1
r_6_1=1
r_6_2=1
r_6_3=1
r_6_4=1
r_6_5=1
r_7_0=1
r_7_1=1
r_7_2=1
r_7_3=1
d_1=4.000
d_2=2.000
d_3=1.000
d_4=0.800
d_5=1.000
d_6=3.000
d_7=0.667
d_8=2.833
d_9=1.000
d_10=0.600
d_11=1.400
d_12=1.833
d_13=2.000
d_14=1.571
d_15=1.000
d_16=2.000
d_17=3.000
d_18=2.000
d_19=3.000
d_20=0.857
d_21=1.857
d_22=2.000
d_23=1.000
d_24=1.000
d_25=3.833
d_26=0.833
d_27=3.000
d_28=1.200
d_29=1.000
d_30=2.000
d_31=3.000
d_32=2.857
d_33=2.000
d_34=0.429
d_35=3.000
d_36=3.200
d_37=2.833
d_38=1.429
d_39=0.833
d_40=2.429
d_x_1=1.500
d_x_2=0.333
d_x_3=0.667
d_x_4=0.200
d_x_5=0.500
d_x_6=1.500
d_x_7=0.333
d_x_8=0.333
d_x_9=0.500
d_x_10=0.200
d_x_11=0.800
d_x_12=0.333
d_x_13=0.667
d_x_14=0.714
d_x_15=0.500
d_x_16=0.500
d_x_17=0.500
d_x_18=0.500
d_x_19=0.500
d_x_20=0.714
d_x_21=0.714
d_x_22=0.500
d_x_23=0.500
d_x_24=0.500
d_x_25=1.333
d_x_26=0.333
d_x_27=0.667
d_x_28=0.800
d_x_29=0.500
d_x_30=0.500
d_x_31=0.500
d_x_32=0.714
d_x_33=1.500
d_x_34=0.286
d_x_35=0.333
d_x_36=0.800
d_x_37=1.333
d_x_38=0.286
d_x_39=0.333
d_x_40=0.286
d_y_1=2.500
d_y_2=1.667
d_y_3=0.333
d_y_4=0.600
d_y_5=0.500
d_y_6=1.500
d_y_7=0.333
d_y_8=2.500
d_y_9=0.500
d_y_10=0.400
d_y_11=0.600
d_y_12=1.500
d_y_13=1.333
d_y_14=0.857
d_y_15=0.500
d_y_16=1.500
d_y_17=2.500
d_y_18=1.500
d_y_19=2.500
d_y_20=0.143
d_y_21=1.143
d_y_22=1.500
d_y_23=0.500
d_y_24=0.500
d_y_25=2.500
d_y_26=0.500
d_y_27=2.333
d_y_28=0.400
d_y_29=0.500
d_y_30=1.500
d_y_31=2.500
d_y_32=2.143
d_y_33=0.500
d_y_34=0.143
d_y_35=2.667
d_y_36=2.400
d_y_37=1.500
d_y_38=1.143
d_y_39=0.500
d_y_40=2.143
