Number of initial container : 0
Number of new container : 40
Total number of containers : 40
Level_num : 9
Container_level : [6, 6, 2, 2, 2, 1, 9, 3, 6, 8, 2, 8, 8, 3, 4, 3, 6, 5, 7, 1, 6, 2, 3, 5, 2, 8, 2, 5, 6, 6, 7, 3, 6, 3, 6, 1, 8, 1, 6, 7]
ideal_configuration : 
 [[3. 6. 6. 7. 9. 0. 0. 0. 0. 0.]
 [2. 3. 6. 6. 8. 0. 0. 0. 0. 0.]
 [2. 3. 4. 6. 6. 8. 0. 0. 0. 0.]
 [1. 2. 3. 5. 6. 6. 8. 0. 0. 0.]
 [1. 2. 2. 3. 5. 6. 7. 8. 0. 0.]
 [1. 1. 2. 2. 3. 5. 6. 7. 8. 0.]]
Centroid : {6: (4.5, 2.9), 2: (2.2857142857142856, 1.5714285714285714), 1: (1.25, 0.75), 9: (5.0, 5.0), 3: (2.8333333333333335, 2.5), 8: (7.0, 2.0), 4: (3.0, 3.0), 5: (5.0, 1.0), 7: (6.333333333333333, 2.0)}
Repeat number : 11
Original weight : [19.08, 18.63, 8.1, 8.44, 9.63, 5.66, 23.68, 10.61, 18.67, 23.12, 8.87, 22.81, 23.22, 11.58, 12.62, 11.14, 17.58, 14.72, 19.19, 7.39, 18.23, 8.97, 11.94, 16.29, 8.33, 21.49, 10.05, 16.86, 18.66, 17.09, 21.37, 10.8, 18.71, 10.39, 17.03, 6.26, 22.96, 7.78, 19.17, 21.05]
Group : [0, 0, 0, 0, 0, 0, 0, 0, 0, 0, 0, 0, 0, 0, 0, 0, 0, 0, 0, 0, 0, 0, 0, 0, 0, 0, 0, 0, 0, 0, 0, 0, 0, 0, 0, 0, 0, 0, 0, 0]
Sequence : [1, 2, 3, 4, 5, 6, 7, 8, 9, 10, 11, 12, 13, 14, 15, 16, 17, 18, 19, 20, 21, 22, 23, 24, 25, 26, 27, 28, 29, 30, 31, 32, 33, 34, 35, 36, 37, 38, 39, 40]
Scroe : [19.08, 18.63, 8.1, 8.44, 9.63, 5.66, 23.68, 10.61, 18.67, 23.12, 8.87, 22.81, 23.22, 11.58, 12.62, 11.14, 17.58, 14.72, 19.19, 7.39, 18.23, 8.97, 11.94, 16.29, 8.33, 21.49, 10.05, 16.86, 18.66, 17.09, 21.37, 10.8, 18.71, 10.39, 17.03, 6.26, 22.96, 7.78, 19.17, 21.05]
Time taken to solve the MIP model : 11.0746 seconds
---------------------------------
solution for: IP model
objective: 68.9952
x_1_4_0=1
x_2_4_1=1
x_3_2_0=1
x_4_3_0=1
x_5_3_1=1
x_6_1_0=1
x_7_5_0=1
x_8_4_2=1
x_9_4_3=1
x_10_7_0=1
x_11_2_1=1
x_12_7_1=1
x_13_7_2=1
x_14_3_2=1
x_15_3_3=1
x_16_3_4=1
x_17_4_4=1
x_18_6_0=1
x_19_8_0=1
x_20_1_1=1
x_21_4_5=1
x_22_2_2=1
x_23_3_5=1
x_24_5_1=1
x_25_2_3=1
x_26_7_3=1
x_27_1_2=1
x_28_6_1=1
x_29_5_2=1
x_30_5_3=1
x_31_6_2=1
x_32_2_4=1
x_33_6_3=1
x_34_2_5=1
x_35_5_4=1
x_36_1_3=1
x_37_8_1=1
x_38_1_4=1
x_39_5_5=1
x_40_6_4=1
r_1_1=1
r_1_2=1
r_1_3=1
r_1_4=1
r_2_1=1
r_2_2=1
r_2_3=1
r_2_4=1
r_2_5=1
r_3_1=1
r_3_2=1
r_3_3=1
r_3_4=1
r_3_5=1
r_4_0=1
r_4_1=1
r_4_2=1
r_4_3=1
r_4_4=1
r_4_5=1
r_5_0=1
r_5_1=1
r_5_2=1
r_5_3=1
r_5_4=1
r_5_5=1
r_6_2=1
r_6_3=1
r_6_4=1
r_7_0=1
r_7_1=1
r_7_2=1
r_7_3=1
d_1=3.400
d_2=2.400
d_3=1.857
d_4=2.286
d_5=1.286
d_6=1.000
d_7=5.000
d_8=1.667
d_9=0.600
d_10=2.000
d_11=0.857
d_12=1.000
d_14=0.667
d_16=1.667
d_17=1.600
d_18=2.000
d_19=3.667
d_20=0.500
d_21=2.600
d_22=0.714
d_23=2.667
d_25=1.714
d_26=1.000
d_27=1.714
d_28=1.000
d_29=1.400
d_30=0.600
d_31=0.333
d_32=2.333
d_33=1.600
d_34=3.333
d_35=1.600
d_36=2.500
d_37=2.000
d_38=3.500
d_39=2.600
d_40=2.333
d_x_1=0.500
d_x_2=0.500
d_x_3=0.286
d_x_4=0.714
d_x_5=0.714
d_x_6=0.250
d_x_8=1.167
d_x_9=0.500
d_x_11=0.286
d_x_14=0.167
d_x_16=0.167
d_x_17=0.500
d_x_18=1.000
d_x_19=1.667
d_x_20=0.250
d_x_21=0.500
d_x_22=0.286
d_x_23=0.167
d_x_25=0.286
d_x_27=1.286
d_x_28=1.000
d_x_29=0.500
d_x_30=0.500
d_x_31=0.333
d_x_32=0.833
d_x_33=1.500
d_x_34=0.833
d_x_35=0.500
d_x_36=0.250
d_x_37=1.000
d_x_38=0.250
d_x_39=0.500
d_x_40=0.333
d_y_1=2.900
d_y_2=1.900
d_y_3=1.571
d_y_4=1.571
d_y_5=0.571
d_y_6=0.750
d_y_7=5.000
d_y_8=0.500
d_y_9=0.100
d_y_10=2.000
d_y_11=0.571
d_y_12=1.000
d_y_14=0.500
d_y_16=1.500
d_y_17=1.100
d_y_18=1.000
d_y_19=2.000
d_y_20=0.250
d_y_21=2.100
d_y_22=0.429
d_y_23=2.500
d_y_25=1.429
d_y_26=1.000
d_y_27=0.429
d_y_29=0.900
d_y_30=0.100
d_y_32=1.500
d_y_33=0.100
d_y_34=2.500
d_y_35=1.100
d_y_36=2.250
d_y_37=1.000
d_y_38=3.250
d_y_39=2.100
d_y_40=2.000
