Number of initial container : 0
Number of new container : 40
Total number of containers : 40
Level_num : 9
Container_level : [5, 2, 7, 1, 2, 1, 8, 1, 1, 8, 6, 1, 2, 3, 1, 5, 8, 8, 9, 2, 5, 8, 6, 5, 8, 6, 8, 1, 2, 4, 5, 8, 8, 4, 3, 2, 3, 4, 8, 4]
ideal_configuration : 
 [[3. 5. 6. 8. 9. 0. 0. 0. 0. 0.]
 [2. 4. 5. 7. 8. 0. 0. 0. 0. 0.]
 [1. 2. 4. 5. 8. 8. 0. 0. 0. 0.]
 [1. 2. 2. 4. 5. 8. 8. 0. 0. 0.]
 [1. 1. 2. 3. 4. 6. 8. 8. 0. 0.]
 [1. 1. 1. 2. 3. 5. 6. 8. 8. 0.]]
Centroid : {5: (4.0, 2.8), 2: (2.5, 2.0), 7: (4.0, 4.0), 1: (1.5714285714285714, 1.0), 8: (6.5, 2.1), 6: (5.333333333333333, 2.0), 3: (3.3333333333333335, 2.0), 9: (5.0, 5.0), 4: (3.5, 2.5)}
Repeat number : 6
Original weight : [16.18, 10.36, 20.27, 7.22, 10.22, 8.4, 22.47, 6.94, 8.16, 21.86, 17.03, 8.46, 10.52, 11.04, 7.48, 15.04, 21.89, 21.53, 22.62, 9.56, 15.71, 21.91, 17.41, 16.23, 21.96, 18.05, 22.34, 6.55, 9.23, 13.26, 14.99, 22.36, 22.51, 14.49, 12.44, 10.12, 10.62, 12.59, 22.0, 13.27]
Group : [0, 0, 0, 0, 0, 0, 0, 0, 0, 0, 0, 0, 0, 0, 0, 0, 0, 0, 0, 0, 0, 0, 0, 0, 0, 0, 0, 0, 0, 0, 0, 0, 0, 0, 0, 0, 0, 0, 0, 0]
Sequence : [1, 2, 3, 4, 5, 6, 7, 8, 9, 10, 11, 12, 13, 14, 15, 16, 17, 18, 19, 20, 21, 22, 23, 24, 25, 26, 27, 28, 29, 30, 31, 32, 33, 34, 35, 36, 37, 38, 39, 40]
Scroe : [16.18, 10.36, 20.27, 7.22, 10.22, 8.4, 22.47, 6.94, 8.16, 21.86, 17.03, 8.46, 10.52, 11.04, 7.48, 15.04, 21.89, 21.53, 22.62, 9.56, 15.71, 21.91, 17.41, 16.23, 21.96, 18.05, 22.34, 6.55, 9.23, 13.26, 14.99, 22.36, 22.51, 14.49, 12.44, 10.12, 10.62, 12.59, 22.0, 13.27]
Time taken to solve the MIP model : 6.0997 seconds
---------------------------------
solution for: IP model
objective: 72.381
x_1_4_0=1
x_2_3_0=1
x_3_4_1=1
x_4_1_0=1
x_5_3_1=1
x_6_2_0=1
x_7_6_0=1
x_8_1_1=1
x_9_1_2=1
x_10_6_1=1
x_11_6_2=1
x_12_2_1=1
x_13_2_2=1
x_14_4_2=1
x_15_1_3=1
x_16_4_3=1
x_17_6_3=1
x_18_6_4=1
x_19_6_5=1
x_20_2_3=1
x_21_4_4=1
x_22_7_0=1
x_23_5_0=1
x_24_4_5=1
x_25_8_0=1
x_26_5_1=1
x_27_7_1=1
x_28_1_4=1
x_29_2_4=1
x_30_5_2=1
x_31_5_3=1
x_32_7_2=1
x_33_8_1=1
x_34_5_4=1
x_35_3_2=1
x_36_2_5=1
x_37_3_3=1
x_38_3_4=1
x_39_7_3=1
x_40_3_5=1
r_1_0=1
r_1_1=1
r_1_2=1
r_1_3=1
r_1_4=1
r_2_2=1
r_2_3=1
r_2_4=1
r_2_5=1
r_3_0=1
r_3_1=1
r_3_2=1
r_3_3=1
r_3_4=1
r_3_5=1
r_4_0=1
r_4_1=1
r_4_2=1
r_4_3=1
r_4_4=1
r_4_5=1
r_5_0=1
r_5_1=1
r_5_2=1
r_5_3=1
r_5_4=1
r_6_0=1
r_6_1=1
r_6_2=1
r_6_3=1
r_6_4=1
r_6_5=1
r_7_1=1
r_7_2=1
r_7_3=1
r_8_0=1
r_8_1=1
d_1=2.800
d_2=2.500
d_3=3.000
d_4=1.571
d_5=1.500
d_6=1.429
d_7=2.600
d_8=0.571
d_9=1.571
d_10=1.600
d_11=0.667
d_12=0.429
d_13=0.500
d_14=0.667
d_15=2.571
d_16=0.200
d_17=1.400
d_18=2.400
d_19=1.000
d_20=1.500
d_21=1.200
d_22=2.600
d_23=2.333
d_24=2.200
d_25=3.600
d_26=1.333
d_27=1.600
d_28=3.571
d_29=2.500
d_30=2.000
d_31=1.200
d_32=0.600
d_33=2.600
d_34=3.000
d_35=0.333
d_36=3.500
d_37=1.333
d_38=2.000
d_39=1.400
d_40=3.000
d_x_2=0.500
d_x_4=0.571
d_x_5=0.500
d_x_6=0.429
d_x_7=0.500
d_x_8=0.571
d_x_9=0.571
d_x_10=0.500
d_x_11=0.667
d_x_12=0.429
d_x_13=0.500
d_x_14=0.667
d_x_15=0.571
d_x_17=0.500
d_x_18=0.500
d_x_19=1.000
d_x_20=0.500
d_x_22=0.500
d_x_23=0.333
d_x_25=1.500
d_x_26=0.333
d_x_27=0.500
d_x_28=0.571
d_x_29=0.500
d_x_30=1.500
d_x_31=1.000
d_x_32=0.500
d_x_33=1.500
d_x_34=1.500
d_x_35=0.333
d_x_36=0.500
d_x_37=0.333
d_x_38=0.500
d_x_39=0.500
d_x_40=0.500
d_y_1=2.800
d_y_2=2.000
d_y_3=3.000
d_y_4=1.000
d_y_5=1.000
d_y_6=1.000
d_y_7=2.100
d_y_9=1.000
d_y_10=1.100
d_y_15=2.000
d_y_16=0.200
d_y_17=0.900
d_y_18=1.900
d_y_20=1.000
d_y_21=1.200
d_y_22=2.100
d_y_23=2.000
d_y_24=2.200
d_y_25=2.100
d_y_26=1.000
d_y_27=1.100
d_y_28=3.000
d_y_29=2.000
d_y_30=0.500
d_y_31=0.200
d_y_32=0.100
d_y_33=1.100
d_y_34=1.500
d_y_36=3.000
d_y_37=1.000
d_y_38=1.500
d_y_39=0.900
d_y_40=2.500
