Number of initial container : 0
Number of new container : 40
Total number of containers : 40
Level_num : 9
Container_level : [2, 6, 7, 1, 4, 1, 7, 6, 7, 2, 5, 3, 9, 1, 5, 7, 3, 2, 7, 4, 7, 2, 8, 3, 8, 4, 1, 2, 6, 3, 1, 7, 7, 2, 1, 1, 7, 4, 8, 1]
ideal_configuration : 
 [[3. 4. 7. 7. 9. 0. 0. 0. 0. 0.]
 [2. 3. 5. 7. 7. 0. 0. 0. 0. 0.]
 [1. 2. 3. 5. 7. 7. 0. 0. 0. 0.]
 [1. 1. 2. 4. 6. 7. 8. 0. 0. 0.]
 [1. 1. 2. 2. 4. 6. 7. 8. 0. 0.]
 [1. 1. 1. 2. 3. 4. 6. 7. 8. 0.]]
Centroid : {2: (2.8333333333333335, 1.8333333333333333), 6: (6.0, 1.0), 7: (5.333333333333333, 3.0), 1: (1.625, 1.125), 4: (4.25, 2.0), 5: (3.5, 3.5), 3: (2.75, 3.0), 9: (5.0, 5.0), 8: (8.0, 1.0)}
Repeat number : 27
Original weight : [9.44, 17.18, 19.63, 5.18, 13.64, 6.14, 21.42, 18.58, 19.89, 7.77, 15.49, 11.28, 23.98, 6.27, 16.32, 21.43, 11.37, 8.74, 21.51, 12.32, 19.56, 9.52, 23.71, 9.94, 23.21, 12.82, 6.61, 8.42, 18.66, 12.04, 6.11, 20.08, 19.37, 9.1, 6.45, 5.03, 21.36, 12.48, 21.94, 6.52]
Group : [0, 0, 0, 0, 0, 0, 0, 0, 0, 0, 0, 0, 0, 0, 0, 0, 0, 0, 0, 0, 0, 0, 0, 0, 0, 0, 0, 0, 0, 0, 0, 0, 0, 0, 0, 0, 0, 0, 0, 0]
Sequence : [1, 2, 3, 4, 5, 6, 7, 8, 9, 10, 11, 12, 13, 14, 15, 16, 17, 18, 19, 20, 21, 22, 23, 24, 25, 26, 27, 28, 29, 30, 31, 32, 33, 34, 35, 36, 37, 38, 39, 40]
Scroe : [9.44, 17.18, 19.63, 5.18, 13.64, 6.14, 21.42, 18.58, 19.89, 7.77, 15.49, 11.28, 23.98, 6.27, 16.32, 21.43, 11.37, 8.74, 21.51, 12.32, 19.56, 9.52, 23.71, 9.94, 23.21, 12.82, 6.61, 8.42, 18.66, 12.04, 6.11, 20.08, 19.37, 9.1, 6.45, 5.03, 21.36, 12.48, 21.94, 6.52]
Time taken to solve the MIP model : 3.7863 seconds
---------------------------------
solution for: IP model
objective: 60.6667
x_1_3_0=1
x_2_6_0=1
x_3_5_0=1
x_4_2_0=1
x_5_5_1=1
x_6_3_1=1
x_7_5_2=1
x_8_6_1=1
x_9_5_3=1
x_10_3_2=1
x_11_5_4=1
x_12_3_3=1
x_13_5_5=1
x_14_2_1=1
x_15_3_4=1
x_16_6_2=1
x_17_3_5=1
x_18_2_2=1
x_19_6_3=1
x_20_4_0=1
x_21_6_4=1
x_22_4_1=1
x_23_7_0=1
x_24_2_3=1
x_25_8_0=1
x_26_4_2=1
x_27_1_0=1
x_28_2_4=1
x_29_7_1=1
x_30_2_5=1
x_31_1_1=1
x_32_7_2=1
x_33_7_3=1
x_34_4_3=1
x_35_1_2=1
x_36_1_3=1
x_37_6_5=1
x_38_4_4=1
x_39_8_1=1
x_40_1_4=1
r_1_0=1
r_1_1=1
r_1_2=1
r_1_3=1
r_1_4=1
r_2_0=1
r_2_1=1
r_2_2=1
r_2_3=1
r_2_4=1
r_2_5=1
r_3_0=1
r_3_1=1
r_3_2=1
r_3_3=1
r_3_4=1
r_3_5=1
r_4_0=1
r_4_1=1
r_4_2=1
r_4_3=1
r_4_4=1
r_5_0=1
r_5_1=1
r_5_2=1
r_5_3=1
r_5_4=1
r_5_5=1
r_6_1=1
r_6_2=1
r_6_3=1
r_6_4=1
r_6_5=1
r_7_0=1
r_7_1=1
r_7_2=1
r_7_3=1
r_8_0=1
r_8_1=1
d_1=2.000
d_2=1.000
d_3=3.333
d_4=1.500
d_5=1.750
d_6=1.500
d_7=1.333
d_9=0.333
d_10=0.333
d_11=2.000
d_12=0.250
d_14=0.500
d_15=1.000
d_16=1.667
d_17=2.250
d_18=1.000
d_19=0.667
d_20=2.250
d_21=1.667
d_22=2.000
d_23=2.000
d_24=0.750
d_25=1.000
d_26=0.250
d_27=1.750
d_28=3.000
d_29=1.000
d_30=2.750
d_31=0.750
d_32=2.667
d_33=1.667
d_34=2.333
d_35=1.500
d_36=2.500
d_37=2.667
d_38=2.250
d_40=3.500
d_x_1=0.167
d_x_3=0.333
d_x_4=0.375
d_x_5=0.750
d_x_6=1.375
d_x_7=0.333
d_x_9=0.333
d_x_10=0.167
d_x_11=1.500
d_x_12=0.250
d_x_14=0.375
d_x_15=0.500
d_x_16=0.667
d_x_17=0.250
d_x_18=0.833
d_x_19=0.667
d_x_20=0.250
d_x_21=0.667
d_x_22=1.167
d_x_23=1.000
d_x_24=0.750
d_x_26=0.250
d_x_27=0.625
d_x_28=0.833
d_x_29=1.000
d_x_30=0.750
d_x_31=0.625
d_x_32=1.667
d_x_33=1.667
d_x_34=1.167
d_x_35=0.625
d_x_36=0.625
d_x_37=0.667
d_x_38=0.250
d_x_40=0.625
d_y_1=1.833
d_y_2=1.000
d_y_3=3.000
d_y_4=1.125
d_y_5=1.000
d_y_6=0.125
d_y_7=1.000
d_y_10=0.167
d_y_11=0.500
d_y_14=0.125
d_y_15=0.500
d_y_16=1.000
d_y_17=2.000
d_y_18=0.167
d_y_20=2.000
d_y_21=1.000
d_y_22=0.833
d_y_23=1.000
d_y_25=1.000
d_y_27=1.125
d_y_28=2.167
d_y_30=2.000
d_y_31=0.125
d_y_32=1.000
d_y_34=1.167
d_y_35=0.875
d_y_36=1.875
d_y_37=2.000
d_y_38=2.000
d_y_40=2.875
