Number of initial container : 0
Number of new container : 40
Total number of containers : 40
Level_num : 9
Container_level : [1, 8, 8, 8, 7, 2, 4, 5, 1, 6, 6, 8, 4, 1, 8, 3, 9, 8, 6, 8, 1, 4, 2, 3, 3, 7, 7, 7, 7, 8, 6, 5, 5, 7, 1, 5, 8, 2, 8, 6]
ideal_configuration : 
 [[5. 6. 7. 8. 9. 0. 0. 0. 0. 0.]
 [3. 5. 6. 7. 8. 0. 0. 0. 0. 0.]
 [2. 4. 5. 7. 8. 8. 0. 0. 0. 0.]
 [1. 2. 4. 6. 7. 8. 8. 0. 0. 0.]
 [1. 1. 3. 4. 6. 7. 8. 8. 0. 0.]
 [1. 1. 2. 3. 5. 6. 7. 8. 8. 0.]]
Centroid : {1: (1.4, 0.8), 8: (6.5, 2.1), 7: (4.833333333333333, 2.5), 2: (2.0, 1.6666666666666667), 4: (3.0, 2.0), 5: (2.75, 3.0), 6: (4.0, 2.4), 3: (2.6666666666666665, 1.6666666666666667), 9: (5.0, 5.0)}
Repeat number : 20
Original weight : [6.86, 21.75, 23.11, 21.86, 20.23, 9.07, 13.11, 14.56, 7.4, 16.99, 19.06, 21.57, 13.19, 5.7, 21.58, 11.75, 23.76, 21.71, 19.1, 22.54, 7.01, 14.54, 8.01, 11.58, 11.56, 19.46, 19.44, 19.18, 20.11, 22.89, 18.78, 15.08, 15.7, 21.01, 5.32, 16.82, 22.56, 8.13, 23.11, 17.36]
Group : [0, 0, 0, 0, 0, 0, 0, 0, 0, 0, 0, 0, 0, 0, 0, 0, 0, 0, 0, 0, 0, 0, 0, 0, 0, 0, 0, 0, 0, 0, 0, 0, 0, 0, 0, 0, 0, 0, 0, 0]
Sequence : [1, 2, 3, 4, 5, 6, 7, 8, 9, 10, 11, 12, 13, 14, 15, 16, 17, 18, 19, 20, 21, 22, 23, 24, 25, 26, 27, 28, 29, 30, 31, 32, 33, 34, 35, 36, 37, 38, 39, 40]
Scroe : [6.86, 21.75, 23.11, 21.86, 20.23, 9.07, 13.11, 14.56, 7.4, 16.99, 19.06, 21.57, 13.19, 5.7, 21.58, 11.75, 23.76, 21.71, 19.1, 22.54, 7.01, 14.54, 8.01, 11.58, 11.56, 19.46, 19.44, 19.18, 20.11, 22.89, 18.78, 15.08, 15.7, 21.01, 5.32, 16.82, 22.56, 8.13, 23.11, 17.36]
Time taken to solve the MIP model : 9.4148 seconds
---------------------------------
solution for: IP model
objective: 66.1
x_1_2_0=1
x_2_6_0=1
x_3_6_1=1
x_4_6_2=1
x_5_6_3=1
x_6_2_1=1
x_7_2_2=1
x_8_2_3=1
x_9_1_0=1
x_10_4_0=1
x_11_4_1=1
x_12_7_0=1
x_13_4_2=1
x_14_1_1=1
x_15_6_4=1
x_16_3_0=1
x_17_6_5=1
x_18_7_1=1
x_19_4_3=1
x_20_8_0=1
x_21_1_2=1
x_22_3_1=1
x_23_1_3=1
x_24_3_2=1
x_25_5_0=1
x_26_5_1=1
x_27_5_2=1
x_28_5_3=1
x_29_5_4=1
x_30_7_2=1
x_31_4_4=1
x_32_3_3=1
x_33_3_4=1
x_34_5_5=1
x_35_1_4=1
x_36_3_5=1
x_37_7_3=1
x_38_2_4=1
x_39_8_1=1
x_40_4_5=1
r_1_0=1
r_1_1=1
r_1_2=1
r_1_3=1
r_1_4=1
r_2_0=1
r_2_1=1
r_2_2=1
r_2_3=1
r_2_4=1
r_3_0=1
r_3_1=1
r_3_2=1
r_3_3=1
r_3_4=1
r_3_5=1
r_4_0=1
r_4_1=1
r_4_2=1
r_4_3=1
r_4_4=1
r_4_5=1
r_5_0=1
r_5_1=1
r_5_2=1
r_5_3=1
r_5_4=1
r_5_5=1
r_6_0=1
r_6_1=1
r_6_2=1
r_6_3=1
r_6_4=1
r_6_5=1
r_7_0=1
r_7_1=1
r_7_2=1
r_7_3=1
r_8_0=1
r_8_1=1
d_1=1.400
d_2=2.600
d_3=1.600
d_4=0.600
d_5=1.667
d_6=0.667
d_7=1.000
d_8=0.750
d_9=1.200
d_10=2.400
d_11=1.400
d_12=2.600
d_13=1.000
d_14=0.600
d_15=2.400
d_16=2.000
d_17=1.000
d_18=1.600
d_19=0.600
d_20=3.600
d_21=1.600
d_22=1.000
d_23=2.333
d_24=0.667
d_25=4.000
d_26=1.667
d_27=0.667
d_28=0.667
d_29=1.667
d_30=0.600
d_31=1.600
d_32=0.250
d_33=1.250
d_34=2.667
d_35=3.600
d_36=2.250
d_37=1.400
d_38=2.333
d_39=2.600
d_40=2.600
d_x_1=0.600
d_x_2=0.500
d_x_3=0.500
d_x_4=0.500
d_x_5=1.167
d_x_7=1.000
d_x_8=0.750
d_x_9=0.400
d_x_12=0.500
d_x_13=1.000
d_x_14=0.400
d_x_15=0.500
d_x_16=0.333
d_x_17=1.000
d_x_18=0.500
d_x_20=1.500
d_x_21=0.400
d_x_23=1.000
d_x_24=0.333
d_x_25=2.333
d_x_26=0.167
d_x_27=0.167
d_x_28=0.167
d_x_29=0.167
d_x_30=0.500
d_x_32=0.250
d_x_33=0.250
d_x_34=0.167
d_x_35=0.400
d_x_36=0.250
d_x_37=0.500
d_x_39=1.500
d_y_1=0.800
d_y_2=2.100
d_y_3=1.100
d_y_4=0.100
d_y_5=0.500
d_y_6=0.667
d_y_9=0.800
d_y_10=2.400
d_y_11=1.400
d_y_12=2.100
d_y_14=0.200
d_y_15=1.900
d_y_16=1.667
d_y_18=1.100
d_y_19=0.600
d_y_20=2.100
d_y_21=1.200
d_y_22=1.000
d_y_23=1.333
d_y_24=0.333
d_y_25=1.667
d_y_26=1.500
d_y_27=0.500
d_y_28=0.500
d_y_29=1.500
d_y_30=0.100
d_y_31=1.600
d_y_33=1.000
d_y_34=2.500
d_y_35=3.200
d_y_36=2.000
d_y_37=0.900
d_y_38=2.333
d_y_39=1.100
d_y_40=2.600
