Number of initial container : 0
Number of new container : 40
Total number of containers : 40
Level_num : 9
Container_level : [1, 6, 2, 8, 5, 3, 6, 1, 6, 2, 6, 1, 1, 8, 3, 5, 8, 4, 8, 2, 9, 1, 7, 2, 6, 2, 5, 5, 2, 1, 3, 2, 6, 4, 7, 2, 6, 3, 8, 2]
ideal_configuration : 
 [[3. 5. 6. 7. 9. 0. 0. 0. 0. 0.]
 [2. 3. 5. 6. 8. 0. 0. 0. 0. 0.]
 [2. 2. 3. 5. 6. 8. 0. 0. 0. 0.]
 [1. 2. 2. 3. 5. 6. 8. 0. 0. 0.]
 [1. 1. 2. 2. 4. 6. 6. 8. 0. 0.]
 [1. 1. 1. 2. 2. 4. 6. 7. 8. 0.]]
Centroid : {1: (1.6666666666666667, 0.6666666666666666), 6: (5.428571428571429, 2.2857142857142856), 2: (2.7777777777777777, 1.7777777777777777), 8: (7.0, 2.0), 5: (3.5, 3.5), 3: (2.5, 3.5), 4: (5.5, 0.5), 9: (5.0, 5.0), 7: (6.0, 2.5)}
Repeat number : 17
Original weight : [5.23, 17.85, 8.13, 22.59, 16.25, 10.14, 17.93, 6.05, 17.33, 9.52, 17.16, 6.8, 6.16, 23.02, 10.4, 16.62, 21.85, 14.41, 22.81, 7.62, 23.76, 6.82, 19.28, 8.65, 17.17, 9.8, 15.07, 16.81, 9.12, 6.66, 10.85, 8.2, 17.73, 13.9, 19.91, 9.17, 18.06, 10.9, 23.24, 7.58]
Group : [0, 0, 0, 0, 0, 0, 0, 0, 0, 0, 0, 0, 0, 0, 0, 0, 0, 0, 0, 0, 0, 0, 0, 0, 0, 0, 0, 0, 0, 0, 0, 0, 0, 0, 0, 0, 0, 0, 0, 0]
Sequence : [1, 2, 3, 4, 5, 6, 7, 8, 9, 10, 11, 12, 13, 14, 15, 16, 17, 18, 19, 20, 21, 22, 23, 24, 25, 26, 27, 28, 29, 30, 31, 32, 33, 34, 35, 36, 37, 38, 39, 40]
Scroe : [5.23, 17.85, 8.13, 22.59, 16.25, 10.14, 17.93, 6.05, 17.33, 9.52, 17.16, 6.8, 6.16, 23.02, 10.4, 16.62, 21.85, 14.41, 22.81, 7.62, 23.76, 6.82, 19.28, 8.65, 17.17, 9.8, 15.07, 16.81, 9.12, 6.66, 10.85, 8.2, 17.73, 13.9, 19.91, 9.17, 18.06, 10.9, 23.24, 7.58]
Time taken to solve the MIP model : 3.7396 seconds
---------------------------------
solution for: IP model
objective: 63.4921
x_1_4_0=1
x_2_5_0=1
x_3_4_1=1
x_4_7_0=1
x_5_4_2=1
x_6_4_3=1
x_7_5_1=1
x_8_1_0=1
x_9_5_2=1
x_10_3_0=1
x_11_5_3=1
x_12_1_1=1
x_13_1_2=1
x_14_7_1=1
x_15_1_3=1
x_16_5_4=1
x_17_7_2=1
x_18_6_0=1
x_19_7_3=1
x_20_3_1=1
x_21_5_5=1
x_22_2_0=1
x_23_6_1=1
x_24_3_2=1
x_25_6_2=1
x_26_3_3=1
x_27_4_4=1
x_28_4_5=1
x_29_3_4=1
x_30_2_1=1
x_31_1_4=1
x_32_2_2=1
x_33_6_3=1
x_34_8_0=1
x_35_6_4=1
x_36_2_3=1
x_37_6_5=1
x_38_2_4=1
x_39_8_1=1
x_40_3_5=1
r_1_0=1
r_1_1=1
r_1_2=1
r_1_3=1
r_1_4=1
r_2_0=1
r_2_1=1
r_2_2=1
r_2_3=1
r_2_4=1
r_3_0=1
r_3_1=1
r_3_2=1
r_3_3=1
r_3_4=1
r_3_5=1
r_4_1=1
r_4_2=1
r_4_3=1
r_4_4=1
r_4_5=1
r_5_0=1
r_5_1=1
r_5_2=1
r_5_3=1
r_5_4=1
r_5_5=1
r_6_1=1
r_6_2=1
r_6_3=1
r_6_4=1
r_6_5=1
r_7_0=1
r_7_1=1
r_7_2=1
r_7_3=1
d_1=3.000
d_2=2.714
d_3=2.000
d_4=2.000
d_5=2.000
d_6=2.000
d_7=1.714
d_8=1.333
d_9=0.714
d_10=2.000
d_11=1.143
d_12=1.000
d_13=2.000
d_14=1.000
d_15=2.000
d_16=2.000
d_18=1.000
d_19=1.000
d_20=1.000
d_22=1.000
d_23=1.500
d_24=0.444
d_25=0.857
d_26=1.444
d_27=1.000
d_28=2.000
d_29=2.444
d_30=0.667
d_31=2.000
d_32=1.000
d_33=1.286
d_34=3.000
d_35=1.500
d_36=2.000
d_37=3.286
d_38=1.000
d_39=2.000
d_40=3.444
d_x_1=2.333
d_x_2=0.429
d_x_3=1.222
d_x_5=0.500
d_x_6=1.500
d_x_7=0.429
d_x_8=0.667
d_x_9=0.429
d_x_10=0.222
d_x_11=0.429
d_x_12=0.667
d_x_13=0.667
d_x_15=1.500
d_x_16=1.500
d_x_18=0.500
d_x_20=0.222
d_x_22=0.333
d_x_24=0.222
d_x_25=0.571
d_x_26=0.222
d_x_27=0.500
d_x_28=0.500
d_x_29=0.222
d_x_30=0.333
d_x_31=1.500
d_x_32=0.778
d_x_33=0.571
d_x_34=2.500
d_x_36=0.778
d_x_37=0.571
d_x_38=0.500
d_x_39=1.000
d_x_40=0.222
d_y_1=0.667
d_y_2=2.286
d_y_3=0.778
d_y_4=2.000
d_y_5=1.500
d_y_6=0.500
d_y_7=1.286
d_y_8=0.667
d_y_9=0.286
d_y_10=1.778
d_y_11=0.714
d_y_12=0.333
d_y_13=1.333
d_y_14=1.000
d_y_15=0.500
d_y_16=0.500
d_y_18=0.500
d_y_19=1.000
d_y_20=0.778
d_y_22=0.667
d_y_23=1.500
d_y_24=0.222
d_y_25=0.286
d_y_26=1.222
d_y_27=0.500
d_y_28=1.500
d_y_29=2.222
d_y_30=0.333
d_y_31=0.500
d_y_32=0.222
d_y_33=0.714
d_y_34=0.500
d_y_35=1.500
d_y_36=1.222
d_y_37=2.714
d_y_38=0.500
d_y_39=1.000
d_y_40=3.222
