Number of initial container : 0
Number of new container : 40
Total number of containers : 40
Level_num : 9
Container_level : [1, 3, 5, 7, 1, 8, 2, 5, 3, 2, 5, 5, 8, 3, 1, 8, 1, 9, 1, 7, 8, 4, 2, 1, 8, 7, 6, 6, 7, 7, 6, 4, 3, 2, 8, 3, 5, 4, 2, 8]
ideal_configuration : 
 [[3. 5. 7. 8. 9. 0. 0. 0. 0. 0.]
 [2. 4. 5. 7. 8. 0. 0. 0. 0. 0.]
 [2. 3. 4. 5. 7. 8. 0. 0. 0. 0.]
 [1. 2. 3. 4. 6. 7. 8. 0. 0. 0.]
 [1. 1. 2. 3. 5. 6. 7. 8. 0. 0.]
 [1. 1. 1. 2. 3. 5. 6. 8. 8. 0.]]
Centroid : {1: (1.6666666666666667, 0.6666666666666666), 3: (3.0, 2.2), 5: (4.0, 2.6), 7: (5.0, 3.0), 8: (6.714285714285714, 2.142857142857143), 2: (2.2, 2.0), 9: (5.0, 5.0), 4: (3.0, 3.0), 6: (6.0, 1.0)}
Repeat number : 30
Original weight : [5.82, 11.18, 15.79, 20.3, 5.51, 23.04, 9.61, 15.02, 10.32, 8.58, 15.32, 16.01, 22.85, 11.53, 5.44, 21.73, 6.01, 23.11, 7.27, 20.18, 21.02, 13.03, 9.47, 5.58, 21.18, 20.31, 18.56, 18.02, 20.33, 19.99, 18.43, 13.84, 10.0, 8.85, 21.19, 10.17, 15.63, 12.29, 9.4, 22.0]
Group : [0, 0, 0, 0, 0, 0, 0, 0, 0, 0, 0, 0, 0, 0, 0, 0, 0, 0, 0, 0, 0, 0, 0, 0, 0, 0, 0, 0, 0, 0, 0, 0, 0, 0, 0, 0, 0, 0, 0, 0]
Sequence : [1, 2, 3, 4, 5, 6, 7, 8, 9, 10, 11, 12, 13, 14, 15, 16, 17, 18, 19, 20, 21, 22, 23, 24, 25, 26, 27, 28, 29, 30, 31, 32, 33, 34, 35, 36, 37, 38, 39, 40]
Scroe : [5.82, 11.18, 15.79, 20.3, 5.51, 23.04, 9.61, 15.02, 10.32, 8.58, 15.32, 16.01, 22.85, 11.53, 5.44, 21.73, 6.01, 23.11, 7.27, 20.18, 21.02, 13.03, 9.47, 5.58, 21.18, 20.31, 18.56, 18.02, 20.33, 19.99, 18.43, 13.84, 10.0, 8.85, 21.19, 10.17, 15.63, 12.29, 9.4, 22.0]
Time taken to solve the MIP model : 5.9939 seconds
---------------------------------
solution for: IP model
objective: 62.7524
x_1_2_0=1
x_2_4_0=1
x_3_4_1=1
x_4_5_0=1
x_5_2_1=1
x_6_7_0=1
x_7_2_2=1
x_8_4_2=1
x_9_2_3=1
x_10_2_4=1
x_11_4_3=1
x_12_4_4=1
x_13_7_1=1
x_14_5_1=1
x_15_3_0=1
x_16_8_0=1
x_17_3_1=1
x_18_4_5=1
x_19_1_0=1
x_20_5_2=1
x_21_7_2=1
x_22_2_5=1
x_23_3_2=1
x_24_1_1=1
x_25_7_3=1
x_26_5_3=1
x_27_6_0=1
x_28_8_1=1
x_29_5_4=1
x_30_5_5=1
x_31_6_1=1
x_32_3_3=1
x_33_3_4=1
x_34_1_2=1
x_35_6_2=1
x_36_1_3=1
x_37_6_3=1
x_38_3_5=1
x_39_1_4=1
x_40_6_4=1
r_1_0=1
r_1_1=1
r_1_2=1
r_1_3=1
r_1_4=1
r_2_0=1
r_2_1=1
r_2_2=1
r_2_3=1
r_2_4=1
r_2_5=1
r_3_0=1
r_3_1=1
r_3_2=1
r_3_3=1
r_3_4=1
r_3_5=1
r_4_0=1
r_4_1=1
r_4_2=1
r_4_3=1
r_4_4=1
r_4_5=1
r_5_0=1
r_5_1=1
r_5_2=1
r_5_3=1
r_5_4=1
r_5_5=1
r_6_0=1
r_6_1=1
r_6_2=1
r_6_3=1
r_6_4=1
r_7_0=1
r_7_1=1
r_7_2=1
r_7_3=1
r_8_0=1
r_8_1=1
d_1=1.000
d_2=3.200
d_3=1.600
d_4=3.000
d_5=0.667
d_6=2.429
d_7=0.200
d_8=0.600
d_9=1.800
d_10=2.200
d_11=0.400
d_12=1.400
d_13=1.429
d_14=3.200
d_15=2.000
d_16=3.429
d_17=1.667
d_18=1.000
d_19=1.333
d_20=1.000
d_21=0.429
d_22=3.000
d_23=0.800
d_24=1.000
d_25=1.143
d_27=1.000
d_28=2.000
d_29=1.000
d_30=2.000
d_33=1.800
d_34=1.200
d_35=0.857
d_36=2.800
d_37=2.400
d_38=2.000
d_39=3.200
d_40=2.571
d_x_1=0.333
d_x_2=1.000
d_x_5=0.333
d_x_6=0.286
d_x_7=0.200
d_x_9=1.000
d_x_10=0.200
d_x_13=0.286
d_x_14=2.000
d_x_15=1.333
d_x_16=1.286
d_x_17=1.333
d_x_18=1.000
d_x_19=0.667
d_x_21=0.286
d_x_22=1.000
d_x_23=0.800
d_x_24=0.667
d_x_25=0.286
d_x_28=2.000
d_x_34=1.200
d_x_35=0.714
d_x_36=2.000
d_x_37=2.000
d_x_39=1.200
d_x_40=0.714
d_y_1=0.667
d_y_2=2.200
d_y_3=1.600
d_y_4=3.000
d_y_5=0.333
d_y_6=2.143
d_y_8=0.600
d_y_9=0.800
d_y_10=2.000
d_y_11=0.400
d_y_12=1.400
d_y_13=1.143
d_y_14=1.200
d_y_15=0.667
d_y_16=2.143
d_y_17=0.333
d_y_19=0.667
d_y_20=1.000
d_y_21=0.143
d_y_22=2.000
d_y_24=0.333
d_y_25=0.857
d_y_27=1.000
d_y_29=1.000
d_y_30=2.000
d_y_33=1.800
d_y_35=0.143
d_y_36=0.800
d_y_37=0.400
d_y_38=2.000
d_y_39=2.000
d_y_40=1.857
