Number of initial container : 0
Number of new container : 40
Total number of containers : 40
Level_num : 9
Container_level : [1, 8, 8, 8, 6, 6, 5, 5, 3, 7, 8, 2, 5, 4, 1, 1, 6, 5, 4, 2, 5, 8, 7, 8, 8, 5, 6, 9, 2, 4, 4, 6, 2, 3, 5, 4, 7, 7, 1, 1]
ideal_configuration : 
 [[4. 5. 6. 8. 9. 0. 0. 0. 0. 0.]
 [3. 5. 5. 7. 8. 0. 0. 0. 0. 0.]
 [2. 4. 5. 6. 7. 8. 0. 0. 0. 0.]
 [1. 2. 4. 5. 6. 7. 8. 0. 0. 0.]
 [1. 1. 2. 4. 5. 6. 7. 8. 0. 0.]
 [1. 1. 2. 3. 4. 5. 6. 8. 8. 0.]]
Centroid : {1: (1.4, 0.8), 8: (6.714285714285714, 2.142857142857143), 6: (5.0, 2.2), 5: (3.5714285714285716, 2.7142857142857144), 3: (2.5, 2.0), 7: (5.5, 2.5), 2: (2.25, 1.5), 4: (3.0, 2.2), 9: (5.0, 5.0)}
Repeat number : 19
Original weight : [5.27, 23.61, 21.68, 21.43, 17.68, 18.84, 15.56, 14.9, 11.93, 19.8, 21.67, 7.8, 14.69, 13.11, 6.72, 5.28, 18.34, 15.11, 14.0, 8.25, 14.75, 21.67, 21.16, 22.81, 21.91, 15.64, 17.7, 23.68, 8.66, 13.09, 12.82, 18.62, 9.42, 10.56, 16.22, 14.03, 19.92, 19.9, 6.77, 5.98]
Group : [0, 0, 0, 0, 0, 0, 0, 0, 0, 0, 0, 0, 0, 0, 0, 0, 0, 0, 0, 0, 0, 0, 0, 0, 0, 0, 0, 0, 0, 0, 0, 0, 0, 0, 0, 0, 0, 0, 0, 0]
Sequence : [1, 2, 3, 4, 5, 6, 7, 8, 9, 10, 11, 12, 13, 14, 15, 16, 17, 18, 19, 20, 21, 22, 23, 24, 25, 26, 27, 28, 29, 30, 31, 32, 33, 34, 35, 36, 37, 38, 39, 40]
Scroe : [5.27, 23.61, 21.68, 21.43, 17.68, 18.84, 15.56, 14.9, 11.93, 19.8, 21.67, 7.8, 14.69, 13.11, 6.72, 5.28, 18.34, 15.11, 14.0, 8.25, 14.75, 21.67, 21.16, 22.81, 21.91, 15.64, 17.7, 23.68, 8.66, 13.09, 12.82, 18.62, 9.42, 10.56, 16.22, 14.03, 19.92, 19.9, 6.77, 5.98]
Time taken to solve the MIP model : 6.2975 seconds
---------------------------------
solution for: IP model
objective: 68.3714
x_1_2_0=1
x_2_7_0=1
x_3_8_0=1
x_4_8_1=1
x_5_5_0=1
x_6_5_1=1
x_7_4_0=1
x_8_4_1=1
x_9_3_0=1
x_10_6_0=1
x_11_7_1=1
x_12_2_1=1
x_13_4_2=1
x_14_3_1=1
x_15_1_0=1
x_16_1_1=1
x_17_5_2=1
x_18_4_3=1
x_19_3_2=1
x_20_2_2=1
x_21_4_4=1
x_22_6_1=1
x_23_5_3=1
x_24_7_2=1
x_25_7_3=1
x_26_4_5=1
x_27_5_4=1
x_28_5_5=1
x_29_2_3=1
x_30_3_3=1
x_31_3_4=1
x_32_6_2=1
x_33_1_2=1
x_34_2_4=1
x_35_2_5=1
x_36_3_5=1
x_37_6_3=1
x_38_6_4=1
x_39_1_3=1
x_40_1_4=1
r_1_0=1
r_1_1=1
r_1_2=1
r_1_3=1
r_1_4=1
r_2_1=1
r_2_2=1
r_2_3=1
r_2_4=1
r_2_5=1
r_3_1=1
r_3_2=1
r_3_3=1
r_3_4=1
r_3_5=1
r_4_0=1
r_4_1=1
r_4_2=1
r_4_3=1
r_4_4=1
r_4_5=1
r_5_0=1
r_5_1=1
r_5_2=1
r_5_3=1
r_5_4=1
r_5_5=1
r_6_0=1
r_6_1=1
r_6_2=1
r_6_3=1
r_6_4=1
r_7_0=1
r_7_1=1
r_7_2=1
r_7_3=1
r_8_0=1
r_8_1=1
d_1=1.400
d_2=2.429
d_3=3.429
d_4=2.429
d_5=2.200
d_6=1.200
d_7=3.143
d_8=2.143
d_9=2.500
d_10=3.000
d_11=1.429
d_12=0.750
d_13=1.143
d_14=1.200
d_15=1.200
d_16=0.600
d_17=0.200
d_18=0.714
d_19=0.200
d_20=0.750
d_21=1.714
d_22=1.857
d_23=1.000
d_24=0.429
d_25=1.143
d_26=2.714
d_27=1.800
d_29=1.750
d_30=0.800
d_31=1.800
d_32=1.200
d_33=1.750
d_34=2.500
d_35=3.857
d_36=2.800
d_37=1.000
d_38=2.000
d_39=2.600
d_40=3.600
d_x_1=0.600
d_x_2=0.286
d_x_3=1.286
d_x_4=1.286
d_x_7=0.429
d_x_8=0.429
d_x_9=0.500
d_x_10=0.500
d_x_11=0.286
d_x_12=0.250
d_x_13=0.429
d_x_15=0.400
d_x_16=0.400
d_x_18=0.429
d_x_20=0.250
d_x_21=0.429
d_x_22=0.714
d_x_23=0.500
d_x_24=0.286
d_x_25=0.286
d_x_26=0.429
d_x_29=0.250
d_x_32=1.000
d_x_33=1.250
d_x_34=0.500
d_x_35=1.571
d_x_37=0.500
d_x_38=0.500
d_x_39=0.400
d_x_40=0.400
d_y_1=0.800
d_y_2=2.143
d_y_3=2.143
d_y_4=1.143
d_y_5=2.200
d_y_6=1.200
d_y_7=2.714
d_y_8=1.714
d_y_9=2.000
d_y_10=2.500
d_y_11=1.143
d_y_12=0.500
d_y_13=0.714
d_y_14=1.200
d_y_15=0.800
d_y_16=0.200
d_y_17=0.200
d_y_18=0.286
d_y_19=0.200
d_y_20=0.500
d_y_21=1.286
d_y_22=1.143
d_y_23=0.500
d_y_24=0.143
d_y_25=0.857
d_y_26=2.286
d_y_27=1.800
d_y_29=1.500
d_y_30=0.800
d_y_31=1.800
d_y_32=0.200
d_y_33=0.500
d_y_34=2.000
d_y_35=2.286
d_y_36=2.800
d_y_37=0.500
d_y_38=1.500
d_y_39=2.200
d_y_40=3.200
