Number of initial container : 0
Number of new container : 40
Total number of containers : 40
Level_num : 9
Container_level : [8, 6, 5, 1, 4, 3, 4, 7, 8, 9, 7, 8, 3, 1, 7, 3, 8, 3, 8, 4, 4, 8, 7, 1, 2, 2, 8, 6, 8, 3, 7, 6, 5, 5, 4, 8, 4, 5, 1, 6]
ideal_configuration : 
 [[4. 6. 7. 8. 9. 0. 0. 0. 0. 0.]
 [3. 4. 6. 7. 8. 0. 0. 0. 0. 0.]
 [3. 4. 5. 6. 7. 8. 0. 0. 0. 0.]
 [1. 3. 4. 5. 6. 8. 8. 0. 0. 0.]
 [1. 2. 3. 4. 5. 7. 8. 8. 0. 0.]
 [1. 1. 2. 3. 4. 5. 7. 8. 8. 0.]]
Centroid : {8: (6.666666666666667, 2.0), 6: (3.5, 3.5), 5: (4.5, 1.5), 1: (1.25, 0.75), 4: (2.8333333333333335, 2.5), 3: (2.2, 2.0), 7: (5.0, 2.6), 9: (5.0, 5.0), 2: (2.5, 0.5)}
Repeat number : 5
Original weight : [23.15, 18.84, 16.25, 7.45, 14.41, 11.78, 12.85, 20.87, 21.66, 23.54, 21.01, 21.41, 10.54, 5.85, 20.39, 10.49, 22.27, 11.73, 23.44, 12.81, 13.77, 21.48, 20.54, 6.04, 8.45, 8.71, 22.08, 18.46, 22.28, 12.28, 19.62, 18.41, 15.98, 16.63, 13.2, 22.42, 12.59, 16.17, 7.53, 18.5]
Group : [0, 0, 0, 0, 0, 0, 0, 0, 0, 0, 0, 0, 0, 0, 0, 0, 0, 0, 0, 0, 0, 0, 0, 0, 0, 0, 0, 0, 0, 0, 0, 0, 0, 0, 0, 0, 0, 0, 0, 0]
Sequence : [1, 2, 3, 4, 5, 6, 7, 8, 9, 10, 11, 12, 13, 14, 15, 16, 17, 18, 19, 20, 21, 22, 23, 24, 25, 26, 27, 28, 29, 30, 31, 32, 33, 34, 35, 36, 37, 38, 39, 40]
Scroe : [23.15, 18.84, 16.25, 7.45, 14.41, 11.78, 12.85, 20.87, 21.66, 23.54, 21.01, 21.41, 10.54, 5.85, 20.39, 10.49, 22.27, 11.73, 23.44, 12.81, 13.77, 21.48, 20.54, 6.04, 8.45, 8.71, 22.08, 18.46, 22.28, 12.28, 19.62, 18.41, 15.98, 16.63, 13.2, 22.42, 12.59, 16.17, 7.53, 18.5]
Time taken to solve the MIP model : 9.5630 seconds
---------------------------------
solution for: IP model
objective: 70.3667
x_1_7_0=1
x_2_4_0=1
x_3_4_1=1
x_4_1_0=1
x_5_4_2=1
x_6_2_0=1
x_7_4_3=1
x_8_5_0=1
x_9_7_1=1
x_10_4_4=1
x_11_5_1=1
x_12_8_0=1
x_13_2_1=1
x_14_1_1=1
x_15_5_2=1
x_16_2_2=1
x_17_9_0=1
x_18_1_2=1
x_19_7_2=1
x_20_2_3=1
x_21_2_4=1
x_22_7_3=1
x_23_5_3=1
x_24_1_3=1
x_25_3_0=1
x_26_3_1=1
x_27_8_1=1
x_28_5_4=1
x_29_8_2=1
x_30_3_2=1
x_31_5_5=1
x_32_4_5=1
x_33_6_0=1
x_34_6_1=1
x_35_3_3=1
x_36_6_2=1
x_37_3_4=1
x_38_6_3=1
x_39_1_4=1
x_40_3_5=1
r_1_0=1
r_1_1=1
r_1_2=1
r_1_3=1
r_1_4=1
r_2_0=1
r_2_1=1
r_2_2=1
r_2_3=1
r_2_4=1
r_3_3=1
r_3_4=1
r_3_5=1
r_4_0=1
r_4_1=1
r_4_2=1
r_4_3=1
r_4_4=1
r_4_5=1
r_5_0=1
r_5_1=1
r_5_2=1
r_5_3=1
r_5_4=1
r_5_5=1
r_6_0=1
r_6_1=1
r_6_2=1
r_6_3=1
r_7_0=1
r_7_1=1
r_7_2=1
r_7_3=1
d_1=2.333
d_2=4.000
d_3=1.000
d_4=1.000
d_5=1.667
d_6=2.200
d_7=1.667
d_8=2.600
d_9=1.333
d_10=2.000
d_11=1.600
d_12=3.333
d_13=1.200
d_14=0.500
d_15=0.600
d_16=0.200
d_17=4.333
d_18=1.200
d_19=0.333
d_20=1.333
d_21=2.333
d_22=1.333
d_23=0.400
d_24=2.500
d_25=1.000
d_26=1.000
d_27=2.333
d_28=2.000
d_29=1.333
d_30=0.800
d_31=2.400
d_32=2.000
d_33=3.000
d_34=2.000
d_35=0.667
d_36=0.667
d_37=1.667
d_38=3.000
d_39=3.500
d_40=2.000
d_x_1=0.333
d_x_2=0.500
d_x_3=0.500
d_x_4=0.250
d_x_5=1.167
d_x_6=0.200
d_x_7=1.167
d_x_9=0.333
d_x_10=1.000
d_x_12=1.333
d_x_13=0.200
d_x_14=0.250
d_x_16=0.200
d_x_17=2.333
d_x_18=1.200
d_x_19=0.333
d_x_20=0.833
d_x_21=0.833
d_x_22=0.333
d_x_24=0.250
d_x_25=0.500
d_x_26=0.500
d_x_27=1.333
d_x_28=1.500
d_x_29=1.333
d_x_30=0.800
d_x_32=0.500
d_x_33=1.500
d_x_34=1.500
d_x_35=0.167
d_x_36=0.667
d_x_37=0.167
d_x_38=1.500
d_x_39=0.250
d_x_40=0.500
d_y_1=2.000
d_y_2=3.500
d_y_3=0.500
d_y_4=0.750
d_y_5=0.500
d_y_6=2.000
d_y_7=0.500
d_y_8=2.600
d_y_9=1.000
d_y_10=1.000
d_y_11=1.600
d_y_12=2.000
d_y_13=1.000
d_y_14=0.250
d_y_15=0.600
d_y_17=2.000
d_y_20=0.500
d_y_21=1.500
d_y_22=1.000
d_y_23=0.400
d_y_24=2.250
d_y_25=0.500
d_y_26=0.500
d_y_27=1.000
d_y_28=0.500
d_y_31=2.400
d_y_32=1.500
d_y_33=1.500
d_y_34=0.500
d_y_35=0.500
d_y_37=1.500
d_y_38=1.500
d_y_39=3.250
d_y_40=1.500
