Number of initial container : 7
Number of new container : 16
Total number of containers : 23
Level_num : 9
Container_level : [5, 4, 6, 1, 8, 2, 6, 2, 2, 5, 2, 3, 5, 2, 3, 7, 2, 3, 4, 2, 2, 1, 9]
ideal_configuration : 
 [[3. 5. 7. 0. 0. 0.]
 [2. 3. 5. 8. 0. 0.]
 [2. 2. 3. 5. 9. 0.]
 [1. 2. 2. 4. 6. 0.]
 [1. 2. 2. 2. 4. 6.]]
Centroid : {5: (2.0, 3.0), 4: (3.5, 0.5), 6: (4.5, 0.5), 1: (0.0, 0.5), 8: (3.0, 3.0), 2: (1.25, 1.125), 3: (1.0, 3.0), 7: (2.0, 4.0), 9: (4.0, 2.0)}
Repeat number : 18
Original weight : [15.45, 12.62, 18.07, 7.22, 22.59, 8.24, 17.59, 9.46, 9.13, 15.56, 9.58, 11.51, 14.92, 9.85, 10.22, 20.54, 8.02, 10.31, 13.76, 8.84, 8.64, 5.47, 23.23]
Group : [0, 0, 0, 0, 0, 0, 0, 0, 0, 0, 0, 0, 0, 0, 0, 0, 0, 0, 0, 0, 0, 0, 0]
Sequence : [0, 0, 0, 0, 0, 0, 0, 1, 2, 3, 4, 5, 6, 7, 8, 9, 10, 11, 12, 13, 14, 15, 16]
Scroe : [15.45, 12.62, 18.07, 7.22, 22.59, 8.24, 17.59, 9.46, 9.13, 15.56, 9.58, 11.51, 14.92, 9.85, 10.22, 20.54, 8.02, 10.31, 13.76, 8.84, 8.64, 5.47, 23.23]
Time taken to solve the MIP model : 0.8794 seconds
min_d : 0, max_d : 9
---------------------------------
solution for: IP model
objective: 7.47222
x_0_1_0=1
x_1_2_0=1
x_2_3_0=1
x_3_3_1=1
x_4_2_1=1
x_5_4_0=1
x_6_4_1=1
x_7_5_0=1
x_8_0_0=1
x_9_3_2=1
x_10_0_1=1
x_11_0_2=1
x_12_0_3=1
x_13_5_1=1
x_14_5_2=1
x_15_0_4=1
x_16_1_1=1
x_17_5_3=1
x_18_5_4=1
x_19_1_2=1
x_20_3_3=1
x_21_1_3=1
x_22_4_2=1
r_1_0=1
r_1_1=1
r_1_2=1
r_1_3=1
r_3_0=1
r_3_1=1
r_3_2=1
r_3_3=1
d_0=4.000
d_1=2.000
d_2=2.000
d_3=3.500
d_4=3.000
d_5=3.875
d_6=1.000
d_7=4.875
d_8=2.375
d_9=2.000
d_10=1.375
d_11=2.000
d_12=2.000
d_13=3.875
d_14=5.000
d_15=2.000
d_16=0.375
d_17=4.000
d_18=5.000
d_19=1.125
d_20=3.625
d_21=3.500
d_x_0=1.000
d_x_1=1.500
d_x_2=1.500
d_x_3=3.000
d_x_4=1.000
d_x_5=2.750
d_x_6=0.500
d_x_7=3.750
d_x_8=1.250
d_x_9=1.000
d_x_10=1.250
d_x_11=1.000
d_x_12=2.000
d_x_13=3.750
d_x_14=4.000
d_x_15=2.000
d_x_16=0.250
d_x_17=4.000
d_x_18=1.500
d_x_19=0.250
d_x_20=1.750
d_x_21=1.000
d_y_0=3.000
d_y_1=0.500
d_y_2=0.500
d_y_3=0.500
d_y_4=2.000
d_y_5=1.125
d_y_6=0.500
d_y_7=1.125
d_y_8=1.125
d_y_9=1.000
d_y_10=0.125
d_y_11=1.000
d_y_13=0.125
d_y_14=1.000
d_y_16=0.125
d_y_18=3.500
d_y_19=0.875
d_y_20=1.875
d_y_21=2.500
normalized distance of container 0 : 0.4444444444444444
normalized distance of container 1 : 0.2222222222222222
normalized distance of container 2 : 0.2222222222222222
normalized distance of container 3 : 0.3888888888888889
normalized distance of container 4 : 0.3333333333333333
normalized distance of container 5 : 0.4305555555555556
normalized distance of container 6 : 0.1111111111111111
normalized distance of container 7 : 0.5416666666666632
normalized distance of container 8 : 0.2638888888888889
normalized distance of container 9 : 0.2222222222222222
normalized distance of container 10 : 0.1527777777777778
normalized distance of container 11 : 0.2222222222222208
normalized distance of container 12 : 0.2222222222222222
normalized distance of container 13 : 0.4305555555555569
normalized distance of container 14 : 0.5555555555555556
normalized distance of container 15 : 0.2222222222222222
normalized distance of container 16 : 0.041666666666666664
normalized distance of container 17 : 0.4444444444444444
normalized distance of container 18 : 0.5555555555555546
normalized distance of container 19 : 0.12499999999999921
normalized distance of container 20 : 0.4027777777777762
normalized distance of container 21 : 0.3888888888888881
normalized distance of container 22 : 0.0
