Number of initial container : 7
Number of new container : 16
Total number of containers : 23
Level_num : 9
Container_level : [8, 5, 8, 7, 6, 4, 7, 4, 1, 6, 1, 1, 8, 8, 2, 7, 8, 1, 2, 3, 3, 9, 4]
ideal_configuration : 
 [[4. 7. 8. 0. 0. 0.]
 [3. 5. 7. 8. 0. 0.]
 [1. 3. 6. 8. 9. 0.]
 [1. 2. 4. 6. 8. 0.]
 [1. 1. 2. 4. 7. 8.]]
Centroid : {8: (3.4, 2.0), 5: (1.0, 3.0), 7: (2.3333333333333335, 2.3333333333333335), 6: (2.5, 1.5), 4: (1.6666666666666667, 1.6666666666666667), 1: (0.25, 0.75), 2: (1.5, 0.5), 3: (0.5, 2.5), 9: (4.0, 2.0)}
Repeat number : 15
Original weight : [20.94, 15.72, 21.01, 19.32, 18.24, 13.29, 20.64, 13.58, 6.84, 17.49, 6.58, 7.73, 21.7, 21.22, 9.66, 20.8, 21.86, 7.33, 10.49, 12.31, 12.47, 22.85, 14.59]
Group : [0, 0, 0, 0, 0, 0, 0, 0, 0, 0, 0, 0, 0, 0, 0, 0, 0, 0, 0, 0, 0, 0, 0]
Sequence : [0, 0, 0, 0, 0, 0, 0, 1, 2, 3, 4, 5, 6, 7, 8, 9, 10, 11, 12, 13, 14, 15, 16]
Scroe : [20.94, 15.72, 21.01, 19.32, 18.24, 13.29, 20.64, 13.58, 6.84, 17.49, 6.58, 7.73, 21.7, 21.22, 9.66, 20.8, 21.86, 7.33, 10.49, 12.31, 12.47, 22.85, 14.59]
Time taken to solve the MIP model : 0.1219 seconds
min_d : 0, max_d : 9
---------------------------------
solution for: IP model
objective: 7.44259
x_0_4_0=1
x_1_2_0=1
x_2_1_0=1
x_3_5_0=1
x_4_1_1=1
x_5_0_0=1
x_6_0_1=1
x_7_0_2=1
x_8_3_0=1
x_9_2_1=1
x_10_1_2=1
x_11_1_3=1
x_12_5_1=1
x_13_4_1=1
x_14_3_1=1
x_15_2_2=1
x_16_4_2=1
x_17_1_4=1
x_18_3_2=1
x_19_3_3=1
x_20_3_4=1
x_21_4_3=1
x_22_0_3=1
r_0_1=1
r_0_2=1
r_0_3=1
r_1_0=1
r_1_1=1
r_1_2=1
r_1_3=1
r_1_4=1
d_0=2.600
d_1=4.000
d_2=4.400
d_3=5.000
d_4=2.000
d_5=3.333
d_6=3.667
d_7=2.000
d_8=3.500
d_9=1.000
d_10=2.000
d_11=3.000
d_12=2.600
d_13=1.600
d_14=2.000
d_15=0.667
d_16=0.600
d_17=4.000
d_18=3.000
d_19=3.000
d_20=4.000
d_21=1.000
d_22=3.000
d_x_0=0.600
d_x_1=1.000
d_x_2=2.400
d_x_3=2.667
d_x_4=1.500
d_x_5=1.667
d_x_6=2.333
d_x_7=1.667
d_x_8=2.750
d_x_9=0.500
d_x_10=0.750
d_x_11=0.750
d_x_12=1.600
d_x_13=0.600
d_x_14=1.500
d_x_15=0.333
d_x_16=0.600
d_x_17=0.750
d_x_18=1.500
d_x_19=2.500
d_x_20=2.500
d_x_22=1.667
d_y_0=2.000
d_y_1=3.000
d_y_2=2.000
d_y_3=2.333
d_y_4=0.500
d_y_5=1.667
d_y_6=1.333
d_y_7=0.333
d_y_8=0.750
d_y_9=0.500
d_y_10=1.250
d_y_11=2.250
d_y_12=1.000
d_y_13=1.000
d_y_14=0.500
d_y_15=0.333
d_y_17=3.250
d_y_18=1.500
d_y_19=0.500
d_y_20=1.500
d_y_21=1.000
d_y_22=1.333
normalized distance of container 0 : 0.2888888888888889
normalized distance of container 1 : 0.4444444444444444
normalized distance of container 2 : 0.48888888888888893
normalized distance of container 3 : 0.5555555555555556
normalized distance of container 4 : 0.2222222222222222
normalized distance of container 5 : 0.3703703703703704
normalized distance of container 6 : 0.40740740740740744
normalized distance of container 7 : 0.22222222222222218
normalized distance of container 8 : 0.3888888888888881
normalized distance of container 9 : 0.11111111111111052
normalized distance of container 10 : 0.22222222222221985
normalized distance of container 11 : 0.333333333333331
normalized distance of container 12 : 0.2888888888888887
normalized distance of container 13 : 0.17777777777777753
normalized distance of container 14 : 0.2222222222222222
normalized distance of container 15 : 0.07407407407407411
normalized distance of container 16 : 0.06666666666666643
normalized distance of container 17 : 0.4444444444444421
normalized distance of container 18 : 0.33333333333333254
normalized distance of container 19 : 0.33333333333333176
normalized distance of container 20 : 0.4444444444444425
normalized distance of container 21 : 0.1111111111111111
normalized distance of container 22 : 0.3333333333333328
