Number of initial container : 7
Number of new container : 16
Total number of containers : 23
Level_num : 9
Container_level : [8, 1, 3, 9, 6, 2, 4, 3, 7, 7, 4, 8, 1, 4, 4, 8, 1, 5, 1, 6, 1, 2, 8]
ideal_configuration : 
 [[4. 6. 8. 0. 0. 0.]
 [2. 4. 7. 8. 0. 0.]
 [1. 3. 4. 7. 9. 0.]
 [1. 1. 3. 5. 8. 0.]
 [1. 1. 2. 4. 6. 8.]]
Centroid : {8: (3.5, 2.0), 1: (0.4, 0.8), 3: (1.5, 1.5), 9: (4.0, 2.0), 6: (2.5, 2.0), 2: (1.0, 1.5), 4: (1.5, 2.25), 7: (2.5, 2.5), 5: (3.0, 1.0)}
Repeat number : 26
Original weight : [21.61, 5.41, 10.86, 23.76, 18.06, 8.59, 13.1, 12.06, 19.38, 20.87, 12.27, 22.07, 7.38, 13.73, 13.36, 22.62, 5.28, 15.8, 6.77, 17.71, 5.5, 7.66, 22.82]
Group : [0, 0, 0, 0, 0, 0, 0, 0, 0, 0, 0, 0, 0, 0, 0, 0, 0, 0, 0, 0, 0, 0, 0]
Sequence : [0, 0, 0, 0, 0, 0, 0, 1, 2, 3, 4, 5, 6, 7, 8, 9, 10, 11, 12, 13, 14, 15, 16]
Scroe : [21.61, 5.41, 10.86, 23.76, 18.06, 8.59, 13.1, 12.06, 19.38, 20.87, 12.27, 22.07, 7.38, 13.73, 13.36, 22.62, 5.28, 15.8, 6.77, 17.71, 5.5, 7.66, 22.82]
Time taken to solve the MIP model : 0.6502 seconds
min_d : 0, max_d : 9
---------------------------------
solution for: IP model
objective: 6.65556
x_0_0_0=1
x_1_5_0=1
x_2_0_1=1
x_3_4_0=1
x_4_1_0=1
x_5_4_1=1
x_6_5_1=1
x_7_2_0=1
x_8_1_1=1
x_9_1_2=1
x_10_2_1=1
x_11_1_3=1
x_12_0_2=1
x_13_5_2=1
x_14_2_2=1
x_15_5_3=1
x_16_3_0=1
x_17_2_3=1
x_18_0_3=1
x_19_2_4=1
x_20_3_1=1
x_21_3_2=1
x_22_3_3=1
r_0_0=1
r_0_1=1
r_0_2=1
r_0_3=1
r_4_0=1
r_4_1=1
d_0=5.500
d_1=5.400
d_2=2.000
d_3=2.000
d_4=3.500
d_5=3.500
d_6=4.750
d_7=2.000
d_8=3.000
d_9=2.000
d_10=1.750
d_11=3.500
d_12=1.600
d_13=3.750
d_14=0.750
d_15=2.500
d_16=3.400
d_17=3.000
d_18=2.600
d_19=2.500
d_20=2.800
d_21=2.500
d_22=1.500
d_x_0=3.500
d_x_1=4.600
d_x_2=1.500
d_x_4=1.500
d_x_5=3.000
d_x_6=3.500
d_x_7=0.500
d_x_8=1.500
d_x_9=1.500
d_x_10=0.500
d_x_11=2.500
d_x_12=0.400
d_x_13=3.500
d_x_14=0.500
d_x_15=1.500
d_x_16=2.600
d_x_17=1.000
d_x_18=0.400
d_x_19=0.500
d_x_20=2.600
d_x_21=2.000
d_x_22=0.500
d_y_0=2.000
d_y_1=0.800
d_y_2=0.500
d_y_3=2.000
d_y_4=2.000
d_y_5=0.500
d_y_6=1.250
d_y_7=1.500
d_y_8=1.500
d_y_9=0.500
d_y_10=1.250
d_y_11=1.000
d_y_12=1.200
d_y_13=0.250
d_y_14=0.250
d_y_15=1.000
d_y_16=0.800
d_y_17=2.000
d_y_18=2.200
d_y_19=2.000
d_y_20=0.200
d_y_21=0.500
d_y_22=1.000
normalized distance of container 0 : 0.6111111111111112
normalized distance of container 1 : 0.6
normalized distance of container 2 : 0.2222222222222222
normalized distance of container 3 : 0.2222222222222222
normalized distance of container 4 : 0.3888888888888889
normalized distance of container 5 : 0.3888888888888889
normalized distance of container 6 : 0.5277777777777778
normalized distance of container 7 : 0.22222222222222202
normalized distance of container 8 : 0.3333333333333333
normalized distance of container 9 : 0.2222222222222222
normalized distance of container 10 : 0.19444444444444364
normalized distance of container 11 : 0.3888888888888889
normalized distance of container 12 : 0.17777777777777728
normalized distance of container 13 : 0.41666666666666585
normalized distance of container 14 : 0.08333333333333254
normalized distance of container 15 : 0.27777777777777757
normalized distance of container 16 : 0.3777777777777763
normalized distance of container 17 : 0.3333333333333333
normalized distance of container 18 : 0.2888888888888884
normalized distance of container 19 : 0.2777777777777778
normalized distance of container 20 : 0.31111111111110923
normalized distance of container 21 : 0.277777777777777
normalized distance of container 22 : 0.16666666666666666
