Number of initial container : 7
Number of new container : 13
Total number of containers : 20
Level_num : 9
Container_level : [8, 1, 1, 3, 3, 3, 3, 3, 1, 9, 6, 6, 6, 6, 1, 3, 1, 1, 1, 3]
ideal_configuration : 
 [[3. 6. 0. 0. 0. 0.]
 [1. 3. 6. 0. 0. 0.]
 [1. 3. 3. 6. 0. 0.]
 [1. 1. 3. 3. 8. 0.]
 [1. 1. 1. 3. 6. 9.]]
Centroid : {8: (4.0, 1.0), 1: (0.5714285714285714, 1.0), 3: (1.7142857142857142, 1.8571428571428572), 9: (5.0, 0.0), 6: (2.5, 2.25)}
Repeat number : 10
Original weight : [14.22, 7.31, 18.73, 6.7, 5.85, 15.31, 9.93, 12.34, 13.42, 14.98, 8.65, 5.04, 17.98, 8.47, 7.61, 9.77, 10.61, 8.06, 7.31, 14.8]
Group : [3, 0, 0, 1, 1, 1, 1, 1, 0, 3, 2, 2, 2, 2, 0, 1, 0, 0, 0, 1]
Sequence : [0, 0, 0, 0, 0, 0, 0, 1, 2, 3, 4, 5, 6, 7, 8, 9, 10, 11, 12, 13]
Scroe : [314.22, 7.31, 18.73, 106.7, 105.85, 115.31, 109.93, 112.34, 13.42, 314.98, 208.65, 205.04, 217.98, 208.47, 7.61, 109.77, 10.61, 8.06, 7.31, 114.8]
Time taken to solve the MIP model : 0.2392 seconds
min_d : 0, max_d : 9
---------------------------------
solution for: IP model
objective: 7
x_0_2_0=1
x_1_1_0=1
x_2_1_1=1
x_3_4_0=1
x_4_1_2=1
x_5_3_0=1
x_6_3_1=1
x_7_4_1=1
x_8_5_0=1
x_9_2_1=1
x_10_3_2=1
x_11_4_2=1
x_12_1_3=1
x_13_4_3=1
x_14_0_0=1
x_15_5_1=1
x_16_0_1=1
x_17_0_2=1
x_18_0_3=1
x_19_5_2=1
r_0_0=1
r_0_1=1
r_0_2=1
r_0_3=1
r_3_0=1
r_3_1=1
r_3_2=1
d_0=3.000
d_1=2.000
d_2=1.000
d_3=5.000
d_4=2.000
d_5=4.000
d_6=3.000
d_7=4.000
d_8=6.000
d_9=4.000
d_10=2.000
d_11=3.000
d_12=3.000
d_13=3.000
d_14=2.000
d_15=5.000
d_16=1.000
d_17=2.000
d_18=3.000
d_19=5.000
d_x_0=2.000
d_x_1=1.000
d_x_2=1.000
d_x_3=3.000
d_x_4=1.000
d_x_5=2.000
d_x_6=2.000
d_x_7=3.000
d_x_8=5.000
d_x_9=3.000
d_x_10=1.000
d_x_11=2.000
d_x_12=2.000
d_x_13=2.000
d_x_14=1.000
d_x_15=4.000
d_x_16=1.000
d_x_17=1.000
d_x_18=1.000
d_x_19=4.000
d_y_0=1.000
d_y_1=1.000
d_y_3=2.000
d_y_4=1.000
d_y_5=2.000
d_y_6=1.000
d_y_7=1.000
d_y_8=1.000
d_y_9=1.000
d_y_10=1.000
d_y_11=1.000
d_y_12=1.000
d_y_13=1.000
d_y_14=1.000
d_y_15=1.000
d_y_17=1.000
d_y_18=2.000
d_y_19=1.000
normalized distance of container 0 : 0.3333333333333333
normalized distance of container 1 : 0.2222222222222222
normalized distance of container 2 : 0.1111111111111111
normalized distance of container 3 : 0.5555555555555556
normalized distance of container 4 : 0.2222222222222222
normalized distance of container 5 : 0.4444444444444444
normalized distance of container 6 : 0.3333333333333333
normalized distance of container 7 : 0.4444444444444444
normalized distance of container 8 : 0.6666666666666666
normalized distance of container 9 : 0.4444444444444444
normalized distance of container 10 : 0.2222222222222222
normalized distance of container 11 : 0.3333333333333333
normalized distance of container 12 : 0.3333333333333333
normalized distance of container 13 : 0.3333333333333333
normalized distance of container 14 : 0.2222222222222222
normalized distance of container 15 : 0.5555555555555556
normalized distance of container 16 : 0.1111111111111111
normalized distance of container 17 : 0.2222222222222222
normalized distance of container 18 : 0.3333333333333333
normalized distance of container 19 : 0.5555555555555556
