Number of initial container : 5
Number of new container : 18
Total number of containers : 23
Level_num : 9
Container_level : [4, 8, 1, 4, 3, 9, 8, 1, 3, 5, 6, 1, 1, 6, 6, 5, 2, 8, 6, 3, 3, 4, 8]
ideal_configuration : 
 [[4. 6. 8. 0. 0. 0.]
 [3. 4. 6. 8. 0. 0.]
 [1. 3. 5. 6. 9. 0.]
 [1. 2. 3. 5. 8. 0.]
 [1. 1. 3. 4. 6. 8.]]
Centroid : {4: (1.3333333333333333, 2.3333333333333335), 8: (3.5, 2.0), 1: (0.25, 0.75), 3: (1.25, 1.5), 9: (4.0, 2.0), 5: (2.5, 1.5), 6: (2.5, 2.25), 2: (1.0, 1.0)}
Repeat number : 11
Original weight : [13.2, 21.55, 5.5, 12.45, 11.69, 23.32, 21.19, 7.54, 11.15, 14.77, 18.76, 6.17, 7.1, 17.3, 18.21, 15.96, 8.38, 21.77, 17.53, 11.76, 10.47, 14.19, 22.46]
Group : [0, 0, 0, 0, 0, 0, 0, 0, 0, 0, 0, 0, 0, 0, 0, 0, 0, 0, 0, 0, 0, 0, 0]
Sequence : [0, 0, 0, 0, 0, 1, 2, 3, 4, 5, 6, 7, 8, 9, 10, 11, 12, 13, 14, 15, 16, 17, 18]
Scroe : [13.2, 21.55, 5.5, 12.45, 11.69, 23.32, 21.19, 7.54, 11.15, 14.77, 18.76, 6.17, 7.1, 17.3, 18.21, 15.96, 8.38, 21.77, 17.53, 11.76, 10.47, 14.19, 22.46]
Time taken to solve the MIP model : 0.1522 seconds
min_d : 0, max_d : 9
---------------------------------
solution for: IP model
objective: 4.55556
x_0_1_0=1
x_1_2_0=1
x_2_1_1=1
x_3_3_0=1
x_4_2_1=1
x_5_4_0=1
x_6_5_0=1
x_7_0_0=1
x_8_1_2=1
x_9_3_1=1
x_10_3_2=1
x_11_0_1=1
x_12_0_2=1
x_13_3_3=1
x_14_3_4=1
x_15_2_2=1
x_16_0_3=1
x_17_4_1=1
x_18_2_3=1
x_19_1_3=1
x_20_1_4=1
x_21_2_4=1
x_22_4_2=1
r_0_0=1
r_0_1=1
r_0_2=1
r_0_3=1
r_1_0=1
r_1_1=1
r_1_2=1
r_1_3=1
r_1_4=1
r_2_0=1
r_2_1=1
r_2_2=1
r_2_3=1
r_2_4=1
r_3_1=1
r_3_2=1
r_3_3=1
r_3_4=1
r_4_0=1
r_4_1=1
r_4_2=1
d_0=2.667
d_1=3.500
d_2=1.000
d_3=4.000
d_4=1.250
d_5=2.000
d_6=3.500
d_7=1.000
d_8=0.750
d_9=1.000
d_10=0.750
d_11=0.500
d_12=1.500
d_13=1.250
d_14=2.250
d_15=1.000
d_16=3.000
d_17=1.500
d_18=1.250
d_19=1.750
d_20=2.750
d_21=2.333
d_22=0.500
d_x_0=0.333
d_x_1=1.500
d_x_2=0.750
d_x_3=1.667
d_x_4=0.750
d_x_6=1.500
d_x_7=0.250
d_x_8=0.250
d_x_9=0.500
d_x_10=0.500
d_x_11=0.250
d_x_12=0.250
d_x_13=0.500
d_x_14=0.500
d_x_15=0.500
d_x_16=1.000
d_x_17=0.500
d_x_18=0.500
d_x_19=0.250
d_x_20=0.250
d_x_21=0.667
d_x_22=0.500
d_y_0=2.333
d_y_1=2.000
d_y_2=0.250
d_y_3=2.333
d_y_4=0.500
d_y_5=2.000
d_y_6=2.000
d_y_7=0.750
d_y_8=0.500
d_y_9=0.500
d_y_10=0.250
d_y_11=0.250
d_y_12=1.250
d_y_13=0.750
d_y_14=1.750
d_y_15=0.500
d_y_16=2.000
d_y_17=1.000
d_y_18=0.750
d_y_19=1.500
d_y_20=2.500
d_y_21=1.667
normalized distance of container 0 : 0.29629629629629634
normalized distance of container 1 : 0.3888888888888889
normalized distance of container 2 : 0.1111111111111111
normalized distance of container 3 : 0.4444444444444444
normalized distance of container 4 : 0.1388888888888889
normalized distance of container 5 : 0.2222222222222222
normalized distance of container 6 : 0.3888888888888889
normalized distance of container 7 : 0.1111111111111111
normalized distance of container 8 : 0.08333333333333294
normalized distance of container 9 : 0.11111111111111072
normalized distance of container 10 : 0.08333333333333294
normalized distance of container 11 : 0.05555555555555477
normalized distance of container 12 : 0.16666666666666588
normalized distance of container 13 : 0.1388888888888881
normalized distance of container 14 : 0.24999999999999922
normalized distance of container 15 : 0.11111111111111033
normalized distance of container 16 : 0.3333333333333333
normalized distance of container 17 : 0.16666666666666646
normalized distance of container 18 : 0.1388888888888885
normalized distance of container 19 : 0.19444444444444445
normalized distance of container 20 : 0.30555555555555475
normalized distance of container 21 : 0.2592592592592582
normalized distance of container 22 : 0.05555555555555555
