Number of initial container : 5
Number of new container : 18
Total number of containers : 23
Level_num : 9
Container_level : [2, 5, 5, 6, 5, 9, 8, 2, 1, 4, 4, 5, 6, 4, 5, 7, 5, 1, 6, 1, 6, 3, 2]
ideal_configuration : 
 [[5. 5. 7. 0. 0. 0.]
 [3. 5. 6. 8. 0. 0.]
 [2. 4. 5. 6. 9. 0.]
 [1. 2. 4. 5. 6. 0.]
 [1. 1. 2. 4. 5. 6.]]
Centroid : {2: (1.0, 1.0), 5: (1.8333333333333333, 2.3333333333333335), 6: (3.5, 1.5), 9: (4.0, 2.0), 8: (3.0, 3.0), 1: (0.3333333333333333, 0.3333333333333333), 4: (2.0, 1.0), 7: (2.0, 4.0), 3: (0.0, 3.0)}
Repeat number : 1
Original weight : [9.22, 15.92, 16.25, 17.51, 16.01, 23.7, 22.12, 9.41, 6.43, 13.26, 14.45, 15.28, 17.43, 12.5, 15.58, 19.96, 16.79, 5.57, 17.25, 6.55, 16.97, 12.06, 7.92]
Group : [0, 0, 0, 0, 0, 0, 0, 0, 0, 0, 0, 0, 0, 0, 0, 0, 0, 0, 0, 0, 0, 0, 0]
Sequence : [0, 0, 0, 0, 0, 1, 2, 3, 4, 5, 6, 7, 8, 9, 10, 11, 12, 13, 14, 15, 16, 17, 18]
Scroe : [9.22, 15.92, 16.25, 17.51, 16.01, 23.7, 22.12, 9.41, 6.43, 13.26, 14.45, 15.28, 17.43, 12.5, 15.58, 19.96, 16.79, 5.57, 17.25, 6.55, 16.97, 12.06, 7.92]
Time taken to solve the MIP model : 0.1256 seconds
min_d : 0, max_d : 9
---------------------------------
solution for: IP model
objective: 3.62963
x_0_4_0=1
x_1_2_0=1
x_2_3_0=1
x_3_3_1=1
x_4_3_2=1
x_5_5_0=1
x_6_3_3=1
x_7_1_0=1
x_8_0_0=1
x_9_2_1=1
x_10_1_1=1
x_11_1_2=1
x_12_4_1=1
x_13_2_2=1
x_14_2_3=1
x_15_2_4=1
x_16_1_3=1
x_17_0_1=1
x_18_5_1=1
x_19_0_2=1
x_20_4_2=1
x_21_0_3=1
x_22_1_4=1
r_0_0=1
r_0_1=1
r_0_2=1
r_0_3=1
r_1_0=1
r_1_1=1
r_1_2=1
r_1_3=1
r_1_4=1
r_2_0=1
r_2_1=1
r_2_2=1
r_2_3=1
r_2_4=1
r_3_0=1
r_3_1=1
r_3_2=1
r_3_3=1
r_4_1=1
r_4_2=1
r_5_0=1
r_5_1=1
d_0=4.000
d_1=2.500
d_2=3.500
d_3=1.000
d_4=1.500
d_5=3.000
d_7=1.000
d_8=0.667
d_10=1.000
d_11=1.167
d_12=1.000
d_13=1.000
d_14=0.833
d_16=1.500
d_17=1.000
d_18=2.000
d_19=2.000
d_20=1.000
d_22=3.000
d_x_0=3.000
d_x_1=0.167
d_x_2=1.167
d_x_3=0.500
d_x_4=1.167
d_x_5=1.000
d_x_8=0.333
d_x_10=1.000
d_x_11=0.833
d_x_12=0.500
d_x_14=0.167
d_x_16=0.833
d_x_17=0.333
d_x_18=1.500
d_x_19=0.333
d_x_20=0.500
d_y_0=1.000
d_y_1=2.333
d_y_2=2.333
d_y_3=0.500
d_y_4=0.333
d_y_5=2.000
d_y_7=1.000
d_y_8=0.333
d_y_11=0.333
d_y_12=0.500
d_y_13=1.000
d_y_14=0.667
d_y_16=0.667
d_y_17=0.667
d_y_18=0.500
d_y_19=1.667
d_y_20=0.500
d_y_22=3.000
normalized distance of container 0 : 0.4444444444444444
normalized distance of container 1 : 0.2777777777777778
normalized distance of container 2 : 0.3888888888888889
normalized distance of container 3 : 0.1111111111111111
normalized distance of container 4 : 0.16666666666666669
normalized distance of container 5 : 0.3333333333333333
normalized distance of container 6 : 0.0
normalized distance of container 7 : 0.1111111111111111
normalized distance of container 8 : 0.07407407407407407
normalized distance of container 9 : 0.0
normalized distance of container 10 : 0.1111111111111111
normalized distance of container 11 : 0.12962962962962965
normalized distance of container 12 : 0.1111111111111111
normalized distance of container 13 : 0.1111111111111111
normalized distance of container 14 : 0.09259259259258111
normalized distance of container 15 : 0.0
normalized distance of container 16 : 0.16666666666666619
normalized distance of container 17 : 0.11111111111110926
normalized distance of container 18 : 0.2222222222222222
normalized distance of container 19 : 0.22222222222222038
normalized distance of container 20 : 0.11111111111111024
normalized distance of container 21 : 0.0
normalized distance of container 22 : 0.3333333333333333
