Number of initial container : 5
Number of new container : 18
Total number of containers : 23
Level_num : 9
Container_level : [3, 5, 7, 2, 7, 3, 1, 6, 2, 4, 9, 5, 3, 7, 8, 1, 5, 6, 6, 7, 8, 6, 4]
ideal_configuration : 
 [[5. 6. 8. 0. 0. 0.]
 [3. 5. 7. 8. 0. 0.]
 [2. 4. 6. 7. 9. 0.]
 [1. 3. 4. 6. 7. 0.]
 [1. 2. 3. 5. 6. 7.]]
Centroid : {3: (1.0, 1.3333333333333333), 5: (1.3333333333333333, 2.3333333333333335), 7: (3.5, 1.5), 2: (0.5, 1.0), 1: (0.0, 0.5), 6: (2.5, 1.75), 4: (1.5, 1.5), 9: (4.0, 2.0), 8: (2.5, 3.5)}
Repeat number : 29
Original weight : [11.16, 15.29, 19.84, 8.14, 21.56, 11.95, 6.67, 18.99, 9.52, 12.57, 23.93, 15.25, 11.36, 20.19, 22.73, 5.11, 15.08, 17.31, 19.0, 20.14, 22.01, 17.14, 12.6]
Group : [0, 0, 0, 0, 0, 0, 0, 0, 0, 0, 0, 0, 0, 0, 0, 0, 0, 0, 0, 0, 0, 0, 0]
Sequence : [0, 0, 0, 0, 0, 1, 2, 3, 4, 5, 6, 7, 8, 9, 10, 11, 12, 13, 14, 15, 16, 17, 18]
Scroe : [11.16, 15.29, 19.84, 8.14, 21.56, 11.95, 6.67, 18.99, 9.52, 12.57, 23.93, 15.25, 11.36, 20.19, 22.73, 5.11, 15.08, 17.31, 19.0, 20.14, 22.01, 17.14, 12.6]
Time taken to solve the MIP model : 0.1061 seconds
min_d : 0, max_d : 9
---------------------------------
solution for: IP model
objective: 4.35185
x_0_2_0=1
x_1_2_1=1
x_2_2_2=1
x_3_3_0=1
x_4_1_0=1
x_5_1_1=1
x_6_0_0=1
x_7_3_1=1
x_8_0_1=1
x_9_0_2=1
x_10_4_0=1
x_11_2_3=1
x_12_1_2=1
x_13_4_1=1
x_14_2_4=1
x_15_0_3=1
x_16_1_3=1
x_17_3_2=1
x_18_3_3=1
x_19_5_0=1
x_20_3_4=1
x_21_4_2=1
x_22_1_4=1
r_0_0=1
r_0_1=1
r_0_2=1
r_0_3=1
r_1_0=1
r_1_1=1
r_1_2=1
r_1_3=1
r_1_4=1
r_2_1=1
r_2_2=1
r_2_3=1
r_2_4=1
r_3_1=1
r_3_2=1
r_3_3=1
r_3_4=1
r_4_0=1
r_4_1=1
r_4_2=1
d_0=2.333
d_1=2.000
d_2=2.000
d_3=3.500
d_4=4.000
d_5=0.333
d_6=0.500
d_7=1.250
d_8=0.500
d_9=2.000
d_10=2.000
d_11=1.333
d_12=0.667
d_13=1.000
d_14=1.000
d_15=2.500
d_16=1.000
d_17=0.750
d_18=1.750
d_19=3.000
d_20=1.000
d_21=1.750
d_22=3.000
d_x_0=1.000
d_x_1=0.667
d_x_2=1.500
d_x_3=2.500
d_x_4=2.500
d_x_7=0.500
d_x_8=0.500
d_x_9=1.500
d_x_11=0.667
d_x_13=0.500
d_x_14=0.500
d_x_16=0.333
d_x_17=0.500
d_x_18=0.500
d_x_19=1.500
d_x_20=0.500
d_x_21=1.500
d_x_22=0.500
d_y_0=1.333
d_y_1=1.333
d_y_2=0.500
d_y_3=1.000
d_y_4=1.500
d_y_5=0.333
d_y_6=0.500
d_y_7=0.750
d_y_9=0.500
d_y_10=2.000
d_y_11=0.667
d_y_12=0.667
d_y_13=0.500
d_y_14=0.500
d_y_15=2.500
d_y_16=0.667
d_y_17=0.250
d_y_18=1.250
d_y_19=1.500
d_y_20=0.500
d_y_21=0.250
d_y_22=2.500
normalized distance of container 0 : 0.25925925925925924
normalized distance of container 1 : 0.2222222222222222
normalized distance of container 2 : 0.2222222222222222
normalized distance of container 3 : 0.3888888888888889
normalized distance of container 4 : 0.4444444444444444
normalized distance of container 5 : 0.03703703703703703
normalized distance of container 6 : 0.05555555555555536
normalized distance of container 7 : 0.1388888888888885
normalized distance of container 8 : 0.05555555555555477
normalized distance of container 9 : 0.22222222222222143
normalized distance of container 10 : 0.2222222222222222
normalized distance of container 11 : 0.14814814814814709
normalized distance of container 12 : 0.07407407407407342
normalized distance of container 13 : 0.11111111111111091
normalized distance of container 14 : 0.11111111111111072
normalized distance of container 15 : 0.277777777777777
normalized distance of container 16 : 0.11111111111111109
normalized distance of container 17 : 0.08333333333333254
normalized distance of container 18 : 0.19444444444444364
normalized distance of container 19 : 0.3333333333333333
normalized distance of container 20 : 0.11111111111111072
normalized distance of container 21 : 0.19444444444444364
normalized distance of container 22 : 0.33333333333333254
