Number of initial container : 5
Number of new container : 18
Total number of containers : 23
Level_num : 9
Container_level : [3, 8, 7, 4, 4, 3, 4, 4, 1, 3, 3, 7, 4, 9, 8, 8, 1, 6, 4, 3, 2, 5, 4]
ideal_configuration : 
 [[4. 5. 8. 0. 0. 0.]
 [3. 4. 6. 8. 0. 0.]
 [3. 3. 4. 7. 9. 0.]
 [1. 3. 4. 4. 7. 0.]
 [1. 2. 3. 4. 4. 8.]]
Centroid : {3: (0.8, 1.6), 8: (3.3333333333333335, 2.3333333333333335), 7: (3.5, 1.5), 4: (2.142857142857143, 1.5714285714285714), 1: (0.0, 0.5), 9: (4.0, 2.0), 6: (2.0, 3.0), 2: (1.0, 0.0), 5: (1.0, 4.0)}
Repeat number : 26
Original weight : [10.63, 21.27, 20.23, 13.9, 14.15, 11.01, 14.23, 14.44, 6.43, 11.74, 12.52, 20.2, 13.29, 22.84, 22.51, 22.06, 7.42, 16.69, 13.49, 11.85, 9.24, 14.91, 13.02]
Group : [0, 0, 0, 0, 0, 0, 0, 0, 0, 0, 0, 0, 0, 0, 0, 0, 0, 0, 0, 0, 0, 0, 0]
Sequence : [0, 0, 0, 0, 0, 1, 2, 3, 4, 5, 6, 7, 8, 9, 10, 11, 12, 13, 14, 15, 16, 17, 18]
Scroe : [10.63, 21.27, 20.23, 13.9, 14.15, 11.01, 14.23, 14.44, 6.43, 11.74, 12.52, 20.2, 13.29, 22.84, 22.51, 22.06, 7.42, 16.69, 13.49, 11.85, 9.24, 14.91, 13.02]
Time taken to solve the MIP model : 0.1044 seconds
min_d : 0, max_d : 9
---------------------------------
solution for: IP model
objective: 3.96085
x_0_0_0=1
x_1_2_0=1
x_2_4_0=1
x_3_1_0=1
x_4_2_1=1
x_5_1_1=1
x_6_3_0=1
x_7_2_2=1
x_8_0_1=1
x_9_0_2=1
x_10_1_2=1
x_11_4_1=1
x_12_3_1=1
x_13_4_2=1
x_14_3_2=1
x_15_3_3=1
x_16_0_3=1
x_17_2_3=1
x_18_3_4=1
x_19_1_3=1
x_20_5_0=1
x_21_1_4=1
x_22_2_4=1
r_0_0=1
r_0_1=1
r_0_2=1
r_0_3=1
r_1_0=1
r_1_1=1
r_1_2=1
r_1_3=1
r_1_4=1
r_2_0=1
r_2_1=1
r_2_2=1
r_2_3=1
r_2_4=1
r_3_0=1
r_3_1=1
r_3_2=1
r_3_3=1
r_3_4=1
r_4_0=1
r_4_1=1
r_4_2=1
d_0=2.400
d_1=3.667
d_2=2.000
d_3=2.714
d_4=0.714
d_5=0.800
d_6=2.429
d_7=0.571
d_8=0.500
d_9=1.200
d_10=0.600
d_11=1.000
d_12=1.429
d_14=0.667
d_15=1.000
d_16=2.500
d_18=3.286
d_19=1.600
d_20=4.000
d_22=2.571
d_x_0=0.800
d_x_1=1.333
d_x_2=0.500
d_x_3=1.143
d_x_4=0.143
d_x_5=0.200
d_x_6=0.857
d_x_7=0.143
d_x_9=0.800
d_x_10=0.200
d_x_11=0.500
d_x_12=0.857
d_x_14=0.333
d_x_15=0.333
d_x_18=0.857
d_x_19=0.200
d_x_20=4.000
d_x_22=0.143
d_y_0=1.600
d_y_1=2.333
d_y_2=1.500
d_y_3=1.571
d_y_4=0.571
d_y_5=0.600
d_y_6=1.571
d_y_7=0.429
d_y_8=0.500
d_y_9=0.400
d_y_10=0.400
d_y_11=0.500
d_y_12=0.571
d_y_14=0.333
d_y_15=0.667
d_y_16=2.500
d_y_18=2.429
d_y_19=1.400
d_y_22=2.429
normalized distance of container 0 : 0.2666666666666667
normalized distance of container 1 : 0.40740740740740744
normalized distance of container 2 : 0.2222222222222222
normalized distance of container 3 : 0.3015873015873016
normalized distance of container 4 : 0.07936507936507936
normalized distance of container 5 : 0.08888888888888882
normalized distance of container 6 : 0.26984126984126966
normalized distance of container 7 : 0.06349206349206332
normalized distance of container 8 : 0.05555555555555555
normalized distance of container 9 : 0.13333333333333233
normalized distance of container 10 : 0.06666666666666446
normalized distance of container 11 : 0.1111111111111111
normalized distance of container 12 : 0.158730158730158
normalized distance of container 13 : 0.0
normalized distance of container 14 : 0.07407407407407411
normalized distance of container 15 : 0.11111111111111066
normalized distance of container 16 : 0.277777777777777
normalized distance of container 17 : 0.0
normalized distance of container 18 : 0.3650793650793634
normalized distance of container 19 : 0.17777777777777556
normalized distance of container 20 : 0.4444444444444444
normalized distance of container 21 : 0.0
normalized distance of container 22 : 0.2857142857142857
