Number of initial container : 5
Number of new container : 18
Total number of containers : 23
Level_num : 9
Container_level : [2, 6, 1, 9, 6, 1, 8, 1, 1, 5, 1, 2, 6, 1, 1, 2, 6, 7, 1, 1, 6, 4, 7]
ideal_configuration : 
 [[2. 6. 7. 0. 0. 0.]
 [1. 2. 6. 8. 0. 0.]
 [1. 1. 4. 6. 9. 0.]
 [1. 1. 1. 5. 6. 0.]
 [1. 1. 1. 2. 6. 7.]]
Centroid : {2: (1.3333333333333333, 2.3333333333333335), 6: (2.8, 2.0), 1: (0.7777777777777778, 1.1111111111111112), 9: (4.0, 2.0), 8: (3.0, 3.0), 5: (3.0, 1.0), 7: (3.5, 2.0), 4: (2.0, 2.0)}
Repeat number : 16
Original weight : [7.5, 17.1, 6.53, 23.99, 17.49, 5.14, 22.05, 5.47, 6.06, 15.68, 5.3, 8.36, 17.52, 6.37, 6.47, 8.81, 19.18, 19.41, 5.66, 7.19, 19.19, 13.26, 20.19]
Group : [0, 0, 0, 0, 0, 0, 0, 0, 0, 0, 0, 0, 0, 0, 0, 0, 0, 0, 0, 0, 0, 0, 0]
Sequence : [0, 0, 0, 0, 0, 1, 2, 3, 4, 5, 6, 7, 8, 9, 10, 11, 12, 13, 14, 15, 16, 17, 18]
Scroe : [7.5, 17.1, 6.53, 23.99, 17.49, 5.14, 22.05, 5.47, 6.06, 15.68, 5.3, 8.36, 17.52, 6.37, 6.47, 8.81, 19.18, 19.41, 5.66, 7.19, 19.19, 13.26, 20.19]
Time taken to solve the MIP model : 0.1100 seconds
min_d : 0, max_d : 9
---------------------------------
solution for: IP model
objective: 4.85185
x_0_2_0=1
x_1_5_0=1
x_2_4_0=1
x_3_1_0=1
x_4_3_0=1
x_5_2_1=1
x_6_2_2=1
x_7_1_1=1
x_8_1_2=1
x_9_3_1=1
x_10_0_0=1
x_11_2_3=1
x_12_3_2=1
x_13_0_1=1
x_14_0_2=1
x_15_1_3=1
x_16_3_3=1
x_17_4_1=1
x_18_1_4=1
x_19_0_3=1
x_20_3_4=1
x_21_2_4=1
x_22_4_2=1
r_0_0=1
r_0_1=1
r_0_2=1
r_0_3=1
r_1_0=1
r_1_1=1
r_1_2=1
r_1_3=1
r_1_4=1
r_2_0=1
r_2_1=1
r_2_2=1
r_2_3=1
r_2_4=1
r_3_0=1
r_3_1=1
r_3_2=1
r_3_3=1
r_3_4=1
d_0=3.000
d_1=4.200
d_2=4.333
d_3=5.000
d_4=2.200
d_5=1.333
d_6=2.000
d_7=0.333
d_8=1.111
d_10=1.889
d_11=1.333
d_12=0.200
d_13=0.889
d_14=1.667
d_15=1.000
d_16=1.200
d_17=1.500
d_18=3.111
d_19=2.667
d_20=2.200
d_21=2.000
d_22=0.500
d_x_0=0.667
d_x_1=2.200
d_x_2=3.222
d_x_3=3.000
d_x_4=0.200
d_x_5=1.222
d_x_6=1.000
d_x_7=0.222
d_x_8=0.222
d_x_10=0.778
d_x_11=0.667
d_x_12=0.200
d_x_13=0.778
d_x_14=0.778
d_x_15=0.333
d_x_16=0.200
d_x_17=0.500
d_x_18=0.222
d_x_19=0.778
d_x_20=0.200
d_x_22=0.500
d_y_0=2.333
d_y_1=2.000
d_y_2=1.111
d_y_3=2.000
d_y_4=2.000
d_y_5=0.111
d_y_6=1.000
d_y_7=0.111
d_y_8=0.889
d_y_10=1.111
d_y_11=0.667
d_y_13=0.111
d_y_14=0.889
d_y_15=0.667
d_y_16=1.000
d_y_17=1.000
d_y_18=2.889
d_y_19=1.889
d_y_20=2.000
d_y_21=2.000
normalized distance of container 0 : 0.3333333333333333
normalized distance of container 1 : 0.4666666666666667
normalized distance of container 2 : 0.48148148148148157
normalized distance of container 3 : 0.5555555555555556
normalized distance of container 4 : 0.24444444444444446
normalized distance of container 5 : 0.14814814814814817
normalized distance of container 6 : 0.2222222222222222
normalized distance of container 7 : 0.03703703703703704
normalized distance of container 8 : 0.12345679012345517
normalized distance of container 9 : 0.0
normalized distance of container 10 : 0.20987654320987653
normalized distance of container 11 : 0.14814814814814709
normalized distance of container 12 : 0.022222222222221748
normalized distance of container 13 : 0.09876543209876544
normalized distance of container 14 : 0.18518518518518404
normalized distance of container 15 : 0.11111111111111065
normalized distance of container 16 : 0.13333333333333336
normalized distance of container 17 : 0.16666666666666666
normalized distance of container 18 : 0.3456790123456774
normalized distance of container 19 : 0.29629629629629517
normalized distance of container 20 : 0.24444444444444396
normalized distance of container 21 : 0.2222222222222222
normalized distance of container 22 : 0.05555555555555536
