Number of initial container : 5
Number of new container : 18
Total number of containers : 23
Level_num : 9
Container_level : [4, 3, 7, 7, 5, 1, 7, 4, 5, 9, 1, 1, 8, 5, 8, 1, 5, 6, 4, 4, 8, 4, 8]
ideal_configuration : 
 [[5. 7. 8. 0. 0. 0.]
 [4. 5. 7. 8. 0. 0.]
 [1. 4. 5. 7. 9. 0.]
 [1. 3. 4. 5. 8. 0.]
 [1. 1. 4. 4. 6. 8.]]
Centroid : {4: (1.6, 1.2), 3: (1.0, 1.0), 7: (2.0, 3.0), 5: (1.5, 2.5), 1: (0.25, 0.75), 9: (4.0, 2.0), 8: (3.5, 2.0), 6: (4.0, 0.0)}
Repeat number : 4
Original weight : [13.42, 11.35, 19.86, 19.91, 16.2, 5.87, 19.4, 12.85, 15.67, 22.98, 7.74, 7.96, 20.97, 16.18, 22.25, 6.81, 15.94, 17.81, 13.77, 13.2, 22.56, 13.44, 22.63]
Group : [0, 0, 0, 0, 0, 0, 0, 0, 0, 0, 0, 0, 0, 0, 0, 0, 0, 0, 0, 0, 0, 0, 0]
Sequence : [0, 0, 0, 0, 0, 1, 2, 3, 4, 5, 6, 7, 8, 9, 10, 11, 12, 13, 14, 15, 16, 17, 18]
Scroe : [13.42, 11.35, 19.86, 19.91, 16.2, 5.87, 19.4, 12.85, 15.67, 22.98, 7.74, 7.96, 20.97, 16.18, 22.25, 6.81, 15.94, 17.81, 13.77, 13.2, 22.56, 13.44, 22.63]
Time taken to solve the MIP model : 0.2333 seconds
min_d : 0, max_d : 9
---------------------------------
solution for: IP model
objective: 4.62222
x_0_0_0=1
x_1_0_1=1
x_2_0_2=1
x_3_0_3=1
x_4_3_0=1
x_5_2_0=1
x_6_0_4=1
x_7_2_1=1
x_8_2_2=1
x_9_4_0=1
x_10_1_0=1
x_11_1_1=1
x_12_4_1=1
x_13_2_3=1
x_14_4_2=1
x_15_1_2=1
x_16_1_3=1
x_17_5_0=1
x_18_2_4=1
x_19_3_1=1
x_20_3_2=1
x_21_1_4=1
x_22_3_3=1
r_0_0=1
r_0_1=1
r_0_2=1
r_0_3=1
r_0_4=1
r_1_0=1
r_1_1=1
r_1_2=1
r_1_3=1
r_1_4=1
r_2_0=1
r_2_1=1
r_2_2=1
r_2_3=1
r_2_4=1
r_3_0=1
r_3_1=1
r_3_2=1
r_3_3=1
r_4_0=1
r_4_1=1
r_4_2=1
d_0=2.800
d_1=1.000
d_2=3.000
d_3=2.000
d_4=4.000
d_5=2.500
d_6=3.000
d_7=0.600
d_8=1.000
d_9=2.000
d_10=1.500
d_11=1.000
d_12=1.500
d_13=1.000
d_14=0.500
d_15=2.000
d_16=1.000
d_17=1.000
d_18=3.200
d_19=1.600
d_20=0.500
d_21=3.400
d_22=1.500
d_x_0=1.600
d_x_1=1.000
d_x_2=2.000
d_x_3=2.000
d_x_4=1.500
d_x_5=1.750
d_x_6=2.000
d_x_7=0.400
d_x_8=0.500
d_x_10=0.750
d_x_11=0.750
d_x_12=0.500
d_x_13=0.500
d_x_14=0.500
d_x_15=0.750
d_x_16=0.500
d_x_17=1.000
d_x_18=0.400
d_x_19=1.400
d_x_20=0.500
d_x_21=0.600
d_x_22=0.500
d_y_0=1.200
d_y_2=1.000
d_y_4=2.500
d_y_5=0.750
d_y_6=1.000
d_y_7=0.200
d_y_8=0.500
d_y_9=2.000
d_y_10=0.750
d_y_11=0.250
d_y_12=1.000
d_y_13=0.500
d_y_15=1.250
d_y_16=0.500
d_y_18=2.800
d_y_19=0.200
d_y_21=2.800
d_y_22=1.000
normalized distance of container 0 : 0.3111111111111111
normalized distance of container 1 : 0.1111111111111111
normalized distance of container 2 : 0.3333333333333333
normalized distance of container 3 : 0.2222222222222222
normalized distance of container 4 : 0.4444444444444444
normalized distance of container 5 : 0.2777777777777774
normalized distance of container 6 : 0.3333333333333333
normalized distance of container 7 : 0.06666666666666611
normalized distance of container 8 : 0.11111111111111022
normalized distance of container 9 : 0.2222222222222222
normalized distance of container 10 : 0.16666666666666508
normalized distance of container 11 : 0.11111111111111033
normalized distance of container 12 : 0.16666666666666646
normalized distance of container 13 : 0.11111111111111033
normalized distance of container 14 : 0.05555555555555536
normalized distance of container 15 : 0.22222222222221985
normalized distance of container 16 : 0.1111111111111111
normalized distance of container 17 : 0.1111111111111111
normalized distance of container 18 : 0.3555555555555539
normalized distance of container 19 : 0.1777777777777768
normalized distance of container 20 : 0.05555555555555555
normalized distance of container 21 : 0.3777777777777771
normalized distance of container 22 : 0.16666666666666666
