Number of initial container : 0
Number of new container : 15
Total number of containers : 15
Level_num : 9
Container_level : [3, 3, 3, 8, 9, 3, 6, 8, 8, 6, 6, 1, 1, 3, 6]
ideal_configuration : 
 [[6. 0. 0. 0. 0. 0.]
 [3. 8. 0. 0. 0. 0.]
 [3. 6. 8. 0. 0. 0.]
 [1. 3. 6. 8. 0. 0.]
 [1. 3. 3. 6. 9. 0.]]
Centroid : {3: (0.8, 1.2), 8: (2.0, 2.0), 9: (4.0, 0.0), 6: (1.5, 1.75), 1: (0.0, 0.5)}
Repeat number : 8
Original weight : [7.85, 5.18, 21.8, 8.26, 18.21, 7.27, 21.12, 8.53, 5.62, 23.85, 16.76, 12.5, 8.92, 6.12, 5.15]
Group : [1, 1, 1, 3, 3, 1, 2, 3, 3, 2, 2, 0, 0, 1, 2]
Sequence : [1, 2, 3, 4, 5, 6, 7, 8, 9, 10, 11, 12, 13, 14, 15]
Scroe : [107.85, 105.18, 121.8, 308.26, 318.21, 107.27, 221.12, 308.53, 305.62, 223.85, 216.76, 12.5, 8.92, 106.12, 205.15]
Time taken to solve the MIP model : 0.1256 seconds
min_d : 0, max_d : 9
---------------------------------
solution for: IP model
objective: 2.07778
x_0_1_0=1
x_1_3_0=1
x_2_3_1=1
x_3_2_0=1
x_4_4_0=1
x_5_1_1=1
x_6_2_1=1
x_7_2_2=1
x_8_2_3=1
x_9_3_2=1
x_10_1_2=1
x_11_0_0=1
x_12_0_1=1
x_13_0_2=1
x_14_1_3=1
r_0_0=1
r_0_1=1
r_0_2=1
r_1_0=1
r_1_1=1
r_1_2=1
r_1_3=1
r_2_0=1
r_2_1=1
r_2_2=1
r_2_3=1
r_4_0=1
d_0=1.400
d_1=3.400
d_2=2.400
d_3=2.000
d_5=0.400
d_6=1.250
d_8=1.000
d_9=1.750
d_10=0.750
d_11=0.500
d_12=0.500
d_13=1.600
d_14=1.750
d_x_0=0.200
d_x_1=2.200
d_x_2=2.200
d_x_5=0.200
d_x_6=0.500
d_x_9=1.500
d_x_10=0.500
d_x_13=0.800
d_x_14=0.500
d_y_0=1.200
d_y_1=1.200
d_y_2=0.200
d_y_3=2.000
d_y_5=0.200
d_y_6=0.750
d_y_8=1.000
d_y_9=0.250
d_y_10=0.250
d_y_11=0.500
d_y_12=0.500
d_y_13=0.800
d_y_14=1.250
normalized distance of container 0 : 0.15555555555555528
normalized distance of container 1 : 0.3777777777777778
normalized distance of container 2 : 0.2666666666666667
normalized distance of container 3 : 0.2222222222222222
normalized distance of container 4 : 0.0
normalized distance of container 5 : 0.04444444444444397
normalized distance of container 6 : 0.13888888888888806
normalized distance of container 7 : 0.0
normalized distance of container 8 : 0.1111111111111111
normalized distance of container 9 : 0.19444444444444406
normalized distance of container 10 : 0.08333333333333215
normalized distance of container 11 : 0.05555555555555398
normalized distance of container 12 : 0.05555555555555398
normalized distance of container 13 : 0.17777777777777706
normalized distance of container 14 : 0.19444444444444445
