Number of initial container : 0
Number of new container : 15
Total number of containers : 15
Level_num : 9
Container_level : [6, 6, 3, 1, 1, 6, 9, 3, 8, 6, 1, 8, 3, 8, 3]
ideal_configuration : 
 [[6. 0. 0. 0. 0. 0.]
 [3. 8. 0. 0. 0. 0.]
 [3. 6. 8. 0. 0. 0.]
 [1. 3. 6. 8. 0. 0.]
 [1. 1. 3. 6. 9. 0.]]
Centroid : {6: (1.5, 1.75), 3: (0.75, 1.5), 1: (0.3333333333333333, 0.3333333333333333), 9: (4.0, 0.0), 8: (2.0, 2.0)}
Repeat number : 24
Original weight : [14.85, 9.94, 18.11, 16.48, 12.94, 11.3, 23.89, 15.69, 16.34, 20.16, 18.83, 8.79, 5.48, 9.15, 13.79]
Group : [2, 2, 1, 0, 0, 2, 3, 1, 3, 2, 0, 3, 1, 3, 1]
Sequence : [1, 2, 3, 4, 5, 6, 7, 8, 9, 10, 11, 12, 13, 14, 15]
Scroe : [214.85, 209.94, 118.11, 16.48, 12.94, 211.3, 323.89, 115.69, 316.34, 220.16, 18.83, 308.79, 105.48, 309.15, 113.78999999999999]
Time taken to solve the MIP model : 0.0691 seconds
min_d : 0, max_d : 9
---------------------------------
solution for: IP model
objective: 2.12963
x_0_2_0=1
x_1_3_0=1
x_2_3_1=1
x_3_1_0=1
x_4_0_0=1
x_5_2_1=1
x_6_4_0=1
x_7_1_1=1
x_8_2_2=1
x_9_1_2=1
x_10_0_1=1
x_11_2_3=1
x_12_0_2=1
x_13_3_2=1
x_14_0_3=1
r_2_0=1
r_2_1=1
r_2_2=1
r_2_3=1
r_3_0=1
r_3_1=1
r_3_2=1
d_0=2.250
d_1=3.250
d_2=2.750
d_3=1.000
d_4=0.667
d_5=1.250
d_7=0.750
d_9=0.750
d_10=1.000
d_11=1.000
d_12=1.250
d_13=1.000
d_14=2.250
d_x_0=0.500
d_x_1=1.500
d_x_2=2.250
d_x_3=0.667
d_x_4=0.333
d_x_5=0.500
d_x_7=0.250
d_x_9=0.500
d_x_10=0.333
d_x_12=0.750
d_x_13=1.000
d_x_14=0.750
d_y_0=1.750
d_y_1=1.750
d_y_2=0.500
d_y_3=0.333
d_y_4=0.333
d_y_5=0.750
d_y_7=0.500
d_y_9=0.250
d_y_10=0.667
d_y_11=1.000
d_y_12=0.500
d_y_14=1.500
normalized distance of container 0 : 0.2499999999999998
normalized distance of container 1 : 0.3611111111111111
normalized distance of container 2 : 0.30555555555555475
normalized distance of container 3 : 0.1111111111111111
normalized distance of container 4 : 0.07407407407407304
normalized distance of container 5 : 0.13888888888888806
normalized distance of container 6 : 0.0
normalized distance of container 7 : 0.08333333333333175
normalized distance of container 8 : 0.0
normalized distance of container 9 : 0.08333333333333215
normalized distance of container 10 : 0.111111111111109
normalized distance of container 11 : 0.1111111111111111
normalized distance of container 12 : 0.13888888888888806
normalized distance of container 13 : 0.1111111111111111
normalized distance of container 14 : 0.25
