Number of initial container : 0
Number of new container : 15
Total number of containers : 15
Level_num : 9
Container_level : [6, 8, 1, 8, 6, 6, 8, 1, 1, 9, 1, 6, 3, 3, 8]
ideal_configuration : 
 [[8. 0. 0. 0. 0. 0.]
 [6. 8. 0. 0. 0. 0.]
 [1. 6. 8. 0. 0. 0.]
 [1. 3. 6. 8. 0. 0.]
 [1. 1. 3. 6. 9. 0.]]
Centroid : {6: (1.5, 1.5), 8: (1.5, 2.5), 1: (0.25, 0.75), 9: (4.0, 0.0), 3: (1.5, 0.5)}
Repeat number : 26
Original weight : [13.42, 16.04, 14.29, 15.33, 7.67, 12.07, 19.26, 23.74, 13.93, 23.1, 7.04, 17.44, 12.85, 23.48, 16.61]
Group : [2, 3, 0, 3, 2, 2, 3, 0, 0, 3, 0, 2, 1, 1, 3]
Sequence : [1, 2, 3, 4, 5, 6, 7, 8, 9, 10, 11, 12, 13, 14, 15]
Scroe : [213.42, 316.04, 14.29, 315.33, 207.67, 212.07, 319.26, 23.74, 13.93, 323.1, 7.04, 217.44, 112.85, 123.48, 316.61]
Time taken to solve the MIP model : 0.0663 seconds
min_d : 0, max_d : 9
---------------------------------
solution for: IP model
objective: 2.27778
x_0_2_0=1
x_1_2_1=1
x_2_1_0=1
x_3_2_2=1
x_4_1_1=1
x_5_1_2=1
x_6_2_3=1
x_7_0_0=1
x_8_0_1=1
x_9_4_0=1
x_10_0_2=1
x_11_1_3=1
x_12_3_0=1
x_13_3_1=1
x_14_3_2=1
r_0_0=1
r_0_1=1
r_0_2=1
r_1_1=1
r_1_2=1
r_1_3=1
r_2_1=1
r_2_2=1
r_2_3=1
d_0=2.000
d_1=2.000
d_2=1.500
d_3=1.000
d_4=1.000
d_5=1.000
d_6=1.000
d_7=1.000
d_8=0.500
d_10=1.500
d_11=2.000
d_12=2.000
d_13=2.000
d_14=2.000
d_x_0=0.500
d_x_1=0.500
d_x_2=0.750
d_x_3=0.500
d_x_4=0.500
d_x_5=0.500
d_x_6=0.500
d_x_7=0.250
d_x_8=0.250
d_x_10=0.250
d_x_11=0.500
d_x_12=1.500
d_x_13=1.500
d_x_14=1.500
d_y_0=1.500
d_y_1=1.500
d_y_2=0.750
d_y_3=0.500
d_y_4=0.500
d_y_5=0.500
d_y_6=0.500
d_y_7=0.750
d_y_8=0.250
d_y_10=1.250
d_y_11=1.500
d_y_12=0.500
d_y_13=0.500
d_y_14=0.500
normalized distance of container 0 : 0.22222222222222202
normalized distance of container 1 : 0.22222222222222182
normalized distance of container 2 : 0.16666666666666627
normalized distance of container 3 : 0.11111111111111033
normalized distance of container 4 : 0.1111111111111111
normalized distance of container 5 : 0.11111111111111101
normalized distance of container 6 : 0.11111111111111022
normalized distance of container 7 : 0.1111111111111111
normalized distance of container 8 : 0.05555555555555536
normalized distance of container 9 : 0.0
normalized distance of container 10 : 0.16666666666666627
normalized distance of container 11 : 0.2222222222222222
normalized distance of container 12 : 0.22222222222222066
normalized distance of container 13 : 0.2222222222222222
normalized distance of container 14 : 0.22222222222222182
