Number of initial container : 0
Number of new container : 15
Total number of containers : 15
Level_num : 9
Container_level : [8, 3, 3, 8, 9, 3, 1, 3, 6, 3, 6, 3, 8, 6, 6]
ideal_configuration : 
 [[6. 0. 0. 0. 0. 0.]
 [3. 8. 0. 0. 0. 0.]
 [3. 6. 8. 0. 0. 0.]
 [3. 3. 6. 8. 0. 0.]
 [1. 3. 3. 6. 9. 0.]]
Centroid : {8: (2.0, 2.0), 3: (0.6666666666666666, 1.1666666666666667), 9: (4.0, 0.0), 1: (0.0, 0.0), 6: (1.5, 1.75)}
Repeat number : 21
Original weight : [14.55, 5.45, 5.12, 10.82, 18.65, 19.39, 13.44, 19.23, 7.95, 5.93, 5.75, 8.08, 11.81, 22.09, 12.32]
Group : [3, 1, 1, 3, 3, 1, 0, 1, 2, 1, 2, 1, 3, 2, 2]
Sequence : [1, 2, 3, 4, 5, 6, 7, 8, 9, 10, 11, 12, 13, 14, 15]
Scroe : [314.55, 105.45, 105.12, 310.82, 318.65, 119.39, 13.44, 119.23, 207.95, 105.93, 205.75, 108.08, 311.81, 222.09, 212.32]
Time taken to solve the MIP model : 0.0678 seconds
min_d : 0, max_d : 9
---------------------------------
solution for: IP model
objective: 2.14815
x_0_2_0=1
x_1_1_0=1
x_2_3_0=1
x_3_2_1=1
x_4_4_0=1
x_5_1_1=1
x_6_0_0=1
x_7_3_1=1
x_8_3_2=1
x_9_0_1=1
x_10_1_2=1
x_11_0_2=1
x_12_2_2=1
x_13_2_3=1
x_14_1_3=1
r_0_2=1
r_2_0=1
r_2_1=1
r_2_2=1
r_2_3=1
d_0=2.000
d_1=1.500
d_2=3.500
d_3=1.000
d_5=0.500
d_7=2.500
d_8=1.750
d_9=0.833
d_10=0.750
d_11=1.500
d_13=1.750
d_14=1.750
d_x_1=0.333
d_x_2=2.333
d_x_5=0.333
d_x_7=2.333
d_x_8=1.500
d_x_9=0.667
d_x_10=0.500
d_x_11=0.667
d_x_13=0.500
d_x_14=0.500
d_y_0=2.000
d_y_1=1.167
d_y_2=1.167
d_y_3=1.000
d_y_5=0.167
d_y_7=0.167
d_y_8=0.250
d_y_9=0.167
d_y_10=0.250
d_y_11=0.833
d_y_13=1.250
d_y_14=1.250
normalized distance of container 0 : 0.2222222222222222
normalized distance of container 1 : 0.16666666666666655
normalized distance of container 2 : 0.38888888888888834
normalized distance of container 3 : 0.1111111111111111
normalized distance of container 4 : 0.0
normalized distance of container 5 : 0.05555555555555504
normalized distance of container 6 : 0.0
normalized distance of container 7 : 0.2777777777777773
normalized distance of container 8 : 0.19444444444444406
normalized distance of container 9 : 0.0925925925925926
normalized distance of container 10 : 0.08333333333333294
normalized distance of container 11 : 0.16666666666666613
normalized distance of container 12 : 0.0
normalized distance of container 13 : 0.19444444444444325
normalized distance of container 14 : 0.19444444444444445
