Number of initial container : 0
Number of new container : 15
Total number of containers : 15
Level_num : 9
Container_level : [3, 8, 1, 1, 8, 8, 1, 8, 1, 1, 3, 9, 3, 1, 8]
ideal_configuration : 
 [[8. 0. 0. 0. 0. 0.]
 [3. 8. 0. 0. 0. 0.]
 [1. 3. 8. 0. 0. 0.]
 [1. 1. 3. 8. 0. 0.]
 [1. 1. 1. 8. 9. 0.]]
Centroid : {3: (1.0, 2.0), 8: (1.8, 2.0), 1: (0.6666666666666666, 0.6666666666666666), 9: (4.0, 0.0)}
Repeat number : 22
Original weight : [14.0, 5.11, 17.38, 9.51, 7.52, 8.37, 18.66, 5.78, 6.4, 15.84, 16.28, 21.94, 18.93, 5.17, 16.81]
Group : [1, 3, 0, 0, 3, 3, 0, 3, 0, 0, 1, 3, 1, 0, 3]
Sequence : [1, 2, 3, 4, 5, 6, 7, 8, 9, 10, 11, 12, 13, 14, 15]
Scroe : [114.0, 305.11, 17.38, 9.51, 307.52, 308.37, 18.66, 305.78, 6.4, 15.84, 116.28, 321.94, 118.93, 5.17, 316.81]
Time taken to solve the MIP model : 0.0309 seconds
min_d : 0, max_d : 9
---------------------------------
solution for: IP model
objective: 2.11111
x_0_3_0=1
x_1_3_1=1
x_2_2_0=1
x_3_1_0=1
x_4_2_1=1
x_5_3_2=1
x_6_1_1=1
x_7_2_2=1
x_8_0_0=1
x_9_0_1=1
x_10_1_2=1
x_11_4_0=1
x_12_1_3=1
x_13_0_2=1
x_14_2_3=1
r_0_0=1
r_0_1=1
r_0_2=1
r_1_0=1
r_1_1=1
r_1_2=1
r_1_3=1
r_2_1=1
r_2_2=1
r_2_3=1
d_0=4.000
d_1=2.200
d_2=2.000
d_3=1.000
d_4=1.200
d_5=1.200
d_6=0.667
d_7=0.200
d_8=1.333
d_9=1.000
d_12=1.000
d_13=2.000
d_14=1.200
d_x_0=2.000
d_x_1=1.200
d_x_2=1.333
d_x_3=0.333
d_x_4=0.200
d_x_5=1.200
d_x_6=0.333
d_x_7=0.200
d_x_8=0.667
d_x_9=0.667
d_x_13=0.667
d_x_14=0.200
d_y_0=2.000
d_y_1=1.000
d_y_2=0.667
d_y_3=0.667
d_y_4=1.000
d_y_6=0.333
d_y_8=0.667
d_y_9=0.333
d_y_12=1.000
d_y_13=1.333
d_y_14=1.000
normalized distance of container 0 : 0.4444444444444444
normalized distance of container 1 : 0.24444444444444446
normalized distance of container 2 : 0.22222222222222168
normalized distance of container 3 : 0.11111111111111056
normalized distance of container 4 : 0.13333333333333247
normalized distance of container 5 : 0.13333333333333283
normalized distance of container 6 : 0.0740740740740726
normalized distance of container 7 : 0.022222222222221748
normalized distance of container 8 : 0.14814814814814814
normalized distance of container 9 : 0.11111111111111056
normalized distance of container 10 : 0.0
normalized distance of container 11 : 0.0
normalized distance of container 12 : 0.1111111111111111
normalized distance of container 13 : 0.22222222222222168
normalized distance of container 14 : 0.13333333333333283
