Number of initial container : 0
Number of new container : 15
Total number of containers : 15
Level_num : 9
Container_level : [8, 3, 3, 1, 1, 1, 9, 1, 8, 8, 1, 6, 8, 1, 3]
ideal_configuration : 
 [[8. 0. 0. 0. 0. 0.]
 [3. 8. 0. 0. 0. 0.]
 [1. 3. 8. 0. 0. 0.]
 [1. 1. 3. 8. 0. 0.]
 [1. 1. 1. 6. 9. 0.]]
Centroid : {8: (1.5, 2.5), 3: (1.0, 2.0), 1: (0.6666666666666666, 0.6666666666666666), 9: (4.0, 0.0), 6: (3.0, 0.0)}
Repeat number : 27
Original weight : [8.07, 7.89, 18.31, 19.41, 23.45, 5.97, 23.52, 18.86, 7.34, 12.16, 10.73, 6.64, 13.96, 16.72, 9.11]
Group : [3, 1, 1, 0, 0, 0, 3, 0, 3, 3, 0, 2, 3, 0, 1]
Sequence : [1, 2, 3, 4, 5, 6, 7, 8, 9, 10, 11, 12, 13, 14, 15]
Scroe : [308.07, 107.89, 118.31, 19.41, 23.45, 5.97, 323.52, 18.86, 307.34, 312.16, 10.73, 206.64, 313.96, 16.72, 109.11]
Time taken to solve the MIP model : 0.1420 seconds
min_d : 0, max_d : 9
---------------------------------
solution for: IP model
objective: 2.66667
x_0_2_0=1
x_1_1_0=1
x_2_1_1=1
x_3_0_0=1
x_4_1_2=1
x_5_3_0=1
x_6_4_0=1
x_7_0_1=1
x_8_2_1=1
x_9_2_2=1
x_10_0_2=1
x_11_3_1=1
x_12_2_3=1
x_13_0_3=1
x_14_1_3=1
r_0_0=1
r_0_1=1
r_0_2=1
r_0_3=1
r_1_0=1
r_1_1=1
r_1_2=1
r_1_3=1
r_2_0=1
r_2_1=1
r_2_2=1
r_2_3=1
r_3_0=1
r_3_1=1
d_0=3.000
d_1=2.000
d_2=1.000
d_3=1.333
d_4=1.667
d_5=3.000
d_7=1.000
d_8=2.000
d_9=1.000
d_10=2.000
d_11=1.000
d_12=1.000
d_13=3.000
d_14=1.000
d_x_0=0.500
d_x_3=0.667
d_x_4=0.333
d_x_5=2.333
d_x_7=0.667
d_x_8=0.500
d_x_9=0.500
d_x_10=0.667
d_x_12=0.500
d_x_13=0.667
d_y_0=2.500
d_y_1=2.000
d_y_2=1.000
d_y_3=0.667
d_y_4=1.333
d_y_5=0.667
d_y_7=0.333
d_y_8=1.500
d_y_9=0.500
d_y_10=1.333
d_y_11=1.000
d_y_12=0.500
d_y_13=2.333
d_y_14=1.000
normalized distance of container 0 : 0.33333333333333315
normalized distance of container 1 : 0.2222222222222222
normalized distance of container 2 : 0.1111111111111111
normalized distance of container 3 : 0.14814814814814814
normalized distance of container 4 : 0.18518518518518373
normalized distance of container 5 : 0.33333333333333204
normalized distance of container 6 : 0.0
normalized distance of container 7 : 0.11111111111111056
normalized distance of container 8 : 0.2222222222222214
normalized distance of container 9 : 0.1111111111111103
normalized distance of container 10 : 0.22222222222222168
normalized distance of container 11 : 0.1111111111111111
normalized distance of container 12 : 0.1111111111111099
normalized distance of container 13 : 0.3333333333333328
normalized distance of container 14 : 0.1111111111111111
