Number of initial container : 0
Number of new container : 15
Total number of containers : 15
Level_num : 9
Container_level : [8, 1, 3, 6, 1, 8, 8, 6, 6, 3, 3, 3, 1, 1, 9]
ideal_configuration : 
 [[6. 0. 0. 0. 0. 0.]
 [3. 8. 0. 0. 0. 0.]
 [1. 3. 8. 0. 0. 0.]
 [1. 3. 6. 8. 0. 0.]
 [1. 1. 3. 6. 9. 0.]]
Centroid : {8: (2.0, 2.0), 1: (0.25, 0.75), 3: (1.0, 1.5), 6: (1.6666666666666667, 1.6666666666666667), 9: (4.0, 0.0)}
Repeat number : 13
Original weight : [16.04, 22.89, 9.97, 15.62, 19.79, 16.39, 19.23, 22.42, 7.28, 6.55, 10.3, 13.51, 14.04, 23.31, 23.08]
Group : [3, 0, 1, 2, 0, 3, 3, 2, 2, 1, 1, 1, 0, 0, 3]
Sequence : [1, 2, 3, 4, 5, 6, 7, 8, 9, 10, 11, 12, 13, 14, 15]
Scroe : [316.04, 22.89, 109.97, 215.62, 19.79, 316.39, 319.23, 222.42000000000002, 207.28, 106.55, 110.3, 113.51, 14.04, 23.31, 323.08]
Time taken to solve the MIP model : 0.0743 seconds
min_d : 0, max_d : 9
---------------------------------
solution for: IP model
objective: 2.09259
x_0_2_0=1
x_1_1_0=1
x_2_3_0=1
x_3_3_1=1
x_4_0_0=1
x_5_2_1=1
x_6_2_2=1
x_7_2_3=1
x_8_3_2=1
x_9_1_1=1
x_10_1_2=1
x_11_1_3=1
x_12_0_1=1
x_13_0_2=1
x_14_4_0=1
r_0_0=1
r_0_1=1
r_0_2=1
r_1_1=1
r_1_2=1
r_1_3=1
r_2_0=1
r_2_1=1
r_2_2=1
r_2_3=1
r_3_1=1
r_3_2=1
d_0=2.000
d_1=1.500
d_2=3.500
d_3=2.000
d_4=1.000
d_5=1.000
d_7=1.667
d_8=1.667
d_9=0.500
d_10=0.500
d_11=1.500
d_12=0.500
d_13=1.500
d_x_1=0.750
d_x_2=2.000
d_x_3=1.333
d_x_4=0.250
d_x_7=0.333
d_x_8=1.333
d_x_12=0.250
d_x_13=0.250
d_y_0=2.000
d_y_1=0.750
d_y_2=1.500
d_y_3=0.667
d_y_4=0.750
d_y_5=1.000
d_y_7=1.333
d_y_8=0.333
d_y_9=0.500
d_y_10=0.500
d_y_11=1.500
d_y_12=0.250
d_y_13=1.250
normalized distance of container 0 : 0.2222222222222222
normalized distance of container 1 : 0.16666666666666627
normalized distance of container 2 : 0.3888888888888889
normalized distance of container 3 : 0.22222222222222174
normalized distance of container 4 : 0.1111111111111111
normalized distance of container 5 : 0.1111111111111111
normalized distance of container 6 : 0.0
normalized distance of container 7 : 0.18518518518518415
normalized distance of container 8 : 0.18518518518518415
normalized distance of container 9 : 0.05555555555555555
normalized distance of container 10 : 0.05555555555555479
normalized distance of container 11 : 0.16666666666666666
normalized distance of container 12 : 0.05555555555555477
normalized distance of container 13 : 0.16666666666666508
normalized distance of container 14 : 0.0
