Number of initial container : 5
Number of new container : 10
Total number of containers : 15
Level_num : 9
Container_level : [3, 5, 1, 6, 3, 1, 9, 1, 4, 2, 1, 3, 6, 4, 6]
ideal_configuration : 
 [[5. 0. 0. 0. 0. 0.]
 [3. 6. 0. 0. 0. 0.]
 [1. 3. 6. 0. 0. 0.]
 [1. 2. 4. 6. 0. 0.]
 [1. 1. 3. 4. 9. 0.]]
Centroid : {3: (1.0, 1.6666666666666667), 5: (0.0, 4.0), 1: (0.25, 0.75), 6: (2.0, 2.0), 9: (4.0, 0.0), 4: (2.5, 0.5), 2: (1.0, 1.0)}
Repeat number : 1
Original weight : [11.19, 16.32, 5.18, 17.08, 10.8, 5.06, 23.39, 5.03, 12.36, 7.76, 6.29, 10.16, 17.13, 13.37, 17.16]
Sequence : [0, 0, 0, 0, 0, 1, 2, 3, 4, 5, 6, 7, 8, 9, 10]
Emergency : [0, 0, 0, 0, 0, 0, 0, 0, 0, 0, 0, 0, 0, 0, 0]
Time taken to solve the MIP model : 0.0199 seconds
min_d : 0, max_d : 9
---------------------------------
solution for: IP model
objective: 3.07407
status: OPTIMAL_SOLUTION(2)
x_0_4_0=1
x_1_2_0=1
x_2_0_0=1
x_3_5_0=1
x_4_0_1=1
x_5_0_2=1
x_6_4_1=1
x_7_1_0=1
x_8_3_0=1
x_9_1_1=1
x_10_2_1=1
x_11_1_2=1
x_12_2_2=1
x_13_3_1=1
x_14_2_3=1
r_0_0=1
r_0_1=1
r_0_2=1
r_1_0=1
r_1_1=1
r_1_2=1
r_2_0=1
r_2_1=1
r_2_2=1
r_2_3=1
r_3_1=1
r_4_1=1
d_0=4.667
d_1=6.000
d_2=1.000
d_3=5.000
d_4=1.667
d_5=1.500
d_6=1.000
d_7=1.500
d_8=1.000
d_10=2.000
d_11=0.333
d_13=1.000
d_14=1.000
d_x_0=3.000
d_x_1=2.000
d_x_2=0.250
d_x_3=3.000
d_x_4=1.000
d_x_5=0.250
d_x_7=0.750
d_x_8=0.500
d_x_10=1.750
d_x_13=0.500
d_y_0=1.667
d_y_1=4.000
d_y_2=0.750
d_y_3=2.000
d_y_4=0.667
d_y_5=1.250
d_y_6=1.000
d_y_7=0.750
d_y_8=0.500
d_y_10=0.250
d_y_11=0.333
d_y_13=0.500
d_y_14=1.000
normalized distance of container 0 : 0.5185185185185186
normalized distance of container 1 : 0.6666666666666666
normalized distance of container 2 : 0.1111111111111111
normalized distance of container 3 : 0.5555555555555556
normalized distance of container 4 : 0.1851851851851852
normalized distance of container 5 : 0.16666666666666663
normalized distance of container 6 : 0.1111111111111111
normalized distance of container 7 : 0.16666666666666588
normalized distance of container 8 : 0.11111111111110993
normalized distance of container 9 : 0.0
normalized distance of container 10 : 0.22222222222221985
normalized distance of container 11 : 0.03703703703703651
normalized distance of container 12 : 0.0
normalized distance of container 13 : 0.11111111111110993
normalized distance of container 14 : 0.1111111111111111
