Number of initial container : 5
Number of new container : 10
Total number of containers : 15
Level_num : 9
Container_level : [6, 2, 1, 5, 7, 3, 8, 8, 6, 8, 4, 5, 9, 1, 1]
ideal_configuration : 
 [[7. 0. 0. 0. 0. 0.]
 [5. 8. 0. 0. 0. 0.]
 [2. 5. 8. 0. 0. 0.]
 [1. 3. 6. 8. 0. 0.]
 [1. 1. 4. 6. 9. 0.]]
Centroid : {6: (2.5, 0.5), 2: (0.0, 2.0), 1: (0.3333333333333333, 0.3333333333333333), 5: (0.5, 2.5), 7: (0.0, 4.0), 3: (1.0, 1.0), 8: (2.0, 2.0), 4: (2.0, 0.0), 9: (4.0, 0.0)}
Repeat number : 29
Original weight : [15.83, 9.06, 6.94, 13.12, 16.76, 11.37, 18.37, 17.97, 15.49, 17.98, 11.51, 13.06, 18.92, 7.51, 7.93]
Sequence : [0, 0, 0, 0, 0, 1, 2, 3, 4, 5, 6, 7, 8, 9, 10]
Emergency : [0, 0, 0, 0, 0, 0, 0, 0, 0, 0, 0, 0, 0, 0, 0]
Time taken to solve the MIP model : 0.0336 seconds
min_d : 0, max_d : 9
---------------------------------
solution for: IP model
objective: 3.03704
status: OPTIMAL_SOLUTION(2)
x_0_4_0=1
x_1_3_0=1
x_2_0_0=1
x_3_4_1=1
x_4_0_1=1
x_5_2_0=1
x_6_2_1=1
x_7_2_2=1
x_8_3_1=1
x_9_2_3=1
x_10_1_0=1
x_11_0_2=1
x_12_5_0=1
x_13_1_1=1
x_14_1_2=1
r_0_1=1
r_0_2=1
r_1_0=1
r_1_1=1
r_1_2=1
r_2_1=1
r_2_2=1
r_2_3=1
r_4_0=1
r_4_1=1
d_0=2.000
d_1=5.000
d_2=0.667
d_3=5.000
d_4=3.000
d_5=2.000
d_6=1.000
d_8=1.000
d_9=1.000
d_10=1.000
d_11=1.000
d_12=1.000
d_13=1.333
d_14=2.333
d_x_0=1.500
d_x_1=3.000
d_x_2=0.333
d_x_3=3.500
d_x_5=1.000
d_x_8=0.500
d_x_10=1.000
d_x_11=0.500
d_x_12=1.000
d_x_13=0.667
d_x_14=0.667
d_y_0=0.500
d_y_1=2.000
d_y_2=0.333
d_y_3=1.500
d_y_4=3.000
d_y_5=1.000
d_y_6=1.000
d_y_8=0.500
d_y_9=1.000
d_y_11=0.500
d_y_13=0.667
d_y_14=1.667
normalized distance of container 0 : 0.2222222222222222
normalized distance of container 1 : 0.5555555555555556
normalized distance of container 2 : 0.07407407407407407
normalized distance of container 3 : 0.5555555555555556
normalized distance of container 4 : 0.3333333333333333
normalized distance of container 5 : 0.2222222222222222
normalized distance of container 6 : 0.1111111111111111
normalized distance of container 7 : 0.0
normalized distance of container 8 : 0.11111111111111072
normalized distance of container 9 : 0.1111111111111111
normalized distance of container 10 : 0.1111111111111111
normalized distance of container 11 : 0.11111111111111072
normalized distance of container 12 : 0.1111111111111111
normalized distance of container 13 : 0.1481481481481479
normalized distance of container 14 : 0.2592592592592593
