Number of initial container : 0
Number of new container : 10
Total number of containers : 10
Level_num : 9
Container_level : [7, 1, 1, 4, 1, 9, 5, 5, 5, 7]
ideal_configuration : 
 [[0. 0. 0. 0. 0. 0.]
 [5. 0. 0. 0. 0. 0.]
 [4. 7. 0. 0. 0. 0.]
 [1. 5. 7. 0. 0. 0.]
 [1. 1. 5. 9. 0. 0.]]
Centroid : {7: (1.5, 1.5), 1: (0.3333333333333333, 0.3333333333333333), 4: (0.0, 2.0), 9: (3.0, 0.0), 5: (1.0, 1.3333333333333333)}
Repeat number : 29
Original weight : [19.09, 5.1, 6.47, 12.26, 5.19, 23.14, 15.87, 14.35, 15.09, 19.19]
Sequence : [1, 2, 3, 4, 5, 6, 7, 8, 9, 10]
Emergency : [0, 0, 0, 0, 0, 0, 0, 0, 0, 0]
Time taken to solve the MIP model : 0.0131 seconds
min_d : 0, max_d : 9
---------------------------------
solution for: IP model
objective: 0.888889
status: OPTIMAL_SOLUTION(2)
x_0_2_0=1
x_1_0_0=1
x_2_0_1=1
x_3_0_2=1
x_4_1_0=1
x_5_3_0=1
x_6_1_1=1
x_7_2_1=1
x_8_1_2=1
x_9_2_2=1
r_1_0=1
r_1_1=1
r_1_2=1
r_2_0=1
r_2_1=1
r_2_2=1
d_0=2.000
d_1=0.667
d_2=1.000
d_4=1.000
d_6=0.333
d_7=1.333
d_8=0.667
d_9=1.000
d_x_0=0.500
d_x_1=0.333
d_x_2=0.333
d_x_4=0.667
d_x_7=1.000
d_x_9=0.500
d_y_0=1.500
d_y_1=0.333
d_y_2=0.667
d_y_4=0.333
d_y_6=0.333
d_y_7=0.333
d_y_8=0.667
d_y_9=0.500
normalized distance of container 0 : 0.22222222222222202
normalized distance of container 1 : 0.07407407407407399
normalized distance of container 2 : 0.11111111111111012
normalized distance of container 3 : 0.0
normalized distance of container 4 : 0.11111111111111005
normalized distance of container 5 : 0.0
normalized distance of container 6 : 0.03703703703703703
normalized distance of container 7 : 0.14814814814814814
normalized distance of container 8 : 0.07407407407407342
normalized distance of container 9 : 0.11111111111110954
