Number of initial container : 3
Number of new container : 7
Total number of containers : 10
Level_num : 9
Container_level : [6, 8, 2, 1, 5, 9, 3, 2, 1, 5]
ideal_configuration : 
 [[0. 0. 0. 0. 0. 0.]
 [5. 0. 0. 0. 0. 0.]
 [2. 6. 0. 0. 0. 0.]
 [1. 3. 8. 0. 0. 0.]
 [1. 2. 5. 9. 0. 0.]]
Centroid : {6: (1.0, 2.0), 8: (2.0, 1.0), 2: (0.5, 1.0), 1: (0.0, 0.5), 5: (1.0, 1.5), 9: (3.0, 0.0), 3: (1.0, 1.0)}
Repeat number : 28
Original weight : [18.04, 22.04, 9.69, 5.67, 16.49, 23.33, 10.54, 8.58, 6.69, 15.61]
Group : [0, 0, 0, 0, 0, 0, 0, 0, 0, 0]
Sequence : [0, 0, 0, 1, 2, 3, 4, 5, 6, 7]
Scroe : [18.04, 22.04, 9.69, 5.67, 16.49, 23.33, 10.54, 8.58, 6.69, 15.61]
Time taken to solve the MIP model : 0.0125 seconds
min_d : 0, max_d : 9
---------------------------------
solution for: IP model
objective: 0
x_0_0_0=1
x_1_5_0=1
x_2_2_0=1
x_3_1_0=1
x_4_2_1=1
x_5_5_1=1
x_6_3_0=1
x_7_4_0=1
x_8_1_1=1
x_9_4_1=1
d_0=3.000
d_1=4.000
d_2=2.500
d_3=2.000
d_4=2.000
d_5=3.000
d_6=3.000
d_7=5.000
d_8=2.000
d_9=4.000
d_x_0=1.000
d_x_1=3.000
d_x_2=1.500
d_x_3=1.000
d_x_4=1.000
d_x_5=2.000
d_x_6=2.000
d_x_7=4.000
d_x_8=1.000
d_x_9=3.000
d_y_0=2.000
d_y_1=1.000
d_y_2=1.000
d_y_3=1.000
d_y_4=1.000
d_y_5=1.000
d_y_6=1.000
d_y_7=1.000
d_y_8=1.000
d_y_9=1.000
normalized distance of container 0 : 0.3333333333333333
normalized distance of container 1 : 0.4444444444444444
normalized distance of container 2 : 0.2777777777777778
normalized distance of container 3 : 0.2222222222222222
normalized distance of container 4 : 0.2222222222222222
normalized distance of container 5 : 0.3333333333333333
normalized distance of container 6 : 0.3333333333333333
normalized distance of container 7 : 0.5555555555555556
normalized distance of container 8 : 0.2222222222222222
normalized distance of container 9 : 0.4444444444444444
