Number of initial container : 0
Number of new container : 23
Total number of containers : 23
Level_num : 9
Container_level : [3, 6, 5, 1, 4, 1, 9, 4, 5, 5, 4, 4, 5, 3, 2, 7, 6, 7, 8, 6, 5, 2, 4]
ideal_configuration : 
 [[4. 5. 7. 0. 0. 0.]
 [4. 5. 6. 8. 0. 0.]
 [2. 4. 5. 6. 9. 0.]
 [1. 3. 4. 5. 6. 0.]
 [1. 2. 3. 4. 5. 7.]]
Centroid : {3: (1.5, 0.5), 6: (3.0, 2.0), 5: (2.2, 2.0), 1: (0.0, 0.5), 4: (1.2, 2.0), 9: (4.0, 2.0), 2: (0.5, 1.0), 7: (3.5, 2.0), 8: (3.0, 3.0)}
Repeat number : 23
Original weight : [9.42, 15.71, 14.31, 5.44, 12.25, 5.14, 21.09, 12.12, 13.34, 14.29, 11.63, 12.4, 14.74, 10.04, 8.45, 18.08, 16.22, 18.96, 20.67, 16.56, 13.99, 7.26, 12.22]
Group : [0, 0, 0, 0, 0, 0, 0, 0, 0, 0, 0, 0, 0, 0, 0, 0, 0, 0, 0, 0, 0, 0, 0]
Sequence : [1, 2, 3, 4, 5, 6, 7, 8, 9, 10, 11, 12, 13, 14, 15, 16, 17, 18, 19, 20, 21, 22, 23]
Scroe : [9.42, 15.71, 14.31, 5.44, 12.25, 5.14, 21.09, 12.12, 13.34, 14.29, 11.63, 12.4, 14.74, 10.04, 8.45, 18.08, 16.22, 18.96, 20.67, 16.56, 13.99, 7.26, 12.22]
Time taken to solve the MIP model : 434.8050 seconds
min_d : 0, max_d : 9
---------------------------------
solution for: IP model
objective: 3
x_0_0_0=1
x_1_3_0=1
x_2_0_1=1
x_3_4_0=1
x_4_5_0=1
x_5_1_0=1
x_6_0_2=1
x_7_2_0=1
x_8_5_1=1
x_9_2_1=1
x_10_1_1=1
x_11_1_2=1
x_12_2_2=1
x_13_4_1=1
x_14_3_1=1
x_15_5_2=1
x_16_2_3=1
x_17_5_3=1
x_18_5_4=1
x_19_2_4=1
x_20_1_3=1
x_21_3_2=1
x_22_4_2=1
r_3_0=1
r_3_1=1
r_3_2=1
d_0=3.000
d_1=2.000
d_2=4.000
d_3=5.000
d_4=6.000
d_5=2.000
d_6=4.000
d_7=3.000
d_8=4.000
d_9=2.000
d_10=2.000
d_11=1.000
d_12=2.000
d_13=4.000
d_14=3.000
d_15=2.000
d_16=2.000
d_17=3.000
d_18=3.000
d_19=3.000
d_20=3.000
d_21=4.000
d_22=3.000
d_x_0=2.000
d_x_2=3.000
d_x_3=4.000
d_x_4=4.000
d_x_5=1.000
d_x_6=4.000
d_x_7=1.000
d_x_8=3.000
d_x_9=1.000
d_x_10=1.000
d_x_11=1.000
d_x_12=1.000
d_x_13=3.000
d_x_14=3.000
d_x_15=2.000
d_x_16=1.000
d_x_17=2.000
d_x_18=2.000
d_x_19=1.000
d_x_20=2.000
d_x_21=3.000
d_x_22=3.000
d_y_0=1.000
d_y_1=2.000
d_y_2=1.000
d_y_3=1.000
d_y_4=2.000
d_y_5=1.000
d_y_7=2.000
d_y_8=1.000
d_y_9=1.000
d_y_10=1.000
d_y_12=1.000
d_y_13=1.000
d_y_16=1.000
d_y_17=1.000
d_y_18=1.000
d_y_19=2.000
d_y_20=1.000
d_y_21=1.000
normalized distance of container 0 : 0.3333333333333333
normalized distance of container 1 : 0.2222222222222222
normalized distance of container 2 : 0.4444444444444444
normalized distance of container 3 : 0.5555555555555556
normalized distance of container 4 : 0.6666666666666666
normalized distance of container 5 : 0.2222222222222222
normalized distance of container 6 : 0.4444444444444444
normalized distance of container 7 : 0.3333333333333333
normalized distance of container 8 : 0.4444444444444444
normalized distance of container 9 : 0.2222222222222222
normalized distance of container 10 : 0.2222222222222222
normalized distance of container 11 : 0.1111111111111111
normalized distance of container 12 : 0.2222222222222222
normalized distance of container 13 : 0.4444444444444444
normalized distance of container 14 : 0.3333333333333333
normalized distance of container 15 : 0.2222222222222222
normalized distance of container 16 : 0.2222222222222222
normalized distance of container 17 : 0.3333333333333333
normalized distance of container 18 : 0.3333333333333333
normalized distance of container 19 : 0.3333333333333333
normalized distance of container 20 : 0.3333333333333333
normalized distance of container 21 : 0.4444444444444444
normalized distance of container 22 : 0.3333333333333333
