Number of initial container : 0
Number of new container : 23
Total number of containers : 23
Level_num : 9
Container_level : [4, 7, 1, 6, 9, 3, 5, 1, 2, 4, 5, 8, 1, 1, 1, 2, 3, 4, 8, 7, 4, 2, 2]
ideal_configuration : 
 [[3. 5. 8. 0. 0. 0.]
 [2. 4. 5. 8. 0. 0.]
 [1. 2. 4. 6. 9. 0.]
 [1. 1. 2. 4. 7. 0.]
 [1. 1. 2. 3. 4. 7.]]
Centroid : {4: (2.5, 1.5), 7: (4.5, 0.5), 1: (0.4, 0.8), 6: (3.0, 2.0), 9: (4.0, 2.0), 3: (1.5, 2.0), 5: (1.5, 3.5), 2: (1.25, 1.5), 8: (2.5, 3.5)}
Repeat number : 8
Original weight : [14.7, 21.59, 5.91, 18.86, 23.96, 11.89, 16.4, 7.13, 8.51, 13.6, 16.94, 23.13, 6.58, 6.37, 7.68, 9.79, 11.76, 14.58, 22.38, 20.96, 14.8, 8.57, 9.47]
Group : [0, 0, 0, 0, 0, 0, 0, 0, 0, 0, 0, 0, 0, 0, 0, 0, 0, 0, 0, 0, 0, 0, 0]
Sequence : [1, 2, 3, 4, 5, 6, 7, 8, 9, 10, 11, 12, 13, 14, 15, 16, 17, 18, 19, 20, 21, 22, 23]
Scroe : [14.7, 21.59, 5.91, 18.86, 23.96, 11.89, 16.4, 7.13, 8.51, 13.6, 16.94, 23.13, 6.58, 6.37, 7.68, 9.79, 11.76, 14.58, 22.38, 20.96, 14.8, 8.57, 9.47]
Time taken to solve the MIP model : 1.5216 seconds
min_d : 0, max_d : 9
---------------------------------
solution for: IP model
objective: 0
x_0_4_0=1
x_1_1_0=1
x_2_5_0=1
x_3_4_1=1
x_4_1_1=1
x_5_2_0=1
x_6_2_1=1
x_7_0_0=1
x_8_0_1=1
x_9_0_2=1
x_10_2_2=1
x_11_2_3=1
x_12_3_0=1
x_13_5_1=1
x_14_5_2=1
x_15_3_1=1
x_16_3_2=1
x_17_3_3=1
x_18_4_2=1
x_19_3_4=1
x_20_0_3=1
x_21_5_3=1
x_22_5_4=1
d_0=4.000
d_1=5.000
d_2=6.000
d_3=2.000
d_4=4.000
d_5=3.000
d_6=4.000
d_7=2.000
d_8=3.000
d_9=4.000
d_10=3.000
d_11=2.000
d_12=4.000
d_13=6.000
d_14=7.000
d_15=3.000
d_16=2.000
d_17=3.000
d_18=4.000
d_19=6.000
d_20=5.000
d_21=6.000
d_22=7.000
d_x_0=2.000
d_x_1=4.000
d_x_2=5.000
d_x_3=1.000
d_x_4=3.000
d_x_5=1.000
d_x_6=1.000
d_x_7=1.000
d_x_8=2.000
d_x_9=3.000
d_x_10=1.000
d_x_11=1.000
d_x_12=3.000
d_x_13=5.000
d_x_14=5.000
d_x_15=2.000
d_x_16=2.000
d_x_17=1.000
d_x_18=2.000
d_x_19=2.000
d_x_20=3.000
d_x_21=4.000
d_x_22=4.000
d_y_0=2.000
d_y_1=1.000
d_y_2=1.000
d_y_3=1.000
d_y_4=1.000
d_y_5=2.000
d_y_6=3.000
d_y_7=1.000
d_y_8=1.000
d_y_9=1.000
d_y_10=2.000
d_y_11=1.000
d_y_12=1.000
d_y_13=1.000
d_y_14=2.000
d_y_15=1.000
d_y_17=2.000
d_y_18=2.000
d_y_19=4.000
d_y_20=2.000
d_y_21=2.000
d_y_22=3.000
normalized distance of container 0 : 0.4444444444444444
normalized distance of container 1 : 0.5555555555555556
normalized distance of container 2 : 0.6666666666666666
normalized distance of container 3 : 0.2222222222222222
normalized distance of container 4 : 0.4444444444444444
normalized distance of container 5 : 0.3333333333333333
normalized distance of container 6 : 0.4444444444444444
normalized distance of container 7 : 0.2222222222222222
normalized distance of container 8 : 0.3333333333333333
normalized distance of container 9 : 0.4444444444444444
normalized distance of container 10 : 0.3333333333333333
normalized distance of container 11 : 0.2222222222222222
normalized distance of container 12 : 0.4444444444444444
normalized distance of container 13 : 0.6666666666666666
normalized distance of container 14 : 0.7777777777777778
normalized distance of container 15 : 0.3333333333333333
normalized distance of container 16 : 0.2222222222222222
normalized distance of container 17 : 0.3333333333333333
normalized distance of container 18 : 0.4444444444444444
normalized distance of container 19 : 0.6666666666666666
normalized distance of container 20 : 0.5555555555555556
normalized distance of container 21 : 0.6666666666666666
normalized distance of container 22 : 0.7777777777777778
