Number of initial container : 0
Number of new container : 23
Total number of containers : 23
Level_num : 9
Container_level : [6, 6, 8, 3, 9, 6, 5, 6, 8, 5, 5, 5, 2, 5, 5, 5, 2, 5, 7, 3, 1, 3, 3]
ideal_configuration : 
 [[5. 6. 8. 0. 0. 0.]
 [3. 5. 6. 8. 0. 0.]
 [3. 5. 5. 6. 9. 0.]
 [2. 3. 5. 5. 6. 0.]
 [1. 2. 3. 5. 5. 7.]]
Centroid : {6: (2.5, 2.5), 8: (2.5, 3.5), 3: (0.75, 1.5), 9: (4.0, 2.0), 5: (2.0, 1.625), 2: (0.5, 0.5), 7: (5.0, 0.0), 1: (0.0, 0.0)}
Repeat number : 25
Original weight : [18.0, 17.77, 22.57, 11.33, 23.04, 18.61, 14.65, 17.45, 21.62, 15.4, 16.33, 16.64, 9.47, 16.18, 15.3, 15.86, 9.49, 14.63, 20.23, 12.14, 6.06, 11.29, 11.86]
Group : [0, 0, 0, 0, 0, 0, 0, 0, 0, 0, 0, 0, 0, 0, 0, 0, 0, 0, 0, 0, 0, 0, 0]
Sequence : [1, 2, 3, 4, 5, 6, 7, 8, 9, 10, 11, 12, 13, 14, 15, 16, 17, 18, 19, 20, 21, 22, 23]
Scroe : [18.0, 17.77, 22.57, 11.33, 23.04, 18.61, 14.65, 17.45, 21.62, 15.4, 16.33, 16.64, 9.47, 16.18, 15.3, 15.86, 9.49, 14.63, 20.23, 12.14, 6.06, 11.29, 11.86]
Time taken to solve the MIP model : 1749.8597 seconds
min_d : 0, max_d : 9
---------------------------------
solution for: IP model
objective: 5
x_0_5_0=1
x_1_1_0=1
x_2_1_1=1
x_3_3_0=1
x_4_1_2=1
x_5_5_1=1
x_6_3_1=1
x_7_0_0=1
x_8_5_2=1
x_9_3_2=1
x_10_3_3=1
x_11_3_4=1
x_12_2_0=1
x_13_0_1=1
x_14_2_1=1
x_15_2_2=1
x_16_0_2=1
x_17_0_3=1
x_18_2_3=1
x_19_0_4=1
x_20_4_0=1
x_21_4_1=1
x_22_4_2=1
r_0_0=1
r_0_1=1
r_0_2=1
r_0_3=1
r_0_4=1
d_0=6.000
d_1=5.000
d_2=5.000
d_3=5.000
d_4=3.000
d_5=5.000
d_6=2.000
d_7=6.000
d_8=5.000
d_9=2.000
d_10=3.000
d_11=4.000
d_12=3.000
d_13=3.000
d_14=1.000
d_15=1.000
d_16=3.000
d_17=4.000
d_18=6.000
d_19=4.000
d_20=4.000
d_21=5.000
d_22=5.000
d_x_0=3.000
d_x_1=2.000
d_x_2=2.000
d_x_3=3.000
d_x_4=3.000
d_x_5=3.000
d_x_6=1.000
d_x_7=3.000
d_x_8=3.000
d_x_9=1.000
d_x_10=1.000
d_x_11=1.000
d_x_12=2.000
d_x_13=2.000
d_x_16=1.000
d_x_17=2.000
d_x_18=3.000
d_x_19=1.000
d_x_20=4.000
d_x_21=4.000
d_x_22=4.000
d_y_0=3.000
d_y_1=3.000
d_y_2=3.000
d_y_3=2.000
d_y_5=2.000
d_y_6=1.000
d_y_7=3.000
d_y_8=2.000
d_y_9=1.000
d_y_10=2.000
d_y_11=3.000
d_y_12=1.000
d_y_13=1.000
d_y_14=1.000
d_y_15=1.000
d_y_16=2.000
d_y_17=2.000
d_y_18=3.000
d_y_19=3.000
d_y_21=1.000
d_y_22=1.000
normalized distance of container 0 : 0.6666666666666666
normalized distance of container 1 : 0.5555555555555556
normalized distance of container 2 : 0.5555555555555556
normalized distance of container 3 : 0.5555555555555556
normalized distance of container 4 : 0.3333333333333333
normalized distance of container 5 : 0.5555555555555556
normalized distance of container 6 : 0.2222222222222222
normalized distance of container 7 : 0.6666666666666666
normalized distance of container 8 : 0.5555555555555556
normalized distance of container 9 : 0.2222222222222222
normalized distance of container 10 : 0.3333333333333333
normalized distance of container 11 : 0.4444444444444444
normalized distance of container 12 : 0.3333333333333333
normalized distance of container 13 : 0.3333333333333333
normalized distance of container 14 : 0.1111111111111111
normalized distance of container 15 : 0.1111111111111111
normalized distance of container 16 : 0.3333333333333333
normalized distance of container 17 : 0.4444444444444444
normalized distance of container 18 : 0.6666666666666666
normalized distance of container 19 : 0.4444444444444444
normalized distance of container 20 : 0.4444444444444444
normalized distance of container 21 : 0.5555555555555556
normalized distance of container 22 : 0.5555555555555556
