Number of initial container : 0
Number of new container : 23
Total number of containers : 23
Level_num : 9
Container_level : [7, 9, 5, 3, 3, 4, 5, 5, 8, 7, 7, 4, 6, 2, 8, 7, 8, 3, 2, 1, 2, 7, 3]
ideal_configuration : 
 [[5. 7. 8. 0. 0. 0.]
 [3. 5. 7. 8. 0. 0.]
 [2. 3. 5. 7. 9. 0.]
 [2. 3. 4. 6. 7. 0.]
 [1. 2. 3. 4. 7. 8.]]
Centroid : {7: (2.8, 2.0), 9: (4.0, 2.0), 5: (1.0, 3.0), 3: (1.0, 1.5), 4: (2.5, 0.5), 8: (3.3333333333333335, 2.3333333333333335), 6: (3.0, 1.0), 2: (0.3333333333333333, 1.0), 1: (0.0, 0.0)}
Repeat number : 29
Original weight : [18.86, 22.83, 14.63, 9.9, 10.84, 12.8, 15.34, 15.94, 22.71, 20.11, 20.62, 12.11, 16.84, 9.12, 21.56, 20.54, 21.45, 9.92, 8.64, 5.19, 8.99, 18.75, 11.01]
Group : [0, 0, 0, 0, 0, 0, 0, 0, 0, 0, 0, 0, 0, 0, 0, 0, 0, 0, 0, 0, 0, 0, 0]
Sequence : [1, 2, 3, 4, 5, 6, 7, 8, 9, 10, 11, 12, 13, 14, 15, 16, 17, 18, 19, 20, 21, 22, 23]
Scroe : [18.86, 22.83, 14.63, 9.9, 10.84, 12.8, 15.34, 15.94, 22.71, 20.11, 20.62, 12.11, 16.84, 9.12, 21.56, 20.54, 21.45, 9.92, 8.64, 5.19, 8.99, 18.75, 11.01]
Time taken to solve the MIP model : 106.3483 seconds
min_d : 0, max_d : 9
---------------------------------
solution for: IP model
objective: 3
x_0_3_0=1
x_1_3_1=1
x_1_4_1=0
x_2_4_0=1
x_3_5_0=1
x_4_5_1=1
x_5_4_1=-0
x_5_4_2=0
x_5_5_2=1
x_6_4_1=1
x_7_5_3=1
x_8_5_4=1
x_9_4_2=1
x_10_4_3=1
x_11_1_0=1
x_12_1_1=1
x_13_2_0=1
x_14_4_4=1
x_15_1_2=1
x_16_1_3=1
x_17_2_1=1
x_18_3_2=1
x_19_0_0=1
x_20_0_1=1
x_21_2_2=1
x_22_0_2=1
r_3_0=1
r_3_1=1
r_3_2=1
d_0=3.000
d_1=2.000
d_2=6.000
d_3=6.000
d_4=5.000
d_5=5.000
d_6=5.000
d_7=4.000
d_8=4.000
d_9=2.000
d_10=3.000
d_11=3.000
d_12=2.000
d_13=3.000
d_14=3.000
d_15=2.000
d_16=4.000
d_17=2.000
d_18=4.000
d_20=1.000
d_21=1.000
d_22=2.000
d_x_0=1.000
d_x_1=1.000
d_x_2=3.000
d_x_3=4.000
d_x_4=4.000
d_x_5=3.000
d_x_6=3.000
d_x_7=4.000
d_x_8=2.000
d_x_9=2.000
d_x_10=2.000
d_x_11=2.000
d_x_12=2.000
d_x_13=2.000
d_x_14=1.000
d_x_15=2.000
d_x_16=3.000
d_x_17=1.000
d_x_18=3.000
d_x_20=1.000
d_x_21=1.000
d_x_22=1.000
d_y_0=2.000
d_y_1=1.000
d_y_2=3.000
d_y_3=2.000
d_y_4=1.000
d_y_5=2.000
d_y_6=2.000
d_y_8=2.000
d_y_10=1.000
d_y_11=1.000
d_y_13=1.000
d_y_14=2.000
d_y_16=1.000
d_y_17=1.000
d_y_18=1.000
d_y_22=1.000
normalized distance of container 0 : 0.3333333333333333
normalized distance of container 1 : 0.2222222222222222
normalized distance of container 2 : 0.6666666666666666
normalized distance of container 3 : 0.6666666666666666
normalized distance of container 4 : 0.5555555555555556
normalized distance of container 5 : 0.5555555555555556
normalized distance of container 6 : 0.5555555555555556
normalized distance of container 7 : 0.4444444444444444
normalized distance of container 8 : 0.4444444444444444
normalized distance of container 9 : 0.2222222222222222
normalized distance of container 10 : 0.3333333333333333
normalized distance of container 11 : 0.3333333333333333
normalized distance of container 12 : 0.2222222222222222
normalized distance of container 13 : 0.3333333333333333
normalized distance of container 14 : 0.3333333333333333
normalized distance of container 15 : 0.2222222222222222
normalized distance of container 16 : 0.4444444444444444
normalized distance of container 17 : 0.2222222222222222
normalized distance of container 18 : 0.4444444444444444
normalized distance of container 19 : 0.0
normalized distance of container 20 : 0.1111111111111111
normalized distance of container 21 : 0.1111111111111111
normalized distance of container 22 : 0.2222222222222222
