Number of initial container : 0
Number of new container : 23
Total number of containers : 23
Level_num : 9
Container_level : [5, 5, 7, 7, 2, 5, 8, 3, 3, 9, 3, 3, 3, 7, 2, 2, 4, 5, 1, 3, 2, 1, 6]
ideal_configuration : 
 [[3. 5. 7. 0. 0. 0.]
 [3. 3. 5. 8. 0. 0.]
 [2. 3. 4. 6. 9. 0.]
 [1. 2. 3. 5. 7. 0.]
 [1. 2. 2. 3. 5. 7.]]
Centroid : {5: (2.5, 2.0), 7: (3.6666666666666665, 1.6666666666666667), 2: (1.0, 0.75), 8: (3.0, 3.0), 3: (1.1666666666666667, 2.1666666666666665), 9: (4.0, 2.0), 4: (2.0, 2.0), 1: (0.0, 0.5), 6: (3.0, 2.0)}
Repeat number : 2
Original weight : [14.44, 14.62, 18.69, 19.16, 9.24, 15.15, 21.57, 10.38, 11.79, 22.25, 11.39, 10.03, 10.97, 19.89, 9.15, 9.95, 13.62, 16.04, 6.69, 11.95, 9.54, 5.92, 17.61]
Group : [0, 0, 0, 0, 0, 0, 0, 0, 0, 0, 0, 0, 0, 0, 0, 0, 0, 0, 0, 0, 0, 0, 0]
Sequence : [1, 2, 3, 4, 5, 6, 7, 8, 9, 10, 11, 12, 13, 14, 15, 16, 17, 18, 19, 20, 21, 22, 23]
Scroe : [14.44, 14.62, 18.69, 19.16, 9.24, 15.15, 21.57, 10.38, 11.79, 22.25, 11.39, 10.03, 10.97, 19.89, 9.15, 9.95, 13.62, 16.04, 6.69, 11.95, 9.54, 5.92, 17.61]
Time taken to solve the MIP model : 2095.3426 seconds
min_d : 0, max_d : 9
---------------------------------
solution for: IP model
objective: 4
x_0_1_0=1
x_1_3_0=1
x_2_3_1=1
x_3_3_2=1
x_4_0_0=1
x_5_1_1=1
x_6_1_2=1
x_7_0_1=1
x_8_0_2=1
x_9_1_3=1
x_10_2_0=1
x_11_4_0=1
x_12_4_1=1
x_13_3_3=1
x_14_5_0=1
x_15_5_1=1
x_16_4_2=1
x_17_4_3=1
x_18_2_1=1
x_19_5_2=1
x_20_2_2=1
x_21_2_3=1
x_22_4_4=1
r_2_0=1
r_2_1=1
r_2_2=1
r_2_3=1
d_0=4.000
d_1=3.000
d_2=2.000
d_3=2.000
d_4=2.000
d_5=3.000
d_6=3.000
d_7=4.000
d_8=3.000
d_9=4.000
d_10=4.000
d_11=6.000
d_12=5.000
d_13=3.000
d_14=5.000
d_15=5.000
d_16=2.000
d_17=3.000
d_18=3.000
d_19=5.000
d_20=3.000
d_21=5.000
d_22=3.000
d_x_0=2.000
d_x_1=1.000
d_x_2=1.000
d_x_3=1.000
d_x_4=1.000
d_x_5=2.000
d_x_6=2.000
d_x_7=2.000
d_x_8=2.000
d_x_9=3.000
d_x_10=1.000
d_x_11=3.000
d_x_12=3.000
d_x_13=1.000
d_x_14=4.000
d_x_15=4.000
d_x_16=2.000
d_x_17=2.000
d_x_18=2.000
d_x_19=4.000
d_x_20=1.000
d_x_21=2.000
d_x_22=1.000
d_y_0=2.000
d_y_1=2.000
d_y_2=1.000
d_y_3=1.000
d_y_4=1.000
d_y_5=1.000
d_y_6=1.000
d_y_7=2.000
d_y_8=1.000
d_y_9=1.000
d_y_10=3.000
d_y_11=3.000
d_y_12=2.000
d_y_13=2.000
d_y_14=1.000
d_y_15=1.000
d_y_17=1.000
d_y_18=1.000
d_y_19=1.000
d_y_20=2.000
d_y_21=3.000
d_y_22=2.000
normalized distance of container 0 : 0.4444444444444444
normalized distance of container 1 : 0.3333333333333333
normalized distance of container 2 : 0.2222222222222222
normalized distance of container 3 : 0.2222222222222222
normalized distance of container 4 : 0.2222222222222222
normalized distance of container 5 : 0.3333333333333333
normalized distance of container 6 : 0.3333333333333333
normalized distance of container 7 : 0.4444444444444444
normalized distance of container 8 : 0.3333333333333333
normalized distance of container 9 : 0.4444444444444444
normalized distance of container 10 : 0.4444444444444444
normalized distance of container 11 : 0.6666666666666666
normalized distance of container 12 : 0.5555555555555556
normalized distance of container 13 : 0.3333333333333333
normalized distance of container 14 : 0.5555555555555556
normalized distance of container 15 : 0.5555555555555556
normalized distance of container 16 : 0.2222222222222222
normalized distance of container 17 : 0.3333333333333333
normalized distance of container 18 : 0.3333333333333333
normalized distance of container 19 : 0.5555555555555556
normalized distance of container 20 : 0.3333333333333333
normalized distance of container 21 : 0.5555555555555556
normalized distance of container 22 : 0.3333333333333333
