Number of initial container : 0
Number of new container : 23
Total number of containers : 23
Level_num : 9
Container_level : [7, 6, 7, 6, 7, 4, 5, 2, 3, 5, 1, 1, 4, 3, 1, 5, 1, 4, 4, 6, 1, 4, 9]
ideal_configuration : 
 [[4. 5. 7. 0. 0. 0.]
 [3. 4. 6. 7. 0. 0.]
 [1. 3. 4. 6. 9. 0.]
 [1. 1. 4. 5. 6. 0.]
 [1. 1. 2. 4. 5. 7.]]
Centroid : {7: (3.3333333333333335, 2.3333333333333335), 6: (3.0, 2.0), 4: (1.6, 2.0), 5: (2.6666666666666665, 1.6666666666666667), 2: (2.0, 0.0), 3: (0.5, 2.5), 1: (0.4, 0.8), 9: (4.0, 2.0)}
Repeat number : 19
Original weight : [20.12, 19.45, 20.31, 17.54, 21.33, 14.88, 15.79, 8.7, 11.05, 16.9, 6.45, 7.11, 13.3, 12.38, 8.33, 16.91, 7.11, 13.13, 14.14, 18.03, 8.34, 15.1, 24.0]
Group : [0, 0, 0, 0, 0, 0, 0, 0, 0, 0, 0, 0, 0, 0, 0, 0, 0, 0, 0, 0, 0, 0, 0]
Sequence : [1, 2, 3, 4, 5, 6, 7, 8, 9, 10, 11, 12, 13, 14, 15, 16, 17, 18, 19, 20, 21, 22, 23]
Scroe : [20.12, 19.45, 20.31, 17.54, 21.33, 14.88, 15.79, 8.7, 11.05, 16.9, 6.45, 7.11, 13.3, 12.38, 8.33, 16.91, 7.11, 13.13, 14.14, 18.03, 8.34, 15.1, 24.0]
Time taken to solve the MIP model : 14.3162 seconds
min_d : 0, max_d : 9
---------------------------------
solution for: IP model
objective: 3
x_0_4_0=1
x_1_2_0=1
x_2_2_1=1
x_3_1_0=1
x_4_2_2=1
x_5_5_0=1
x_6_5_1=1
x_7_0_0=1
x_8_0_1=1
x_9_5_2=1
x_10_3_0=1
x_11_3_1=1
x_12_4_1=1
x_13_0_2=1
x_14_4_2=1
x_15_5_3=1
x_16_3_2=1
x_17_0_3=1
x_18_0_4=1
x_19_1_1=1
x_20_3_3=1
x_21_3_4=1
x_22_1_2=1
r_4_0=1
r_4_1=1
r_4_2=1
d_0=4.000
d_1=3.000
d_2=4.000
d_3=4.000
d_4=3.000
d_5=6.000
d_6=4.000
d_7=2.000
d_8=3.000
d_9=4.000
d_10=4.000
d_11=4.000
d_12=4.000
d_13=2.000
d_14=6.000
d_15=5.000
d_16=5.000
d_17=3.000
d_18=4.000
d_19=3.000
d_20=6.000
d_21=4.000
d_22=3.000
d_x_0=1.000
d_x_1=1.000
d_x_2=2.000
d_x_3=2.000
d_x_4=2.000
d_x_5=4.000
d_x_6=3.000
d_x_7=2.000
d_x_8=1.000
d_x_9=3.000
d_x_10=3.000
d_x_11=3.000
d_x_12=3.000
d_x_13=1.000
d_x_14=4.000
d_x_15=3.000
d_x_16=3.000
d_x_17=2.000
d_x_18=2.000
d_x_19=2.000
d_x_20=3.000
d_x_21=2.000
d_x_22=3.000
d_y_0=3.000
d_y_1=2.000
d_y_2=2.000
d_y_3=2.000
d_y_4=1.000
d_y_5=2.000
d_y_6=1.000
d_y_8=2.000
d_y_9=1.000
d_y_10=1.000
d_y_11=1.000
d_y_12=1.000
d_y_13=1.000
d_y_14=2.000
d_y_15=2.000
d_y_16=2.000
d_y_17=1.000
d_y_18=2.000
d_y_19=1.000
d_y_20=3.000
d_y_21=2.000
normalized distance of container 0 : 0.4444444444444444
normalized distance of container 1 : 0.3333333333333333
normalized distance of container 2 : 0.4444444444444444
normalized distance of container 3 : 0.4444444444444444
normalized distance of container 4 : 0.3333333333333333
normalized distance of container 5 : 0.6666666666666666
normalized distance of container 6 : 0.4444444444444444
normalized distance of container 7 : 0.2222222222222222
normalized distance of container 8 : 0.3333333333333333
normalized distance of container 9 : 0.4444444444444444
normalized distance of container 10 : 0.4444444444444444
normalized distance of container 11 : 0.4444444444444444
normalized distance of container 12 : 0.4444444444444444
normalized distance of container 13 : 0.2222222222222222
normalized distance of container 14 : 0.6666666666666666
normalized distance of container 15 : 0.5555555555555556
normalized distance of container 16 : 0.5555555555555556
normalized distance of container 17 : 0.3333333333333333
normalized distance of container 18 : 0.4444444444444444
normalized distance of container 19 : 0.3333333333333333
normalized distance of container 20 : 0.6666666666666666
normalized distance of container 21 : 0.4444444444444444
normalized distance of container 22 : 0.3333333333333333
