Number of initial container : 0
Number of new container : 23
Total number of containers : 23
Level_num : 9
Container_level : [5, 5, 3, 6, 6, 6, 5, 6, 3, 5, 7, 8, 2, 8, 2, 1, 2, 4, 4, 5, 9, 3, 1]
ideal_configuration : 
 [[5. 6. 8. 0. 0. 0.]
 [3. 5. 6. 8. 0. 0.]
 [2. 3. 5. 6. 9. 0.]
 [1. 2. 4. 5. 6. 0.]
 [1. 2. 3. 4. 5. 7.]]
Centroid : {5: (2.0, 2.0), 3: (1.0, 1.6666666666666667), 6: (2.5, 2.5), 7: (5.0, 0.0), 8: (2.5, 3.5), 2: (0.6666666666666666, 1.0), 1: (0.0, 0.5), 4: (2.5, 0.5), 9: (4.0, 2.0)}
Repeat number : 13
Original weight : [15.18, 16.41, 12.86, 18.87, 19.26, 18.32, 15.83, 19.46, 12.74, 16.37, 21.11, 23.37, 9.57, 23.14, 10.42, 8.2, 8.7, 13.38, 14.72, 16.73, 23.95, 12.54, 6.22]
Group : [0, 0, 0, 0, 0, 0, 0, 0, 0, 0, 0, 0, 0, 0, 0, 0, 0, 0, 0, 0, 0, 0, 0]
Sequence : [1, 2, 3, 4, 5, 6, 7, 8, 9, 10, 11, 12, 13, 14, 15, 16, 17, 18, 19, 20, 21, 22, 23]
Scroe : [15.18, 16.41, 12.86, 18.87, 19.26, 18.32, 15.83, 19.46, 12.74, 16.37, 21.11, 23.37, 9.57, 23.14, 10.42, 8.2, 8.7, 13.38, 14.72, 16.73, 23.95, 12.54, 6.22]
Time taken to solve the MIP model : 30.0749 seconds
min_d : 0, max_d : 9
---------------------------------
solution for: IP model
objective: 2
x_0_4_0=1
x_1_4_1=1
x_2_1_0=1
x_3_1_1=1
x_4_1_2=1
x_5_4_2=1
x_6_0_0=1
x_7_1_3=1
x_8_2_0=1
x_9_2_1=1
x_10_4_3=1
x_11_4_4=1
x_12_5_0=1
x_13_2_2=1
x_14_5_1=1
x_15_3_0=1
x_16_3_1=1
x_17_3_2=1
x_18_3_3=1
x_19_3_4=1
x_20_2_3=1
x_21_5_2=1
x_22_0_1=1
r_0_0=1
r_0_1=1
d_0=4.000
d_1=3.000
d_2=2.000
d_3=4.000
d_4=3.000
d_5=3.000
d_6=4.000
d_7=3.000
d_8=3.000
d_9=1.000
d_10=4.000
d_11=3.000
d_12=6.000
d_13=3.000
d_14=5.000
d_15=4.000
d_16=3.000
d_17=3.000
d_18=4.000
d_19=3.000
d_20=3.000
d_21=5.000
d_22=1.000
d_x_0=2.000
d_x_1=2.000
d_x_3=2.000
d_x_4=2.000
d_x_5=2.000
d_x_6=2.000
d_x_7=2.000
d_x_8=1.000
d_x_10=1.000
d_x_11=2.000
d_x_12=5.000
d_x_13=1.000
d_x_14=5.000
d_x_15=3.000
d_x_16=3.000
d_x_17=1.000
d_x_18=1.000
d_x_19=1.000
d_x_20=2.000
d_x_21=4.000
d_y_0=2.000
d_y_1=1.000
d_y_2=2.000
d_y_3=2.000
d_y_4=1.000
d_y_5=1.000
d_y_6=2.000
d_y_7=1.000
d_y_8=2.000
d_y_9=1.000
d_y_10=3.000
d_y_11=1.000
d_y_12=1.000
d_y_13=2.000
d_y_15=1.000
d_y_17=2.000
d_y_18=3.000
d_y_19=2.000
d_y_20=1.000
d_y_21=1.000
d_y_22=1.000
normalized distance of container 0 : 0.4444444444444444
normalized distance of container 1 : 0.3333333333333333
normalized distance of container 2 : 0.2222222222222222
normalized distance of container 3 : 0.4444444444444444
normalized distance of container 4 : 0.3333333333333333
normalized distance of container 5 : 0.3333333333333333
normalized distance of container 6 : 0.4444444444444444
normalized distance of container 7 : 0.3333333333333333
normalized distance of container 8 : 0.3333333333333333
normalized distance of container 9 : 0.1111111111111111
normalized distance of container 10 : 0.4444444444444444
normalized distance of container 11 : 0.3333333333333333
normalized distance of container 12 : 0.6666666666666666
normalized distance of container 13 : 0.3333333333333333
normalized distance of container 14 : 0.5555555555555556
normalized distance of container 15 : 0.4444444444444444
normalized distance of container 16 : 0.3333333333333333
normalized distance of container 17 : 0.3333333333333333
normalized distance of container 18 : 0.4444444444444444
normalized distance of container 19 : 0.3333333333333333
normalized distance of container 20 : 0.3333333333333333
normalized distance of container 21 : 0.5555555555555556
normalized distance of container 22 : 0.1111111111111111
