Number of initial container : 0
Number of new container : 23
Total number of containers : 23
Level_num : 9
Container_level : [1, 2, 6, 8, 5, 8, 8, 4, 7, 7, 7, 1, 7, 9, 1, 7, 7, 1, 8, 4, 4, 7, 1]
ideal_configuration : 
 [[6. 7. 8. 0. 0. 0.]
 [4. 7. 7. 8. 0. 0.]
 [1. 4. 7. 7. 9. 0.]
 [1. 1. 4. 7. 8. 0.]
 [1. 1. 2. 5. 7. 8.]]
Centroid : {1: (0.4, 0.8), 2: (2.0, 0.0), 6: (0.0, 4.0), 8: (3.5, 2.0), 5: (3.0, 0.0), 4: (1.0, 2.0), 7: (2.2857142857142856, 2.142857142857143), 9: (4.0, 2.0)}
Repeat number : 10
Original weight : [6.65, 9.5, 19.18, 21.8, 15.95, 22.28, 22.3, 14.67, 19.65, 20.88, 20.8, 7.52, 21.19, 23.5, 7.12, 19.82, 20.18, 8.01, 22.43, 14.08, 14.58, 20.45, 8.73]
Group : [0, 0, 0, 0, 0, 0, 0, 0, 0, 0, 0, 0, 0, 0, 0, 0, 0, 0, 0, 0, 0, 0, 0]
Sequence : [1, 2, 3, 4, 5, 6, 7, 8, 9, 10, 11, 12, 13, 14, 15, 16, 17, 18, 19, 20, 21, 22, 23]
Scroe : [6.65, 9.5, 19.18, 21.8, 15.95, 22.28, 22.3, 14.67, 19.65, 20.88, 20.8, 7.52, 21.19, 23.5, 7.12, 19.82, 20.18, 8.01, 22.43, 14.08, 14.58, 20.45, 8.73]
Time taken to solve the MIP model : 0.4100 seconds
min_d : 0, max_d : 9
---------------------------------
solution for: IP model
objective: 0
x_0_0_0=1
x_1_0_1=1
x_2_0_2=1
x_3_3_0=1
x_4_2_0=1
x_5_3_1=1
x_6_3_2=1
x_7_1_0=1
x_8_2_1=1
x_9_0_3=1
x_10_2_2=1
x_11_4_0=1
x_12_2_3=1
x_13_2_4=1
x_14_5_0=1
x_15_1_1=1
x_16_1_2=1
x_17_5_1=1
x_18_3_3=1
x_19_5_2=1
x_20_5_3=1
x_21_1_3=1
x_22_4_1=1
d_0=2.000
d_1=3.000
d_2=2.000
d_3=3.000
d_4=1.000
d_5=2.000
d_6=1.000
d_7=2.000
d_8=3.000
d_9=4.000
d_10=2.000
d_11=5.000
d_12=2.000
d_13=4.000
d_14=6.000
d_15=4.000
d_16=3.000
d_17=6.000
d_18=2.000
d_19=4.000
d_20=5.000
d_21=3.000
d_22=5.000
d_x_0=1.000
d_x_1=2.000
d_x_3=1.000
d_x_4=1.000
d_x_5=1.000
d_x_6=1.000
d_x_8=1.000
d_x_9=3.000
d_x_10=1.000
d_x_11=4.000
d_x_12=1.000
d_x_13=2.000
d_x_14=5.000
d_x_15=2.000
d_x_16=2.000
d_x_17=5.000
d_x_18=1.000
d_x_19=4.000
d_x_20=4.000
d_x_21=2.000
d_x_22=4.000
d_y_0=1.000
d_y_1=1.000
d_y_2=2.000
d_y_3=2.000
d_y_5=1.000
d_y_7=2.000
d_y_8=2.000
d_y_9=1.000
d_y_10=1.000
d_y_11=1.000
d_y_12=1.000
d_y_13=2.000
d_y_14=1.000
d_y_15=2.000
d_y_16=1.000
d_y_17=1.000
d_y_18=1.000
d_y_20=1.000
d_y_21=1.000
d_y_22=1.000
normalized distance of container 0 : 0.2222222222222222
normalized distance of container 1 : 0.3333333333333333
normalized distance of container 2 : 0.2222222222222222
normalized distance of container 3 : 0.3333333333333333
normalized distance of container 4 : 0.1111111111111111
normalized distance of container 5 : 0.2222222222222222
normalized distance of container 6 : 0.1111111111111111
normalized distance of container 7 : 0.2222222222222222
normalized distance of container 8 : 0.3333333333333333
normalized distance of container 9 : 0.4444444444444444
normalized distance of container 10 : 0.2222222222222222
normalized distance of container 11 : 0.5555555555555556
normalized distance of container 12 : 0.2222222222222222
normalized distance of container 13 : 0.4444444444444444
normalized distance of container 14 : 0.6666666666666666
normalized distance of container 15 : 0.4444444444444444
normalized distance of container 16 : 0.3333333333333333
normalized distance of container 17 : 0.6666666666666666
normalized distance of container 18 : 0.2222222222222222
normalized distance of container 19 : 0.4444444444444444
normalized distance of container 20 : 0.5555555555555556
normalized distance of container 21 : 0.3333333333333333
normalized distance of container 22 : 0.5555555555555556
