Number of initial container : 0
Number of new container : 23
Total number of containers : 23
Level_num : 9
Container_level : [1, 8, 8, 3, 2, 5, 8, 5, 2, 3, 5, 2, 9, 1, 6, 2, 3, 7, 8, 3, 6, 4, 1]
ideal_configuration : 
 [[3. 6. 8. 0. 0. 0.]
 [2. 4. 6. 8. 0. 0.]
 [2. 3. 5. 7. 9. 0.]
 [1. 2. 3. 5. 8. 0.]
 [1. 1. 2. 3. 5. 8.]]
Centroid : {1: (0.3333333333333333, 0.3333333333333333), 8: (3.5, 2.0), 3: (1.5, 1.75), 2: (0.75, 1.5), 5: (3.0, 1.0), 9: (4.0, 2.0), 6: (1.5, 3.5), 7: (3.0, 2.0), 4: (1.0, 3.0)}
Repeat number : 30
Original weight : [9.3, 21.68, 23.2, 12.27, 11.26, 17.27, 21.73, 16.85, 9.55, 11.77, 16.61, 9.69, 23.6, 7.34, 18.62, 9.68, 11.79, 21.45, 22.97, 12.43, 18.7, 15.41, 8.54]
Group : [0, 0, 0, 0, 0, 0, 0, 0, 0, 0, 0, 0, 0, 0, 0, 0, 0, 0, 0, 0, 0, 0, 0]
Sequence : [1, 2, 3, 4, 5, 6, 7, 8, 9, 10, 11, 12, 13, 14, 15, 16, 17, 18, 19, 20, 21, 22, 23]
Scroe : [9.3, 21.68, 23.2, 12.27, 11.26, 17.27, 21.73, 16.85, 9.55, 11.77, 16.61, 9.69, 23.6, 7.34, 18.62, 9.68, 11.79, 21.45, 22.97, 12.43, 18.7, 15.41, 8.54]
Time taken to solve the MIP model : 0.2250 seconds
min_d : 0, max_d : 9
---------------------------------
solution for: IP model
objective: 3.35185
x_0_1_0=1
x_1_4_0=1
x_2_4_1=1
x_3_2_0=1
x_4_1_1=1
x_5_3_0=1
x_6_4_2=1
x_7_5_0=1
x_8_1_2=1
x_9_2_1=1
x_10_3_1=1
x_11_1_3=1
x_12_4_3=1
x_13_0_0=1
x_14_1_4=1
x_15_0_1=1
x_16_2_2=1
x_17_3_2=1
x_18_5_1=1
x_19_2_3=1
x_20_2_4=1
x_21_3_3=1
x_22_0_2=1
r_0_1=1
r_0_2=1
r_1_1=1
r_1_2=1
r_1_3=1
r_1_4=1
r_2_0=1
r_2_1=1
r_2_2=1
r_2_3=1
r_2_4=1
r_3_0=1
r_3_1=1
r_3_2=1
r_3_3=1
r_4_0=1
r_4_1=1
r_4_2=1
r_4_3=1
d_0=1.000
d_1=2.500
d_2=1.500
d_3=2.250
d_4=0.750
d_5=1.000
d_6=0.500
d_7=3.000
d_8=0.750
d_9=1.250
d_11=1.750
d_12=1.000
d_13=0.667
d_14=1.000
d_15=1.250
d_16=0.750
d_18=2.500
d_19=1.750
d_20=1.000
d_21=2.000
d_22=2.000
d_x_0=0.667
d_x_1=0.500
d_x_2=0.500
d_x_3=0.500
d_x_4=0.250
d_x_6=0.500
d_x_7=2.000
d_x_8=0.250
d_x_9=0.500
d_x_11=0.250
d_x_13=0.333
d_x_14=0.500
d_x_15=0.750
d_x_16=0.500
d_x_18=1.500
d_x_19=0.500
d_x_20=0.500
d_x_21=2.000
d_x_22=0.333
d_y_0=0.333
d_y_1=2.000
d_y_2=1.000
d_y_3=1.750
d_y_4=0.500
d_y_5=1.000
d_y_7=1.000
d_y_8=0.500
d_y_9=0.750
d_y_11=1.500
d_y_12=1.000
d_y_13=0.333
d_y_14=0.500
d_y_15=0.500
d_y_16=0.250
d_y_18=1.000
d_y_19=1.250
d_y_20=0.500
d_y_22=1.667
normalized distance of container 0 : 0.1111111111111105
normalized distance of container 1 : 0.2777777777777778
normalized distance of container 2 : 0.16666666666666646
normalized distance of container 3 : 0.24999999999999922
normalized distance of container 4 : 0.08333333333333176
normalized distance of container 5 : 0.1111111111111111
normalized distance of container 6 : 0.05555555555555536
normalized distance of container 7 : 0.3333333333333333
normalized distance of container 8 : 0.08333333333333097
normalized distance of container 9 : 0.1388888888888881
normalized distance of container 10 : 0.0
normalized distance of container 11 : 0.19444444444444287
normalized distance of container 12 : 0.1111111111111111
normalized distance of container 13 : 0.07407407407407407
normalized distance of container 14 : 0.11111111111111101
normalized distance of container 15 : 0.1388888888888889
normalized distance of container 16 : 0.08333333333333215
normalized distance of container 17 : 0.0
normalized distance of container 18 : 0.27777777777777757
normalized distance of container 19 : 0.19444444444444325
normalized distance of container 20 : 0.11111111111111022
normalized distance of container 21 : 0.2222222222222222
normalized distance of container 22 : 0.22222222222222288
