Number of initial container : 0
Number of new container : 23
Total number of containers : 23
Level_num : 9
Container_level : [6, 6, 8, 3, 9, 6, 5, 6, 8, 5, 5, 5, 2, 5, 5, 5, 2, 5, 7, 3, 1, 3, 3]
ideal_configuration : 
 [[5. 6. 8. 0. 0. 0.]
 [3. 5. 6. 8. 0. 0.]
 [3. 5. 5. 6. 9. 0.]
 [2. 3. 5. 5. 6. 0.]
 [1. 2. 3. 5. 5. 7.]]
Centroid : {6: (2.5, 2.5), 8: (2.5, 3.5), 3: (0.75, 1.5), 9: (4.0, 2.0), 5: (2.0, 1.625), 2: (0.5, 0.5), 7: (5.0, 0.0), 1: (0.0, 0.0)}
Repeat number : 25
Original weight : [18.0, 17.77, 22.57, 11.33, 23.04, 18.61, 14.65, 17.45, 21.62, 15.4, 16.33, 16.64, 9.47, 16.18, 15.3, 15.86, 9.49, 14.63, 20.23, 12.14, 6.06, 11.29, 11.86]
Group : [0, 0, 0, 0, 0, 0, 0, 0, 0, 0, 0, 0, 0, 0, 0, 0, 0, 0, 0, 0, 0, 0, 0]
Sequence : [1, 2, 3, 4, 5, 6, 7, 8, 9, 10, 11, 12, 13, 14, 15, 16, 17, 18, 19, 20, 21, 22, 23]
Scroe : [18.0, 17.77, 22.57, 11.33, 23.04, 18.61, 14.65, 17.45, 21.62, 15.4, 16.33, 16.64, 9.47, 16.18, 15.3, 15.86, 9.49, 14.63, 20.23, 12.14, 6.06, 11.29, 11.86]
Time taken to solve the MIP model : 0.1365 seconds
min_d : 0, max_d : 9
---------------------------------
solution for: IP model
objective: 4.08333
x_0_3_0=1
x_1_3_1=1
x_2_3_2=1
x_3_1_0=1
x_4_4_0=1
x_5_3_3=1
x_6_4_1=1
x_7_4_2=1
x_8_3_4=1
x_9_2_0=1
x_10_2_1=1
x_11_2_2=1
x_12_1_1=1
x_13_2_3=1
x_14_1_2=1
x_15_2_4=1
x_16_0_0=1
x_17_1_3=1
x_18_5_0=1
x_19_1_4=1
x_20_0_1=1
x_21_0_2=1
x_22_0_3=1
r_0_0=1
r_0_1=1
r_0_2=1
r_0_3=1
r_1_0=1
r_1_1=1
r_1_2=1
r_1_3=1
r_1_4=1
r_2_0=1
r_2_1=1
r_2_2=1
r_2_3=1
r_2_4=1
r_3_0=1
r_3_1=1
r_3_2=1
r_3_3=1
r_3_4=1
r_4_0=1
r_4_1=1
r_4_2=1
d_0=3.000
d_1=2.000
d_2=2.000
d_3=1.750
d_4=2.000
d_5=1.000
d_6=2.625
d_7=2.000
d_8=1.000
d_9=1.625
d_10=0.625
d_11=0.375
d_12=1.000
d_13=1.375
d_14=1.375
d_15=2.375
d_16=1.000
d_17=2.375
d_19=2.750
d_20=1.000
d_21=1.250
d_22=2.250
d_x_0=0.500
d_x_1=0.500
d_x_2=0.500
d_x_3=0.250
d_x_5=0.500
d_x_6=2.000
d_x_7=1.500
d_x_8=0.500
d_x_12=0.500
d_x_14=1.000
d_x_16=0.500
d_x_17=1.000
d_x_19=0.250
d_x_21=0.750
d_x_22=0.750
d_y_0=2.500
d_y_1=1.500
d_y_2=1.500
d_y_3=1.500
d_y_4=2.000
d_y_5=0.500
d_y_6=0.625
d_y_7=0.500
d_y_8=0.500
d_y_9=1.625
d_y_10=0.625
d_y_11=0.375
d_y_12=0.500
d_y_13=1.375
d_y_14=0.375
d_y_15=2.375
d_y_16=0.500
d_y_17=1.375
d_y_19=2.500
d_y_20=1.000
d_y_21=0.500
d_y_22=1.500
normalized distance of container 0 : 0.3333333333333333
normalized distance of container 1 : 0.22222222222222207
normalized distance of container 2 : 0.22222222222222193
normalized distance of container 3 : 0.19444444444444364
normalized distance of container 4 : 0.2222222222222222
normalized distance of container 5 : 0.11111111111111042
normalized distance of container 6 : 0.2916666666666667
normalized distance of container 7 : 0.22222222222222004
normalized distance of container 8 : 0.11111111111111062
normalized distance of container 9 : 0.18055555555555555
normalized distance of container 10 : 0.06944444444444445
normalized distance of container 11 : 0.04166666666666588
normalized distance of container 12 : 0.11111111111110954
normalized distance of container 13 : 0.15277777777777699
normalized distance of container 14 : 0.15277777777777699
normalized distance of container 15 : 0.2638888888888881
normalized distance of container 16 : 0.1111111111111111
normalized distance of container 17 : 0.2638888888888882
normalized distance of container 18 : 0.0
normalized distance of container 19 : 0.3055555555555532
normalized distance of container 20 : 0.1111111111111111
normalized distance of container 21 : 0.1388888888888889
normalized distance of container 22 : 0.25
