Number of initial container : 0
Number of new container : 23
Total number of containers : 23
Level_num : 9
Container_level : [9, 8, 4, 1, 7, 1, 8, 6, 6, 7, 6, 6, 6, 3, 7, 1, 4, 7, 1, 5, 8, 4, 1]
ideal_configuration : 
 [[6. 7. 8. 0. 0. 0.]
 [4. 6. 7. 8. 0. 0.]
 [1. 4. 6. 7. 9. 0.]
 [1. 1. 4. 6. 7. 0.]
 [1. 1. 3. 5. 6. 8.]]
Centroid : {9: (4.0, 2.0), 8: (3.3333333333333335, 2.3333333333333335), 4: (1.0, 2.0), 1: (0.4, 0.8), 7: (2.5, 2.5), 6: (2.0, 2.0), 3: (2.0, 0.0), 5: (3.0, 0.0)}
Repeat number : 6
Original weight : [23.79, 22.48, 13.18, 6.21, 19.69, 7.23, 22.43, 18.9, 17.91, 20.68, 17.39, 18.83, 17.72, 10.24, 19.36, 5.31, 12.7, 20.82, 5.6, 16.44, 21.55, 13.29, 7.42]
Group : [0, 0, 0, 0, 0, 0, 0, 0, 0, 0, 0, 0, 0, 0, 0, 0, 0, 0, 0, 0, 0, 0, 0]
Sequence : [1, 2, 3, 4, 5, 6, 7, 8, 9, 10, 11, 12, 13, 14, 15, 16, 17, 18, 19, 20, 21, 22, 23]
Scroe : [23.79, 22.48, 13.18, 6.21, 19.69, 7.23, 22.43, 18.9, 17.91, 20.68, 17.39, 18.83, 17.72, 10.24, 19.36, 5.31, 12.7, 20.82, 5.6, 16.44, 21.55, 13.29, 7.42]
Time taken to solve the MIP model : 0.3024 seconds
min_d : 0, max_d : 9
---------------------------------
solution for: IP model
objective: 3.82963
x_0_4_0=1
x_1_4_1=1
x_2_2_0=1
x_3_0_0=1
x_4_3_0=1
x_5_0_1=1
x_6_3_1=1
x_7_3_2=1
x_8_2_1=1
x_9_3_3=1
x_10_2_2=1
x_11_2_3=1
x_12_2_4=1
x_13_1_0=1
x_14_3_4=1
x_15_1_1=1
x_16_1_2=1
x_17_1_3=1
x_18_0_2=1
x_19_5_0=1
x_20_4_2=1
x_21_1_4=1
x_22_0_3=1
r_0_0=1
r_0_1=1
r_0_2=1
r_0_3=1
r_1_0=1
r_1_1=1
r_1_2=1
r_1_3=1
r_1_4=1
r_2_0=1
r_2_1=1
r_2_2=1
r_2_3=1
r_2_4=1
r_3_0=1
r_3_1=1
r_3_2=1
r_3_3=1
r_3_4=1
r_4_0=1
r_4_1=1
r_4_2=1
r_5_0=1
d_0=2.000
d_1=2.000
d_2=3.000
d_3=1.200
d_4=3.000
d_5=0.600
d_6=1.667
d_7=1.000
d_8=1.000
d_9=1.000
d_11=1.000
d_12=2.000
d_13=1.000
d_14=2.000
d_15=0.800
d_17=2.000
d_18=1.600
d_19=2.000
d_20=1.000
d_21=2.000
d_22=2.600
d_x_1=0.667
d_x_2=1.000
d_x_3=0.400
d_x_4=0.500
d_x_5=0.400
d_x_6=0.333
d_x_7=1.000
d_x_9=0.500
d_x_13=1.000
d_x_14=0.500
d_x_15=0.600
d_x_17=1.500
d_x_18=0.400
d_x_19=2.000
d_x_20=0.667
d_x_22=0.400
d_y_0=2.000
d_y_1=1.333
d_y_2=2.000
d_y_3=0.800
d_y_4=2.500
d_y_5=0.200
d_y_6=1.333
d_y_8=1.000
d_y_9=0.500
d_y_11=1.000
d_y_12=2.000
d_y_14=1.500
d_y_15=0.200
d_y_17=0.500
d_y_18=1.200
d_y_20=0.333
d_y_21=2.000
d_y_22=2.200
normalized distance of container 0 : 0.2222222222222222
normalized distance of container 1 : 0.2222222222222222
normalized distance of container 2 : 0.3333333333333333
normalized distance of container 3 : 0.13333333333333336
normalized distance of container 4 : 0.3333333333333333
normalized distance of container 5 : 0.0666666666666662
normalized distance of container 6 : 0.18518518518518523
normalized distance of container 7 : 0.1111111111111111
normalized distance of container 8 : 0.11111111111111074
normalized distance of container 9 : 0.11111111111111033
normalized distance of container 10 : 0.0
normalized distance of container 11 : 0.1111111111111111
normalized distance of container 12 : 0.2222222222222222
normalized distance of container 13 : 0.1111111111111111
normalized distance of container 14 : 0.22222222222222143
normalized distance of container 15 : 0.0888888888888862
normalized distance of container 16 : 0.0
normalized distance of container 17 : 0.22222222222222182
normalized distance of container 18 : 0.17777777777777728
normalized distance of container 19 : 0.22222222222222263
normalized distance of container 20 : 0.11111111111111109
normalized distance of container 21 : 0.2222222222222222
normalized distance of container 22 : 0.2888888888888865
