Number of initial container : 7
Number of new container : 16
Total number of containers : 23
Level_num : 9
Container_level : [7, 1, 1, 3, 2, 6, 8, 2, 3, 8, 4, 5, 5, 2, 6, 1, 8, 3, 7, 3, 4, 9, 4]
ideal_configuration : 
 [[4. 6. 8. 0. 0. 0.]
 [3. 4. 6. 8. 0. 0.]
 [2. 3. 4. 7. 9. 0.]
 [1. 2. 3. 5. 7. 0.]
 [1. 1. 2. 3. 5. 8.]]
Centroid : {7: (3.5, 1.5), 1: (0.3333333333333333, 0.3333333333333333), 3: (1.5, 1.5), 2: (1.0, 1.0), 6: (1.5, 3.5), 8: (3.3333333333333335, 2.3333333333333335), 4: (1.0, 3.0), 5: (3.5, 0.5), 9: (4.0, 2.0)}
Repeat number : 12
Original weight : [17.13, 6.92, 6.17, 9.64, 8.9, 15.47, 20.73, 9.02, 10.86, 19.08, 12.01, 13.61, 14.23, 8.81, 15.28, 5.12, 20.03, 10.92, 18.05, 9.5, 12.65, 21.0, 11.98]
Group : [0, 0, 0, 0, 0, 0, 0, 0, 0, 0, 0, 0, 0, 0, 0, 0, 0, 0, 0, 0, 0, 0, 0]
Sequence : [0, 0, 0, 0, 0, 0, 0, 1, 2, 3, 4, 5, 6, 7, 8, 9, 10, 11, 12, 13, 14, 15, 16]
Scroe : [17.13, 6.92, 6.17, 9.64, 8.9, 15.47, 20.73, 9.02, 10.86, 19.08, 12.01, 13.61, 14.23, 8.81, 15.28, 5.12, 20.03, 10.92, 18.05, 9.5, 12.65, 21.0, 11.98]
Time taken to solve the MIP model : 0.2841 seconds
min_d : 0, max_d : 9
---------------------------------
solution for: IP model
objective: 3
x_0_3_0=1
x_1_1_0=1
x_2_0_0=1
x_3_4_0=1
x_4_2_0=1
x_5_3_1=1
x_6_4_1=1
x_7_2_1=1
x_8_0_1=1
x_9_3_2=1
x_10_0_2=1
x_11_0_3=1
x_12_2_2=1
x_13_1_1=1
x_14_2_3=1
x_15_5_0=1
x_16_0_4=1
x_17_5_1=1
x_18_2_4=1
x_19_1_2=1
x_20_1_3=1
x_21_4_2=1
x_22_5_2=1
r_3_0=1
r_3_1=1
r_3_2=1
d_0=2.000
d_1=1.000
d_2=0.667
d_3=4.000
d_4=2.000
d_5=4.000
d_6=2.000
d_7=1.000
d_8=3.000
d_9=2.000
d_10=2.000
d_11=7.000
d_12=4.000
d_14=2.000
d_15=6.000
d_16=6.000
d_17=5.000
d_18=5.000
d_19=2.000
d_22=5.000
d_x_0=0.500
d_x_1=0.667
d_x_2=0.333
d_x_3=2.500
d_x_4=1.000
d_x_5=1.500
d_x_6=0.667
d_x_7=1.000
d_x_8=2.000
d_x_9=1.000
d_x_10=1.000
d_x_11=4.000
d_x_12=2.000
d_x_14=1.000
d_x_15=5.000
d_x_16=4.000
d_x_17=4.000
d_x_18=2.000
d_x_19=1.000
d_x_22=4.000
d_y_0=1.500
d_y_1=0.333
d_y_2=0.333
d_y_3=1.500
d_y_4=1.000
d_y_5=2.500
d_y_6=1.333
d_y_8=1.000
d_y_9=1.000
d_y_10=1.000
d_y_11=3.000
d_y_12=2.000
d_y_14=1.000
d_y_15=1.000
d_y_16=2.000
d_y_17=1.000
d_y_18=3.000
d_y_19=1.000
d_y_22=1.000
normalized distance of container 0 : 0.2222222222222222
normalized distance of container 1 : 0.1111111111111111
normalized distance of container 2 : 0.07407407407407407
normalized distance of container 3 : 0.4444444444444444
normalized distance of container 4 : 0.2222222222222222
normalized distance of container 5 : 0.4444444444444444
normalized distance of container 6 : 0.2222222222222222
normalized distance of container 7 : 0.1111111111111111
normalized distance of container 8 : 0.3333333333333333
normalized distance of container 9 : 0.2222222222222222
normalized distance of container 10 : 0.2222222222222222
normalized distance of container 11 : 0.7777777777777778
normalized distance of container 12 : 0.4444444444444444
normalized distance of container 13 : 0.0
normalized distance of container 14 : 0.2222222222222222
normalized distance of container 15 : 0.6666666666666666
normalized distance of container 16 : 0.6666666666666666
normalized distance of container 17 : 0.5555555555555556
normalized distance of container 18 : 0.5555555555555556
normalized distance of container 19 : 0.2222222222222222
normalized distance of container 20 : 0.0
normalized distance of container 21 : 0.0
normalized distance of container 22 : 0.5555555555555556
