Number of initial container : 7
Number of new container : 16
Total number of containers : 23
Level_num : 9
Container_level : [4, 6, 1, 7, 7, 7, 4, 9, 5, 1, 1, 6, 2, 1, 6, 6, 6, 7, 3, 3, 5, 1, 5]
ideal_configuration : 
 [[5. 6. 7. 0. 0. 0.]
 [3. 5. 6. 7. 0. 0.]
 [1. 3. 5. 6. 9. 0.]
 [1. 1. 4. 6. 7. 0.]
 [1. 1. 2. 4. 6. 7.]]
Centroid : {4: (2.5, 0.5), 6: (2.6, 2.0), 1: (0.4, 0.8), 7: (3.5, 2.0), 9: (4.0, 2.0), 5: (1.0, 3.0), 2: (2.0, 0.0), 3: (0.5, 2.5)}
Repeat number : 13
Original weight : [13.22, 16.02, 5.25, 19.2, 20.07, 18.96, 13.12, 22.59, 13.95, 7.2, 5.2, 16.7, 7.67, 5.62, 16.81, 18.14, 16.3, 18.86, 11.42, 11.18, 15.19, 5.02, 14.75]
Group : [0, 0, 0, 0, 0, 0, 0, 0, 0, 0, 0, 0, 0, 0, 0, 0, 0, 0, 0, 0, 0, 0, 0]
Sequence : [0, 0, 0, 0, 0, 0, 0, 1, 2, 3, 4, 5, 6, 7, 8, 9, 10, 11, 12, 13, 14, 15, 16]
Scroe : [13.22, 16.02, 5.25, 19.2, 20.07, 18.96, 13.12, 22.59, 13.95, 7.2, 5.2, 16.7, 7.67, 5.62, 16.81, 18.14, 16.3, 18.86, 11.42, 11.18, 15.19, 5.02, 14.75]
Time taken to solve the MIP model : 0.2505 seconds
min_d : 0, max_d : 9
---------------------------------
solution for: IP model
objective: 5
x_0_5_0=1
x_1_4_0=1
x_2_2_0=1
x_3_0_0=1
x_4_0_1=1
x_5_0_2=1
x_6_0_3=1
x_7_4_1=1
x_8_5_1=1
x_9_1_0=1
x_10_3_0=1
x_11_1_1=1
x_12_2_1=1
x_13_3_1=1
x_14_1_2=1
x_15_1_3=1
x_16_5_2=1
x_17_1_4=1
x_18_3_2=1
x_19_2_2=1
x_20_3_3=1
x_21_0_4=1
x_22_2_3=1
r_0_0=1
r_0_1=1
r_0_2=1
r_0_3=1
r_0_4=1
d_0=3.000
d_1=3.400
d_2=2.400
d_3=5.500
d_4=4.500
d_5=3.500
d_6=5.000
d_7=1.000
d_8=6.000
d_9=2.000
d_10=4.000
d_11=3.000
d_12=1.000
d_13=4.000
d_14=2.000
d_15=3.000
d_16=3.000
d_17=5.000
d_18=4.000
d_19=3.000
d_20=2.000
d_21=5.000
d_22=1.000
d_x_0=2.500
d_x_1=1.400
d_x_2=1.600
d_x_3=3.500
d_x_4=3.500
d_x_5=3.500
d_x_6=2.500
d_x_8=4.000
d_x_9=1.000
d_x_10=3.000
d_x_11=2.000
d_x_13=3.000
d_x_14=2.000
d_x_15=2.000
d_x_16=3.000
d_x_17=3.000
d_x_18=3.000
d_x_19=2.000
d_x_20=2.000
d_x_21=1.000
d_x_22=1.000
d_y_0=0.500
d_y_1=2.000
d_y_2=0.800
d_y_3=2.000
d_y_4=1.000
d_y_6=2.500
d_y_7=1.000
d_y_8=2.000
d_y_9=1.000
d_y_10=1.000
d_y_11=1.000
d_y_12=1.000
d_y_13=1.000
d_y_15=1.000
d_y_17=2.000
d_y_18=1.000
d_y_19=1.000
d_y_21=4.000
normalized distance of container 0 : 0.3333333333333333
normalized distance of container 1 : 0.37777777777777777
normalized distance of container 2 : 0.2666666666666667
normalized distance of container 3 : 0.6111111111111112
normalized distance of container 4 : 0.5
normalized distance of container 5 : 0.3888888888888889
normalized distance of container 6 : 0.5555555555555556
normalized distance of container 7 : 0.1111111111111111
normalized distance of container 8 : 0.6666666666666666
normalized distance of container 9 : 0.2222222222222222
normalized distance of container 10 : 0.4444444444444444
normalized distance of container 11 : 0.3333333333333333
normalized distance of container 12 : 0.1111111111111111
normalized distance of container 13 : 0.4444444444444444
normalized distance of container 14 : 0.2222222222222222
normalized distance of container 15 : 0.3333333333333333
normalized distance of container 16 : 0.3333333333333333
normalized distance of container 17 : 0.5555555555555556
normalized distance of container 18 : 0.4444444444444444
normalized distance of container 19 : 0.3333333333333333
normalized distance of container 20 : 0.2222222222222222
normalized distance of container 21 : 0.5555555555555556
normalized distance of container 22 : 0.1111111111111111
