Number of initial container : 7
Number of new container : 16
Total number of containers : 23
Level_num : 9
Container_level : [4, 7, 1, 6, 1, 1, 5, 5, 4, 1, 2, 6, 4, 1, 5, 5, 9, 5, 1, 4, 4, 3, 6]
ideal_configuration : 
 [[4. 5. 6. 0. 0. 0.]
 [2. 4. 5. 7. 0. 0.]
 [1. 3. 4. 5. 9. 0.]
 [1. 1. 4. 5. 6. 0.]
 [1. 1. 1. 4. 5. 6.]]
Centroid : {4: (1.6, 2.0), 7: (3.0, 3.0), 1: (0.6666666666666666, 0.6666666666666666), 6: (3.6666666666666665, 1.6666666666666667), 5: (2.6, 2.0), 2: (0.0, 3.0), 9: (4.0, 2.0), 3: (1.0, 2.0)}
Repeat number : 27
Original weight : [14.32, 19.49, 7.65, 19.27, 7.0, 7.19, 16.98, 16.76, 12.85, 7.99, 9.0, 18.69, 14.49, 7.13, 17.07, 15.93, 23.97, 16.16, 6.02, 13.6, 13.77, 10.55, 19.07]
Group : [0, 0, 0, 0, 0, 0, 0, 0, 0, 0, 0, 0, 0, 0, 0, 0, 0, 0, 0, 0, 0, 0, 0]
Sequence : [0, 0, 0, 0, 0, 0, 0, 1, 2, 3, 4, 5, 6, 7, 8, 9, 10, 11, 12, 13, 14, 15, 16]
Scroe : [14.32, 19.49, 7.65, 19.27, 7.0, 7.19, 16.98, 16.76, 12.85, 7.99, 9.0, 18.69, 14.49, 7.13, 17.07, 15.93, 23.97, 16.16, 6.02, 13.6, 13.77, 10.55, 19.07]
Time taken to solve the MIP model : 0.8711 seconds
min_d : 0, max_d : 9
---------------------------------
solution for: IP model
objective: 8
x_0_3_0=1
x_1_3_1=1
x_2_4_0=1
x_3_1_0=1
x_4_3_2=1
x_5_1_1=1
x_6_3_3=1
x_7_0_0=1
x_8_4_1=1
x_9_5_0=1
x_10_5_1=1
x_11_0_1=1
x_12_5_2=1
x_13_2_0=1
x_14_5_3=1
x_15_2_1=1
x_16_0_2=1
x_17_2_2=1
x_18_1_2=1
x_19_4_2=1
x_20_4_3=1
x_21_1_3=1
x_22_4_4=1
r_1_0=1
r_1_1=1
r_1_2=1
r_1_3=1
r_3_0=1
r_3_1=1
r_3_2=1
r_3_3=1
d_0=3.400
d_1=2.000
d_2=4.000
d_3=4.333
d_4=3.667
d_5=0.667
d_6=1.400
d_7=5.000
d_8=4.000
d_9=6.000
d_10=7.000
d_11=5.000
d_12=4.000
d_13=3.000
d_14=4.000
d_15=2.000
d_16=4.000
d_17=1.000
d_18=3.000
d_19=3.000
d_20=4.000
d_21=1.000
d_22=4.000
d_x_0=1.400
d_x_2=3.333
d_x_3=2.667
d_x_4=2.333
d_x_5=0.333
d_x_6=0.400
d_x_7=3.000
d_x_8=3.000
d_x_9=5.000
d_x_10=5.000
d_x_11=4.000
d_x_12=4.000
d_x_13=2.000
d_x_14=3.000
d_x_15=1.000
d_x_16=4.000
d_x_17=1.000
d_x_18=1.000
d_x_19=3.000
d_x_20=3.000
d_x_22=1.000
d_y_0=2.000
d_y_1=2.000
d_y_2=0.667
d_y_3=1.667
d_y_4=1.333
d_y_5=0.333
d_y_6=1.000
d_y_7=2.000
d_y_8=1.000
d_y_9=1.000
d_y_10=2.000
d_y_11=1.000
d_y_13=1.000
d_y_14=1.000
d_y_15=1.000
d_y_18=2.000
d_y_20=1.000
d_y_21=1.000
d_y_22=3.000
normalized distance of container 0 : 0.37777777777777777
normalized distance of container 1 : 0.2222222222222222
normalized distance of container 2 : 0.4444444444444444
normalized distance of container 3 : 0.48148148148148145
normalized distance of container 4 : 0.40740740740740744
normalized distance of container 5 : 0.07407407407407408
normalized distance of container 6 : 0.15555555555555556
normalized distance of container 7 : 0.5555555555555556
normalized distance of container 8 : 0.4444444444444444
normalized distance of container 9 : 0.6666666666666666
normalized distance of container 10 : 0.7777777777777778
normalized distance of container 11 : 0.5555555555555556
normalized distance of container 12 : 0.4444444444444444
normalized distance of container 13 : 0.3333333333333333
normalized distance of container 14 : 0.4444444444444444
normalized distance of container 15 : 0.2222222222222222
normalized distance of container 16 : 0.4444444444444444
normalized distance of container 17 : 0.1111111111111111
normalized distance of container 18 : 0.3333333333333333
normalized distance of container 19 : 0.3333333333333333
normalized distance of container 20 : 0.4444444444444444
normalized distance of container 21 : 0.1111111111111111
normalized distance of container 22 : 0.4444444444444444
