Number of initial container : 7
Number of new container : 16
Total number of containers : 23
Level_num : 9
Container_level : [8, 3, 1, 8, 1, 7, 3, 2, 8, 6, 3, 1, 1, 3, 6, 2, 9, 3, 6, 5, 7, 5, 7]
ideal_configuration : 
 [[3. 6. 8. 0. 0. 0.]
 [3. 5. 7. 8. 0. 0.]
 [1. 3. 5. 7. 9. 0.]
 [1. 2. 3. 6. 7. 0.]
 [1. 1. 2. 3. 6. 8.]]
Centroid : {8: (3.3333333333333335, 2.3333333333333335), 3: (1.2, 2.0), 1: (0.25, 0.75), 7: (3.0, 2.0), 2: (1.5, 0.5), 6: (2.6666666666666665, 1.6666666666666667), 9: (4.0, 2.0), 5: (1.5, 2.5)}
Repeat number : 4
Original weight : [21.04, 11.72, 5.46, 22.68, 6.61, 20.39, 10.54, 9.22, 20.75, 17.33, 11.32, 5.09, 5.4, 10.43, 17.83, 9.09, 22.91, 10.27, 18.2, 15.75, 20.53, 14.41, 19.61]
Group : [0, 0, 0, 0, 0, 0, 0, 0, 0, 0, 0, 0, 0, 0, 0, 0, 0, 0, 0, 0, 0, 0, 0]
Sequence : [0, 0, 0, 0, 0, 0, 0, 1, 2, 3, 4, 5, 6, 7, 8, 9, 10, 11, 12, 13, 14, 15, 16]
Scroe : [21.04, 11.72, 5.46, 22.68, 6.61, 20.39, 10.54, 9.22, 20.75, 17.33, 11.32, 5.09, 5.4, 10.43, 17.83, 9.09, 22.91, 10.27, 18.2, 15.75, 20.53, 14.41, 19.61]
Time taken to solve the MIP model : 0.1025 seconds
min_d : 0, max_d : 9
---------------------------------
solution for: IP model
objective: 6
x_0_5_0=1
x_1_5_1=1
x_2_2_0=1
x_3_3_0=1
x_4_4_0=1
x_5_0_0=1
x_6_1_0=1
x_7_4_1=1
x_8_0_1=1
x_9_3_1=1
x_10_1_1=1
x_11_3_2=1
x_12_3_3=1
x_13_4_2=1
x_14_1_2=1
x_15_2_1=1
x_16_0_2=1
x_17_2_2=1
x_18_1_3=1
x_19_2_3=1
x_20_2_4=1
x_21_4_3=1
x_22_1_4=1
r_3_0=1
r_3_1=1
r_3_2=1
r_3_3=1
r_5_0=1
r_5_1=1
d_0=4.000
d_1=4.800
d_2=2.500
d_3=2.667
d_4=4.500
d_5=5.000
d_6=2.200
d_7=4.000
d_8=6.000
d_9=2.000
d_10=2.000
d_11=5.000
d_12=6.000
d_13=3.000
d_14=3.000
d_15=2.000
d_16=4.000
d_17=1.000
d_18=4.000
d_19=2.000
d_20=3.000
d_21=4.000
d_22=4.000
d_x_0=1.667
d_x_1=3.800
d_x_2=1.750
d_x_3=0.333
d_x_4=3.750
d_x_5=3.000
d_x_6=0.200
d_x_7=3.000
d_x_8=4.000
d_x_9=1.000
d_x_10=1.000
d_x_11=3.000
d_x_12=3.000
d_x_13=3.000
d_x_14=2.000
d_x_15=1.000
d_x_16=4.000
d_x_17=1.000
d_x_18=2.000
d_x_19=1.000
d_x_20=1.000
d_x_21=3.000
d_x_22=2.000
d_y_0=2.333
d_y_1=1.000
d_y_2=0.750
d_y_3=2.333
d_y_4=0.750
d_y_5=2.000
d_y_6=2.000
d_y_7=1.000
d_y_8=2.000
d_y_9=1.000
d_y_10=1.000
d_y_11=2.000
d_y_12=3.000
d_y_14=1.000
d_y_15=1.000
d_y_18=2.000
d_y_19=1.000
d_y_20=2.000
d_y_21=1.000
d_y_22=2.000
normalized distance of container 0 : 0.4444444444444444
normalized distance of container 1 : 0.5333333333333333
normalized distance of container 2 : 0.2777777777777778
normalized distance of container 3 : 0.29629629629629634
normalized distance of container 4 : 0.5
normalized distance of container 5 : 0.5555555555555556
normalized distance of container 6 : 0.24444444444444446
normalized distance of container 7 : 0.4444444444444444
normalized distance of container 8 : 0.6666666666666666
normalized distance of container 9 : 0.2222222222222222
normalized distance of container 10 : 0.2222222222222222
normalized distance of container 11 : 0.5555555555555556
normalized distance of container 12 : 0.6666666666666666
normalized distance of container 13 : 0.3333333333333333
normalized distance of container 14 : 0.3333333333333333
normalized distance of container 15 : 0.2222222222222222
normalized distance of container 16 : 0.4444444444444444
normalized distance of container 17 : 0.1111111111111111
normalized distance of container 18 : 0.4444444444444444
normalized distance of container 19 : 0.2222222222222222
normalized distance of container 20 : 0.3333333333333333
normalized distance of container 21 : 0.4444444444444444
normalized distance of container 22 : 0.4444444444444444
