Number of initial container : 7
Number of new container : 16
Total number of containers : 23
Level_num : 9
Container_level : [1, 6, 5, 3, 1, 2, 3, 8, 1, 8, 6, 5, 4, 1, 5, 1, 3, 1, 9, 7, 6, 7, 7]
ideal_configuration : 
 [[4. 6. 8. 0. 0. 0.]
 [2. 5. 6. 8. 0. 0.]
 [1. 3. 5. 7. 9. 0.]
 [1. 1. 3. 5. 7. 0.]
 [1. 1. 1. 3. 6. 7.]]
Centroid : {1: (0.6666666666666666, 0.6666666666666666), 6: (2.3333333333333335, 2.3333333333333335), 5: (2.0, 2.0), 3: (2.0, 1.0), 2: (0.0, 3.0), 8: (2.5, 3.5), 4: (0.0, 4.0), 9: (4.0, 2.0), 7: (4.0, 1.0)}
Repeat number : 30
Original weight : [8.34, 18.67, 15.93, 12.35, 7.07, 8.94, 11.34, 23.48, 8.22, 23.64, 17.94, 15.44, 14.58, 6.81, 16.45, 6.86, 11.15, 6.52, 23.71, 20.0, 17.94, 21.46, 21.46]
Group : [0, 0, 0, 0, 0, 0, 0, 0, 0, 0, 0, 0, 0, 0, 0, 0, 0, 0, 0, 0, 0, 0, 0]
Sequence : [0, 0, 0, 0, 0, 0, 0, 1, 2, 3, 4, 5, 6, 7, 8, 9, 10, 11, 12, 13, 14, 15, 16]
Scroe : [8.34, 18.67, 15.93, 12.35, 7.07, 8.94, 11.34, 23.48, 8.22, 23.64, 17.94, 15.44, 14.58, 6.81, 16.45, 6.86, 11.15, 6.52, 23.71, 20.0, 17.94, 21.46, 21.46]
Time taken to solve the MIP model : 0.1714 seconds
min_d : 0, max_d : 9
---------------------------------
solution for: IP model
objective: 6
x_0_4_0=1
x_1_3_0=1
x_2_0_0=1
x_3_3_1=1
x_4_2_0=1
x_5_0_1=1
x_6_4_1=1
x_7_4_2=1
x_8_2_1=1
x_9_4_3=1
x_10_0_2=1
x_11_2_2=1
x_12_3_2=1
x_13_1_0=1
x_14_2_3=1
x_15_1_1=1
x_16_1_2=1
x_17_5_0=1
x_18_4_4=1
x_19_1_3=1
x_20_5_1=1
x_21_5_2=1
x_22_5_3=1
r_0_0=1
r_0_1=1
r_0_2=1
r_3_0=1
r_3_1=1
r_3_2=1
d_0=4.000
d_1=3.000
d_2=4.000
d_3=1.000
d_4=2.000
d_5=2.000
d_6=2.000
d_7=4.000
d_8=3.000
d_9=3.000
d_10=4.000
d_12=5.000
d_13=2.000
d_14=1.000
d_15=2.000
d_16=2.000
d_17=6.000
d_18=2.000
d_19=5.000
d_20=5.000
d_21=2.000
d_22=3.000
d_x_0=3.333
d_x_1=0.667
d_x_2=2.000
d_x_3=1.000
d_x_4=1.333
d_x_6=2.000
d_x_7=2.000
d_x_8=2.000
d_x_9=2.000
d_x_10=3.000
d_x_12=3.000
d_x_13=1.000
d_x_15=1.000
d_x_16=1.000
d_x_17=5.000
d_x_19=3.000
d_x_20=3.000
d_x_21=1.000
d_x_22=1.000
d_y_0=0.667
d_y_1=2.333
d_y_2=2.000
d_y_4=0.667
d_y_5=2.000
d_y_7=2.000
d_y_8=1.000
d_y_9=1.000
d_y_10=1.000
d_y_12=2.000
d_y_13=1.000
d_y_14=1.000
d_y_15=1.000
d_y_16=1.000
d_y_17=1.000
d_y_18=2.000
d_y_19=2.000
d_y_20=2.000
d_y_21=1.000
d_y_22=2.000
normalized distance of container 0 : 0.4444444444444444
normalized distance of container 1 : 0.3333333333333333
normalized distance of container 2 : 0.4444444444444444
normalized distance of container 3 : 0.1111111111111111
normalized distance of container 4 : 0.2222222222222222
normalized distance of container 5 : 0.2222222222222222
normalized distance of container 6 : 0.2222222222222222
normalized distance of container 7 : 0.4444444444444444
normalized distance of container 8 : 0.3333333333333333
normalized distance of container 9 : 0.3333333333333333
normalized distance of container 10 : 0.4444444444444444
normalized distance of container 11 : 0.0
normalized distance of container 12 : 0.5555555555555556
normalized distance of container 13 : 0.2222222222222222
normalized distance of container 14 : 0.1111111111111111
normalized distance of container 15 : 0.2222222222222222
normalized distance of container 16 : 0.2222222222222222
normalized distance of container 17 : 0.6666666666666666
normalized distance of container 18 : 0.2222222222222222
normalized distance of container 19 : 0.5555555555555556
normalized distance of container 20 : 0.5555555555555556
normalized distance of container 21 : 0.2222222222222222
normalized distance of container 22 : 0.3333333333333333
