Number of initial container : 5
Number of new container : 10
Total number of containers : 15
Level_num : 9
Container_level : [7, 7, 8, 8, 1, 8, 1, 2, 5, 8, 7, 8, 7, 8, 2]
ideal_configuration : 
 [[8. 0. 0. 0. 0. 0.]
 [7. 8. 0. 0. 0. 0.]
 [2. 7. 8. 0. 0. 0.]
 [1. 5. 7. 8. 0. 0.]
 [1. 2. 7. 8. 8. 0.]]
Centroid : {7: (1.25, 1.5), 8: (2.1666666666666665, 1.6666666666666667), 1: (0.0, 0.5), 2: (0.5, 1.0), 5: (1.0, 1.0)}
Repeat number : 23
Original weight : [21.21, 19.84, 22.04, 23.3, 8.32, 22.86, 7.24, 9.66, 16.84, 22.95, 21.29, 22.77, 20.27, 21.91, 10.9]
Sequence : [0, 0, 0, 0, 0, 1, 2, 3, 4, 5, 6, 7, 8, 9, 10]
Emergency : [0, 0, 0, 0, 0, 0, 0, 0, 0, 0, 0, 0, 0, 0, 0]
Time taken to solve the MIP model : 0.0343 seconds
min_d : 0, max_d : 9
---------------------------------
solution for: IP model
objective: 3.11111
status: OPTIMAL_SOLUTION(2)
x_0_2_0=1
x_1_2_1=1
x_2_3_0=1
x_3_0_0=1
x_4_5_0=1
x_5_2_2=1
x_6_1_0=1
x_7_0_1=1
x_8_1_1=1
x_9_4_0=1
x_10_1_2=1
x_11_3_1=1
x_12_1_3=1
x_13_3_2=1
x_14_0_2=1
r_0_0=1
r_0_1=1
r_0_2=1
r_1_0=1
r_1_1=1
r_1_2=1
r_1_3=1
r_2_0=1
r_2_1=1
r_2_2=1
r_3_0=1
r_3_1=1
r_3_2=1
d_0=2.250
d_1=1.250
d_2=2.500
d_3=3.833
d_4=5.500
d_5=0.500
d_6=1.500
d_7=0.500
d_9=3.500
d_10=0.750
d_11=1.500
d_12=1.750
d_13=1.167
d_14=1.500
d_x_0=0.750
d_x_1=0.750
d_x_2=0.833
d_x_3=2.167
d_x_4=5.000
d_x_5=0.167
d_x_6=1.000
d_x_7=0.500
d_x_9=1.833
d_x_10=0.250
d_x_11=0.833
d_x_12=0.250
d_x_13=0.833
d_x_14=0.500
d_y_0=1.500
d_y_1=0.500
d_y_2=1.667
d_y_3=1.667
d_y_4=0.500
d_y_5=0.333
d_y_6=0.500
d_y_9=1.667
d_y_10=0.500
d_y_11=0.667
d_y_12=1.500
d_y_13=0.333
d_y_14=1.000
normalized distance of container 0 : 0.25
normalized distance of container 1 : 0.1388888888888889
normalized distance of container 2 : 0.2777777777777778
normalized distance of container 3 : 0.4259259259259259
normalized distance of container 4 : 0.6111111111111112
normalized distance of container 5 : 0.05555555555555548
normalized distance of container 6 : 0.16666666666666666
normalized distance of container 7 : 0.05555555555555477
normalized distance of container 8 : 0.0
normalized distance of container 9 : 0.3888888888888884
normalized distance of container 10 : 0.08333333333333254
normalized distance of container 11 : 0.16666666666666616
normalized distance of container 12 : 0.19444444444444445
normalized distance of container 13 : 0.12962962962962857
normalized distance of container 14 : 0.16666666666666508
