Number of initial container : 5
Number of new container : 10
Total number of containers : 15
Level_num : 9
Container_level : [1, 6, 5, 8, 1, 9, 1, 8, 3, 2, 1, 6, 1, 1, 8]
ideal_configuration : 
 [[6. 0. 0. 0. 0. 0.]
 [2. 8. 0. 0. 0. 0.]
 [1. 3. 8. 0. 0. 0.]
 [1. 1. 5. 8. 0. 0.]
 [1. 1. 1. 6. 9. 0.]]
Centroid : {1: (0.6666666666666666, 0.6666666666666666), 6: (1.5, 2.0), 5: (2.0, 1.0), 8: (2.0, 2.0), 9: (4.0, 0.0), 3: (1.0, 2.0), 2: (0.0, 3.0)}
Repeat number : 4
Original weight : [8.15, 17.61, 17.22, 23.2, 8.27, 23.4, 8.52, 23.02, 13.02, 10.87, 8.5, 19.16, 7.51, 8.76, 21.7]
Group : [0, 0, 0, 0, 0, 0, 0, 0, 0, 0, 0, 0, 0, 0, 0]
Sequence : [0, 0, 0, 0, 0, 1, 2, 3, 4, 5, 6, 7, 8, 9, 10]
Scroe : [8.15, 17.61, 17.22, 23.2, 8.27, 23.4, 8.52, 23.02, 13.02, 10.87, 8.5, 19.16, 7.51, 8.76, 21.7]
Time taken to solve the MIP model : 0.0742 seconds
min_d : 0, max_d : 9
---------------------------------
solution for: IP model
objective: 2.77778
x_0_4_0=1
x_1_4_1=1
x_2_1_0=1
x_3_4_2=1
x_4_3_0=1
x_5_5_0=1
x_6_1_1=1
x_7_2_0=1
x_8_1_2=1
x_9_1_3=1
x_10_0_0=1
x_11_2_1=1
x_12_0_1=1
x_13_0_2=1
x_14_2_2=1
r_0_0=1
r_0_1=1
r_0_2=1
r_1_0=1
r_1_1=1
r_1_2=1
r_1_3=1
r_2_0=1
r_2_1=1
r_2_2=1
d_0=4.000
d_1=3.500
d_2=2.000
d_3=2.000
d_4=3.000
d_5=1.000
d_6=0.667
d_7=2.000
d_9=1.000
d_10=1.333
d_11=1.500
d_12=1.000
d_13=2.000
d_x_0=3.333
d_x_1=2.500
d_x_2=1.000
d_x_3=2.000
d_x_4=2.333
d_x_5=1.000
d_x_6=0.333
d_x_9=1.000
d_x_10=0.667
d_x_11=0.500
d_x_12=0.667
d_x_13=0.667
d_y_0=0.667
d_y_1=1.000
d_y_2=1.000
d_y_4=0.667
d_y_6=0.333
d_y_7=2.000
d_y_10=0.667
d_y_11=1.000
d_y_12=0.333
d_y_13=1.333
normalized distance of container 0 : 0.4444444444444444
normalized distance of container 1 : 0.3888888888888889
normalized distance of container 2 : 0.2222222222222222
normalized distance of container 3 : 0.2222222222222222
normalized distance of container 4 : 0.3333333333333333
normalized distance of container 5 : 0.1111111111111111
normalized distance of container 6 : 0.07407407407407342
normalized distance of container 7 : 0.2222222222222222
normalized distance of container 8 : 0.0
normalized distance of container 9 : 0.1111111111111111
normalized distance of container 10 : 0.14814814814814814
normalized distance of container 11 : 0.16666666666666588
normalized distance of container 12 : 0.11111111111111058
normalized distance of container 13 : 0.22222222222222168
normalized distance of container 14 : 0.0
