Number of initial container : 5
Number of new container : 10
Total number of containers : 15
Level_num : 9
Container_level : [5, 7, 1, 6, 8, 5, 8, 7, 6, 9, 4, 1, 2, 3, 6]
ideal_configuration : 
 [[7. 0. 0. 0. 0. 0.]
 [5. 7. 0. 0. 0. 0.]
 [3. 6. 8. 0. 0. 0.]
 [1. 4. 6. 8. 0. 0.]
 [1. 2. 5. 6. 9. 0.]]
Centroid : {5: (1.0, 1.5), 7: (0.5, 3.5), 1: (0.0, 0.5), 6: (2.0, 1.0), 8: (2.5, 1.5), 9: (4.0, 0.0), 4: (1.0, 1.0), 2: (1.0, 0.0), 3: (0.0, 2.0)}
Repeat number : 10
Original weight : [16.09, 18.92, 5.59, 16.69, 22.01, 15.87, 21.78, 20.75, 18.27, 23.27, 12.22, 7.01, 9.93, 10.94, 17.66]
Sequence : [0, 0, 0, 0, 0, 1, 2, 3, 4, 5, 6, 7, 8, 9, 10]
Emergency : [0, 0, 0, 0, 0, 0, 0, 0, 0, 0, 0, 0, 0, 0, 0]
Time taken to solve the MIP model : 0.0254 seconds
min_d : 0, max_d : 9
---------------------------------
solution for: IP model
objective: 3
status: OPTIMAL_SOLUTION(2)
x_0_1_0=1
x_1_2_0=1
x_2_2_1=1
x_3_4_0=1
x_4_5_0=1
x_5_1_1=1
x_6_1_2=1
x_7_1_3=1
x_8_2_2=1
x_9_4_1=1
x_10_0_0=1
x_11_0_1=1
x_12_3_0=1
x_13_0_2=1
x_14_3_1=1
r_0_0=1
r_0_1=1
r_0_2=1
r_1_0=1
r_1_1=1
r_1_2=1
r_1_3=1
r_2_0=1
r_2_1=1
r_2_2=1
r_2_3=-0
r_3_0=1
r_3_1=1
d_0=1.500
d_1=5.000
d_2=2.500
d_3=3.000
d_4=4.000
d_5=0.500
d_6=2.000
d_7=1.000
d_8=1.000
d_9=1.000
d_10=2.000
d_11=0.500
d_12=2.000
d_14=1.000
d_x_1=1.500
d_x_2=2.000
d_x_3=2.000
d_x_4=2.500
d_x_6=1.500
d_x_7=0.500
d_x_10=1.000
d_x_12=2.000
d_x_14=1.000
d_y_0=1.500
d_y_1=3.500
d_y_2=0.500
d_y_3=1.000
d_y_4=1.500
d_y_5=0.500
d_y_6=0.500
d_y_7=0.500
d_y_8=1.000
d_y_9=1.000
d_y_10=1.000
d_y_11=0.500
normalized distance of container 0 : 0.16666666666666666
normalized distance of container 1 : 0.5555555555555556
normalized distance of container 2 : 0.2777777777777778
normalized distance of container 3 : 0.3333333333333333
normalized distance of container 4 : 0.4444444444444444
normalized distance of container 5 : 0.05555555555555555
normalized distance of container 6 : 0.22222222222222215
normalized distance of container 7 : 0.11111111111111101
normalized distance of container 8 : 0.1111111111111111
normalized distance of container 9 : 0.1111111111111111
normalized distance of container 10 : 0.2222222222222222
normalized distance of container 11 : 0.05555555555555477
normalized distance of container 12 : 0.2222222222222222
normalized distance of container 13 : 0.0
normalized distance of container 14 : 0.1111111111111111
