Number of initial container : 5
Number of new container : 10
Total number of containers : 15
Level_num : 9
Container_level : [1, 8, 3, 2, 9, 8, 5, 1, 8, 4, 3, 3, 3, 7, 8]
ideal_configuration : 
 [[8. 0. 0. 0. 0. 0.]
 [3. 8. 0. 0. 0. 0.]
 [3. 4. 8. 0. 0. 0.]
 [1. 3. 5. 8. 0. 0.]
 [1. 2. 3. 7. 9. 0.]]
Centroid : {1: (0.0, 0.5), 8: (1.5, 2.5), 3: (0.75, 1.5), 2: (1.0, 0.0), 9: (4.0, 0.0), 5: (2.0, 1.0), 4: (1.0, 2.0), 7: (3.0, 0.0)}
Repeat number : 20
Original weight : [6.81, 22.82, 13.0, 9.57, 23.65, 23.29, 15.71, 8.79, 22.21, 15.12, 12.47, 11.61, 12.53, 21.3, 22.76]
Sequence : [0, 0, 0, 0, 0, 1, 2, 3, 4, 5, 6, 7, 8, 9, 10]
Emergency : [0, 0, 0, 0, 0, 0, 0, 0, 0, 0, 0, 0, 0, 0, 0]
Time taken to solve the MIP model : 0.0249 seconds
min_d : 0, max_d : 9
---------------------------------
solution for: IP model
objective: 2.77778
status: OPTIMAL_SOLUTION(2)
x_0_3_0=1
x_1_0_0=1
x_2_2_0=1
x_3_4_0=1
x_4_5_0=1
x_5_2_1=1
x_6_2_2=1
x_7_0_1=1
x_8_2_3=1
x_9_0_2=1
x_10_1_0=1
x_11_1_1=1
x_12_1_2=1
x_13_3_1=1
x_14_1_3=1
r_0_0=1
r_0_1=1
r_0_2=1
r_1_0=1
r_1_1=1
r_1_2=1
r_1_3=1
r_2_0=1
r_2_1=1
r_2_2=1
r_2_3=1
r_5_0=1
d_0=3.500
d_1=4.000
d_2=2.750
d_3=3.000
d_4=1.000
d_5=2.000
d_6=1.000
d_7=0.500
d_8=1.000
d_9=1.000
d_10=1.750
d_11=0.750
d_12=0.750
d_13=1.000
d_14=1.000
d_x_0=3.000
d_x_1=1.500
d_x_2=1.250
d_x_3=3.000
d_x_4=1.000
d_x_5=0.500
d_x_8=0.500
d_x_9=1.000
d_x_10=0.250
d_x_11=0.250
d_x_12=0.250
d_x_14=0.500
d_y_0=0.500
d_y_1=2.500
d_y_2=1.500
d_y_5=1.500
d_y_6=1.000
d_y_7=0.500
d_y_8=0.500
d_y_10=1.500
d_y_11=0.500
d_y_12=0.500
d_y_13=1.000
d_y_14=0.500
normalized distance of container 0 : 0.3888888888888889
normalized distance of container 1 : 0.4444444444444444
normalized distance of container 2 : 0.3055555555555556
normalized distance of container 3 : 0.3333333333333333
normalized distance of container 4 : 0.1111111111111111
normalized distance of container 5 : 0.22222222222222202
normalized distance of container 6 : 0.1111111111111111
normalized distance of container 7 : 0.055555555555555164
normalized distance of container 8 : 0.11111111111111052
normalized distance of container 9 : 0.1111111111111111
normalized distance of container 10 : 0.19444444444444406
normalized distance of container 11 : 0.08333333333333294
normalized distance of container 12 : 0.08333333333333254
normalized distance of container 13 : 0.1111111111111111
normalized distance of container 14 : 0.11111111111110993
