Number of initial container : 3
Number of new container : 12
Total number of containers : 15
Level_num : 9
Container_level : [7, 6, 5, 8, 1, 8, 4, 4, 1, 7, 7, 2, 9, 8, 7]
ideal_configuration : 
 [[7. 0. 0. 0. 0. 0.]
 [6. 8. 0. 0. 0. 0.]
 [4. 7. 8. 0. 0. 0.]
 [1. 4. 7. 8. 0. 0.]
 [1. 2. 5. 7. 9. 0.]]
Centroid : {7: (1.5, 1.75), 6: (0.0, 3.0), 5: (2.0, 0.0), 8: (2.0, 2.0), 1: (0.0, 0.5), 4: (0.5, 1.5), 2: (1.0, 0.0), 9: (4.0, 0.0)}
Repeat number : 17
Original weight : [17.99, 15.08, 14.58, 18.92, 5.28, 19.37, 11.37, 12.13, 6.78, 18.44, 17.17, 7.84, 20.43, 18.61, 18.19]
Sequence : [0, 0, 0, 1, 2, 3, 4, 5, 6, 7, 8, 9, 10, 11, 12]
Emergency : [0, 0, 0, 0, 0, 0, 0, 0, 0, 0, 0, 0, 0, 0, 0]
Time taken to solve the MIP model : 0.0249 seconds
min_d : 0, max_d : 9
---------------------------------
solution for: IP model
objective: 0
status: OPTIMAL_SOLUTION(2)
x_0_4_0=1
x_1_1_0=1
x_2_3_0=1
x_3_1_1=1
x_4_2_0=1
x_5_3_1=1
x_6_5_0=1
x_7_5_1=1
x_8_0_0=1
x_9_5_2=1
x_10_0_1=1
x_11_2_1=1
x_12_0_2=1
x_13_4_1=1
x_14_2_2=1
d_0=4.250
d_1=4.000
d_2=1.000
d_3=2.000
d_4=3.000
d_5=2.000
d_6=7.000
d_7=6.000
d_8=1.000
d_9=5.000
d_10=3.000
d_11=2.000
d_12=6.000
d_13=3.000
d_14=2.000
d_x_0=2.500
d_x_1=1.000
d_x_2=1.000
d_x_3=1.000
d_x_4=2.000
d_x_5=1.000
d_x_6=5.000
d_x_7=5.000
d_x_9=4.000
d_x_10=2.000
d_x_11=1.000
d_x_12=4.000
d_x_13=2.000
d_x_14=1.000
d_y_0=1.750
d_y_1=3.000
d_y_3=1.000
d_y_4=1.000
d_y_5=1.000
d_y_6=2.000
d_y_7=1.000
d_y_8=1.000
d_y_9=1.000
d_y_10=1.000
d_y_11=1.000
d_y_12=2.000
d_y_13=1.000
d_y_14=1.000
normalized distance of container 0 : 0.4722222222222222
normalized distance of container 1 : 0.4444444444444444
normalized distance of container 2 : 0.1111111111111111
normalized distance of container 3 : 0.2222222222222222
normalized distance of container 4 : 0.3333333333333333
normalized distance of container 5 : 0.2222222222222222
normalized distance of container 6 : 0.7777777777777778
normalized distance of container 7 : 0.6666666666666666
normalized distance of container 8 : 0.1111111111111111
normalized distance of container 9 : 0.5555555555555556
normalized distance of container 10 : 0.3333333333333333
normalized distance of container 11 : 0.2222222222222222
normalized distance of container 12 : 0.6666666666666666
normalized distance of container 13 : 0.3333333333333333
normalized distance of container 14 : 0.2222222222222222
