Number of initial container : 3
Number of new container : 12
Total number of containers : 15
Level_num : 9
Container_level : [3, 4, 3, 1, 1, 6, 7, 9, 7, 2, 6, 8, 6, 1, 2]
ideal_configuration : 
 [[6. 0. 0. 0. 0. 0.]
 [3. 7. 0. 0. 0. 0.]
 [2. 4. 7. 0. 0. 0.]
 [1. 2. 6. 8. 0. 0.]
 [1. 1. 3. 6. 9. 0.]]
Centroid : {3: (1.0, 1.5), 4: (1.0, 2.0), 1: (0.3333333333333333, 0.3333333333333333), 6: (1.6666666666666667, 1.6666666666666667), 7: (1.5, 2.5), 9: (4.0, 0.0), 2: (0.5, 1.5), 8: (3.0, 1.0)}
Repeat number : 18
Original weight : [10.29, 13.12, 10.79, 5.45, 7.54, 16.75, 18.74, 22.54, 19.96, 8.63, 17.27, 20.63, 16.94, 5.67, 8.94]
Sequence : [0, 0, 0, 1, 2, 3, 4, 5, 6, 7, 8, 9, 10, 11, 12]
Emergency : [0, 0, 0, 0, 0, 0, 0, 0, 0, 0, 0, 0, 0, 0, 0]
Time taken to solve the MIP model : 0.0132 seconds
min_d : 0, max_d : 9
---------------------------------
solution for: IP model
objective: 0
status: OPTIMAL_SOLUTION(2)
x_0_1_0=1
x_1_1_1=1
x_2_3_0=1
x_3_4_0=1
x_4_5_0=1
x_5_4_1=1
x_6_3_1=1
x_7_3_2=1
x_8_0_0=1
x_9_5_1=1
x_10_4_2=1
x_11_0_1=1
x_12_1_2=1
x_13_2_0=1
x_14_5_2=1
d_0=1.500
d_1=1.000
d_2=3.500
d_3=5.000
d_4=6.000
d_5=4.000
d_6=4.000
d_7=3.000
d_8=5.000
d_9=6.000
d_10=4.000
d_11=3.000
d_12=2.000
d_13=3.000
d_14=6.000
d_x_2=2.000
d_x_3=4.000
d_x_4=5.000
d_x_5=3.000
d_x_6=2.000
d_x_7=1.000
d_x_8=2.000
d_x_9=5.000
d_x_10=3.000
d_x_11=3.000
d_x_12=1.000
d_x_13=2.000
d_x_14=5.000
d_y_0=1.500
d_y_1=1.000
d_y_2=1.500
d_y_3=1.000
d_y_4=1.000
d_y_5=1.000
d_y_6=2.000
d_y_7=2.000
d_y_8=3.000
d_y_9=1.000
d_y_10=1.000
d_y_12=1.000
d_y_13=1.000
d_y_14=1.000
normalized distance of container 0 : 0.16666666666666666
normalized distance of container 1 : 0.1111111111111111
normalized distance of container 2 : 0.3888888888888889
normalized distance of container 3 : 0.5555555555555556
normalized distance of container 4 : 0.6666666666666666
normalized distance of container 5 : 0.4444444444444444
normalized distance of container 6 : 0.4444444444444444
normalized distance of container 7 : 0.3333333333333333
normalized distance of container 8 : 0.5555555555555556
normalized distance of container 9 : 0.6666666666666666
normalized distance of container 10 : 0.4444444444444444
normalized distance of container 11 : 0.3333333333333333
normalized distance of container 12 : 0.2222222222222222
normalized distance of container 13 : 0.3333333333333333
normalized distance of container 14 : 0.6666666666666666
