Number of initial container : 5
Number of new container : 15
Total number of containers : 20
Level_num : 9
Container_level : [3, 3, 2, 7, 8, 1, 7, 4, 8, 9, 5, 4, 2, 8, 5, 7, 7, 3, 1, 1]
ideal_configuration : 
 [[5. 7. 0. 0. 0. 0.]
 [3. 5. 8. 0. 0. 0.]
 [2. 3. 7. 8. 0. 0.]
 [1. 2. 4. 7. 8. 0.]
 [1. 1. 3. 4. 7. 9.]]
Centroid : {3: (2.0, 1.6666666666666667), 2: (1.5, 1.5), 7: (3.5, 1.75), 8: (4.0, 2.0), 1: (1.3333333333333333, 0.3333333333333333), 4: (3.5, 0.5), 9: (6.0, 0.0), 5: (1.5, 3.5)}
Repeat number : 23
Original weight : [11.42, 11.27, 9.78, 19.37, 22.26, 5.71, 20.82, 14.14, 23.2, 23.59, 16.0, 12.62, 9.68, 21.67, 16.46, 20.65, 20.26, 11.77, 6.8, 6.67]
Sequence : [0, 0, 0, 0, 0, 1, 2, 3, 4, 5, 6, 7, 8, 9, 10, 11, 12, 13, 14, 15]
Emergency : [0, 0, 0, 0, 0, 0, 0, 0, 0, 0, 0, 0, 0, 0, 0, 0, 0, 0, 0, 0]
Time taken to solve the MIP model : 0.7499 seconds
min_d : 0, max_d : 9
---------------------------------
solution for: IP model
objective: 3.80556
x_1_3_0=1
x_2_2_0=1
x_3_1_0=1
x_4_3_1=1
x_5_6_0=1
x_6_4_0=1
x_7_3_2=1
x_8_1_1=1
x_9_6_1=1
x_10_6_2=1
x_11_1_2=1
x_12_2_1=1
x_13_4_1=1
x_14_3_3=1
x_15_1_3=1
x_16_2_2=1
x_17_1_4=1
x_18_4_2=1
x_19_5_0=1
x_20_5_1=1
r_5_0=1
r_5_1=1
d_1=2.667
d_2=1.667
d_3=2.000
d_4=1.250
d_5=4.000
d_6=3.000
d_7=0.750
d_8=3.000
d_9=3.000
d_10=2.000
d_11=2.000
d_12=2.000
d_13=3.000
d_14=2.000
d_15=1.000
d_16=1.750
d_17=4.750
d_18=2.333
d_19=4.000
d_20=4.333
d_x_1=1.000
d_x_3=0.500
d_x_4=0.500
d_x_5=2.000
d_x_6=2.667
d_x_7=0.500
d_x_8=2.500
d_x_9=2.000
d_x_11=0.500
d_x_12=1.500
d_x_13=2.500
d_x_14=1.000
d_x_15=0.500
d_x_16=1.500
d_x_17=2.500
d_x_18=2.000
d_x_19=3.667
d_x_20=3.667
d_y_1=1.667
d_y_2=1.667
d_y_3=1.500
d_y_4=0.750
d_y_5=2.000
d_y_6=0.333
d_y_7=0.250
d_y_8=0.500
d_y_9=1.000
d_y_10=2.000
d_y_11=1.500
d_y_12=0.500
d_y_13=0.500
d_y_14=1.000
d_y_15=0.500
d_y_16=0.250
d_y_17=2.250
d_y_18=0.333
d_y_19=0.333
d_y_20=0.667
normalized distance of container 1 : 0.29629629629629634
normalized distance of container 2 : 0.1851851851851852
normalized distance of container 3 : 0.2222222222222222
normalized distance of container 4 : 0.1388888888888889
normalized distance of container 5 : 0.4444444444444444
normalized distance of container 6 : 0.33333333333333337
normalized distance of container 7 : 0.08333333333333333
normalized distance of container 8 : 0.33333333333333315
normalized distance of container 9 : 0.3333333333333333
normalized distance of container 10 : 0.2222222222222222
normalized distance of container 11 : 0.22222222222222193
normalized distance of container 12 : 0.22222222222222143
normalized distance of container 13 : 0.3333333333333333
normalized distance of container 14 : 0.2222222222222222
normalized distance of container 15 : 0.11111111111111081
normalized distance of container 16 : 0.19444444444444406
normalized distance of container 17 : 0.5277777777777778
normalized distance of container 18 : 0.25925925925925875
normalized distance of container 19 : 0.444444444444444
normalized distance of container 20 : 0.48148148148148157
