Number of initial container : 3
Number of new container : 2
Total number of containers : 5
Level_num : 9
Container_level : [9, 1, 7, 3, 6]
ideal_configuration : 
 [[0. 0. 0. 0. 0. 0.]
 [0. 0. 0. 0. 0. 0.]
 [7. 0. 0. 0. 0. 0.]
 [3. 9. 0. 0. 0. 0.]
 [1. 6. 0. 0. 0. 0.]]
Centroid : {9: (1.0, 1.0), 1: (0.0, 0.0), 7: (0.0, 2.0), 3: (0.0, 1.0), 6: (1.0, 0.0)}
Repeat number : 5
Original weight : [22.25, 8.71, 19.8, 13.76, 18.19]
Group : [0, 0, 0, 0, 0]
Sequence : [0, 0, 0, 1, 2]
Scroe : [22.25, 8.71, 19.8, 13.76, 18.19]
Time taken to solve the MIP model : 0.0072 seconds
min_d : 0, max_d : 9
---------------------------------
solution for: IP model
objective: 1.55556
x_0_4_0=1
x_1_4_1=1
x_2_2_0=1
x_3_0_0=1
x_4_1_0=1
r_2_0=1
r_4_0=1
r_4_1=1
r_4_2=-0
r_4_3=-0
r_4_4=-0
d_0=4.000
d_1=5.000
d_2=4.000
d_3=1.000
d_x_0=3.000
d_x_1=4.000
d_x_2=2.000
d_y_0=1.000
d_y_1=1.000
d_y_2=2.000
d_y_3=1.000
normalized distance of container 0 : 0.4444444444444444
normalized distance of container 1 : 0.5555555555555556
normalized distance of container 2 : 0.4444444444444444
normalized distance of container 3 : 0.1111111111111111
normalized distance of container 4 : 0.0
