Number of initial container : 3
Number of new container : 12
Total number of containers : 15
Level_num : 9
Container_level : [1, 7, 8, 1, 6, 3, 5, 6, 8, 4, 9, 2, 5, 2, 8]
ideal_configuration : 
 [[7. 0. 0. 0. 0. 0.]
 [5. 8. 0. 0. 0. 0.]
 [2. 5. 8. 0. 0. 0.]
 [1. 3. 6. 8. 0. 0.]
 [1. 2. 4. 6. 9. 0.]]
Centroid : {1: (0.0, 0.5), 7: (0.0, 4.0), 8: (2.0, 2.0), 6: (2.5, 0.5), 3: (1.0, 1.0), 5: (0.5, 2.5), 4: (2.0, 0.0), 9: (4.0, 0.0), 2: (0.5, 1.0)}
Repeat number : 1
Original weight : [8.54, 20.25, 23.74, 7.64, 19.09, 12.75, 16.78, 18.11, 23.12, 13.91, 23.91, 10.6, 16.97, 10.85, 22.59]
Sequence : [0, 0, 0, 1, 2, 3, 4, 5, 6, 7, 8, 9, 10, 11, 12]
Emergency : [0, 0, 0, 0, 0, 0, 0, 0, 0, 0, 0, 0, 0, 0, 0]
Time taken to solve the MIP model : 0.0382 seconds
min_d : 0, max_d : 9
---------------------------------
solution for: IP model
objective: 2.22222
status: OPTIMAL_SOLUTION(2)
x_0_3_0=1
x_1_0_0=1
x_2_2_0=1
x_3_0_1=1
x_4_3_1=1
x_5_2_1=1
x_6_0_2=1
x_7_3_2=1
x_8_2_2=1
x_9_1_0=1
x_10_4_0=1
x_11_1_1=1
x_12_0_3=1
x_13_1_2=1
x_14_2_3=1
r_0_0=1
r_0_1=1
r_0_2=1
r_0_3=1
r_1_0=1
r_1_1=1
r_1_2=1
r_2_0=1
r_2_1=1
r_2_2=1
r_2_3=1
r_3_1=1
r_3_2=1
d_0=3.500
d_1=4.000
d_2=2.000
d_3=0.500
d_4=1.000
d_5=1.000
d_6=1.000
d_7=2.000
d_9=1.000
d_11=0.500
d_12=1.000
d_13=1.500
d_14=1.000
d_x_0=3.000
d_x_4=0.500
d_x_5=1.000
d_x_6=0.500
d_x_7=0.500
d_x_9=1.000
d_x_11=0.500
d_x_12=0.500
d_x_13=0.500
d_y_0=0.500
d_y_1=4.000
d_y_2=2.000
d_y_3=0.500
d_y_4=0.500
d_y_6=0.500
d_y_7=1.500
d_y_12=0.500
d_y_13=1.000
d_y_14=1.000
normalized distance of container 0 : 0.3888888888888889
normalized distance of container 1 : 0.4444444444444444
normalized distance of container 2 : 0.2222222222222222
normalized distance of container 3 : 0.05555555555555555
normalized distance of container 4 : 0.11111111111111091
normalized distance of container 5 : 0.1111111111111111
normalized distance of container 6 : 0.11111111111110933
normalized distance of container 7 : 0.22222222222222024
normalized distance of container 8 : 0.0
normalized distance of container 9 : 0.1111111111111111
normalized distance of container 10 : 0.0
normalized distance of container 11 : 0.05555555555555555
normalized distance of container 12 : 0.11111111111110913
normalized distance of container 13 : 0.16666666666666508
normalized distance of container 14 : 0.1111111111111111
