Number of initial container : 0
Number of new container : 25
Total number of containers : 25
Level_num : 9
Container_level : [3, 2, 2, 1, 8, 7, 5, 2, 4, 3, 8, 1, 1, 3, 3, 8, 6, 9, 2, 7, 1, 8, 3, 5, 7]
ideal_configuration : 
 [[3. 5. 8. 9. 0. 0.]
 [2. 3. 6. 8. 0. 0.]
 [1. 2. 3. 7. 8. 0.]
 [1. 2. 3. 4. 7. 8.]
 [1. 1. 2. 3. 5. 7.]]
Centroid : {3: (2.6, 2.0), 2: (2.0, 1.5), 1: (1.25, 0.75), 8: (4.5, 2.5), 7: (5.0, 1.0), 5: (3.5, 2.0), 4: (4.0, 1.0), 6: (3.0, 3.0), 9: (4.0, 4.0)}
Repeat number : 22
Original weight : [10.47, 9.27, 8.84, 5.31, 22.39, 21.28, 15.26, 9.55, 13.33, 11.42, 22.21, 6.68, 7.02, 12.23, 11.4, 21.83, 17.15, 23.78, 9.06, 20.27, 7.58, 22.07, 9.99, 15.86, 19.56]
Sequence : [1, 2, 3, 4, 5, 6, 7, 8, 9, 10, 11, 12, 13, 14, 15, 16, 17, 18, 19, 20, 21, 22, 23, 24, 25]
Emergency : [0, 0, 0, 0, 0, 0, 0, 0, 0, 0, 0, 0, 0, 0, 0, 0, 0, 0, 0, 0, 0, 0, 0, 0, 0]
Time taken to solve the MIP model : 0.6269 seconds
min_d : 0, max_d : 9
---------------------------------
solution for: IP model
objective: 3.41111
status: OPTIMAL_SOLUTION(2)
x_1_3_3=1
x_2_2_2=1
x_3_2_1=1
x_4_2_0=1
x_5_5_2=1
x_6_5_1=1
x_7_4_2=1
x_8_2_3=1
x_9_4_1=1
x_10_3_0=1
x_11_5_3=1
x_12_1_1=1
x_13_1_0=1
x_14_3_1=1
x_15_3_2=1
x_16_4_3=1
x_17_3_4=1
x_18_4_4=1
x_19_1_3=1
x_20_6_0=1
x_21_1_2=1
x_22_6_1=1
x_23_2_4=1
x_24_4_0=1
x_25_5_0=1
r_1_0=1
r_1_1=1
r_1_2=1
r_1_3=1
r_2_1=1
r_2_2=1
r_2_3=1
r_2_4=1
r_3_0=1
r_3_1=1
r_3_2=1
r_3_3=1
r_3_4=1
r_4_0=1
r_4_1=1
r_4_2=1
r_4_3=1
r_4_4=1
r_5_2=1
r_5_3=1
d_1=1.400
d_2=0.500
d_3=0.500
d_4=1.500
d_5=1.000
d_7=0.500
d_8=1.500
d_10=2.400
d_11=1.000
d_12=0.500
d_13=1.000
d_14=1.400
d_15=0.400
d_16=1.000
d_17=1.000
d_19=2.500
d_20=2.000
d_21=1.500
d_22=3.000
d_23=2.600
d_24=2.500
d_25=1.000
d_x_1=0.400
d_x_4=0.750
d_x_5=0.500
d_x_7=0.500
d_x_10=0.400
d_x_11=0.500
d_x_12=0.250
d_x_13=0.250
d_x_14=0.400
d_x_15=0.400
d_x_16=0.500
d_x_19=1.000
d_x_20=1.000
d_x_21=0.250
d_x_22=1.500
d_x_23=0.600
d_x_24=0.500
d_y_1=1.000
d_y_2=0.500
d_y_3=0.500
d_y_4=0.750
d_y_5=0.500
d_y_8=1.500
d_y_10=2.000
d_y_11=0.500
d_y_12=0.250
d_y_13=0.750
d_y_14=1.000
d_y_16=0.500
d_y_17=1.000
d_y_19=1.500
d_y_20=1.000
d_y_21=1.250
d_y_22=1.500
d_y_23=2.000
d_y_24=2.000
d_y_25=1.000
normalized distance of container 1 : 0.15555555555555461
normalized distance of container 2 : 0.05555555555555474
normalized distance of container 3 : 0.05555555555555555
normalized distance of container 4 : 0.16666666666666666
normalized distance of container 5 : 0.11111111111111033
normalized distance of container 6 : 0.0
normalized distance of container 7 : 0.055555555555555164
normalized distance of container 8 : 0.16666666666666666
normalized distance of container 9 : 0.0
normalized distance of container 10 : 0.2666666666666657
normalized distance of container 11 : 0.11111111111110993
normalized distance of container 12 : 0.055555555555553186
normalized distance of container 13 : 0.11111111111110954
normalized distance of container 14 : 0.15555555555555461
normalized distance of container 15 : 0.044444444444443496
normalized distance of container 16 : 0.11111111111110993
normalized distance of container 17 : 0.1111111111111111
normalized distance of container 18 : 0.0
normalized distance of container 19 : 0.2777777777777778
normalized distance of container 20 : 0.2222222222222222
normalized distance of container 21 : 0.16666666666666508
normalized distance of container 22 : 0.3333333333333328
normalized distance of container 23 : 0.28888888888888886
normalized distance of container 24 : 0.2777777777777774
normalized distance of container 25 : 0.1111111111111111
