Number of initial container : 0
Number of new container : 20
Total number of containers : 20
Level_num : 9
Container_level : [1, 4, 1, 8, 7, 5, 7, 7, 6, 1, 9, 3, 6, 6, 2, 5, 5, 5, 7, 5]
ideal_configuration : 
 [[7. 0. 0. 0. 0. 0. 0. 0. 0. 0.]
 [5. 7. 0. 0. 0. 0. 0. 0. 0. 0.]
 [5. 6. 7. 0. 0. 0. 0. 0. 0. 0.]
 [2. 5. 6. 8. 0. 0. 0. 0. 0. 0.]
 [1. 3. 5. 6. 9. 0. 0. 0. 0. 0.]
 [1. 1. 4. 5. 7. 0. 0. 0. 0. 0.]]
Centroid : {1: (1.3333333333333333, 0.3333333333333333), 4: (3.0, 0.0), 8: (4.0, 2.0), 7: (2.75, 3.0), 5: (2.2, 2.0), 6: (3.0, 2.0), 9: (5.0, 1.0), 3: (2.0, 1.0), 2: (1.0, 2.0)}
Repeat number : 22
Original weight : [8.24, 14.15, 8.31, 22.44, 20.49, 16.64, 21.01, 20.31, 18.02, 8.94, 23.05, 12.57, 19.25, 18.33, 11.15, 16.44, 15.85, 15.77, 20.28, 16.97]
Group : [0, 0, 0, 0, 0, 0, 0, 0, 0, 0, 0, 0, 0, 0, 0, 0, 0, 0, 0, 0]
Sequence : [1, 2, 3, 4, 5, 6, 7, 8, 9, 10, 11, 12, 13, 14, 15, 16, 17, 18, 19, 20]
Scroe : [8.24, 14.15, 8.31, 22.44, 20.49, 16.64, 21.01, 20.31, 18.02, 8.94, 23.05, 12.57, 19.25, 18.33, 11.15, 16.44, 15.85, 15.77, 20.28, 16.97]
Time taken to solve the MIP model : 7.8957 seconds
---------------------------------
solution for: IP model
objective: 23.2667
x_1_1_0=1
x_2_3_0=1
x_3_1_1=1
x_4_4_0=1
x_5_3_1=1
x_6_3_2=1
x_7_3_3=1
x_8_3_4=1
x_9_4_1=1
x_10_2_0=1
x_11_5_0=1
x_12_2_1=1
x_13_5_1=1
x_14_4_2=1
x_15_1_2=1
x_16_2_2=1
x_17_2_3=1
x_18_1_3=1
x_19_4_3=1
x_20_2_4=1
r_2_2=1
r_2_3=1
r_2_4=1
r_3_1=1
r_3_2=1
r_3_3=1
r_3_4=1
r_4_0=1
r_4_1=1
r_4_2=1
r_4_3=1
r_5_0=1
r_5_1=1
d_1=0.667
d_3=1.000
d_4=2.000
d_5=2.250
d_6=0.800
d_7=0.250
d_8=1.250
d_9=2.000
d_10=1.000
d_11=1.000
d_13=3.000
d_14=1.000
d_16=0.200
d_17=1.200
d_18=2.200
d_19=1.250
d_20=2.200
d_x_1=0.333
d_x_3=0.333
d_x_5=0.250
d_x_6=0.800
d_x_7=0.250
d_x_8=0.250
d_x_9=1.000
d_x_10=0.667
d_x_13=2.000
d_x_14=1.000
d_x_16=0.200
d_x_17=0.200
d_x_18=1.200
d_x_19=1.250
d_x_20=0.200
d_y_1=0.333
d_y_3=0.667
d_y_4=2.000
d_y_5=2.000
d_y_8=1.000
d_y_9=1.000
d_y_10=0.333
d_y_11=1.000
d_y_13=1.000
d_y_17=1.000
d_y_18=1.000
d_y_20=2.000
