Number of initial container : 0
Number of new container : 20
Total number of containers : 20
Level_num : 9
Container_level : [5, 2, 6, 5, 8, 6, 7, 1, 8, 1, 6, 6, 2, 6, 5, 4, 8, 6, 9, 4]
ideal_configuration : 
 [[7. 0. 0. 0. 0. 0. 0. 0. 0. 0.]
 [6. 8. 0. 0. 0. 0. 0. 0. 0. 0.]
 [5. 6. 8. 0. 0. 0. 0. 0. 0. 0.]
 [2. 5. 6. 8. 0. 0. 0. 0. 0. 0.]
 [1. 4. 5. 6. 9. 0. 0. 0. 0. 0.]
 [1. 2. 4. 6. 6. 0. 0. 0. 0. 0.]]
Centroid : {5: (2.0, 2.0), 2: (1.5, 1.0), 6: (3.1666666666666665, 1.6666666666666667), 8: (3.0, 3.0), 7: (1.0, 5.0), 1: (1.0, 0.5), 4: (2.5, 0.5), 9: (5.0, 1.0)}
Repeat number : 20
Original weight : [15.84, 8.46, 17.96, 15.18, 22.64, 17.23, 21.52, 6.26, 22.85, 5.62, 18.71, 17.64, 8.67, 18.01, 16.49, 13.97, 21.84, 17.21, 23.94, 14.61]
Group : [0, 0, 0, 0, 0, 0, 0, 0, 0, 0, 0, 0, 0, 0, 0, 0, 0, 0, 0, 0]
Sequence : [1, 2, 3, 4, 5, 6, 7, 8, 9, 10, 11, 12, 13, 14, 15, 16, 17, 18, 19, 20]
Scroe : [15.84, 8.46, 17.96, 15.18, 22.64, 17.23, 21.52, 6.26, 22.85, 5.62, 18.71, 17.64, 8.67, 18.01, 16.49, 13.97, 21.84, 17.21, 23.94, 14.61]
Time taken to solve the MIP model : 1.2107 seconds
---------------------------------
solution for: IP model
objective: 28
x_1_2_0=1
x_2_2_1=1
x_3_3_0=1
x_4_2_2=1
x_5_2_3=1
x_6_3_1=1
x_7_2_4=1
x_8_1_0=1
x_9_3_2=1
x_10_1_1=1
x_11_4_0=1
x_12_4_1=1
x_13_1_2=1
x_14_4_2=1
x_15_1_3=1
x_16_5_0=1
x_17_3_3=1
x_18_4_3=1
x_19_5_1=1
x_20_6_0=1
r_1_0=1
r_1_1=1
r_1_2=1
r_1_3=1
r_2_0=1
r_2_1=1
r_2_2=1
r_2_3=1
r_2_4=1
r_3_0=1
r_3_1=1
r_3_2=1
r_3_3=1
r_4_0=1
r_4_1=1
r_4_2=1
r_4_3=1
d_1=2.000
d_2=0.500
d_3=1.833
d_5=1.000
d_6=0.833
d_7=2.000
d_8=0.500
d_9=1.000
d_10=0.500
d_11=2.500
d_12=1.500
d_13=1.500
d_14=1.167
d_15=2.000
d_16=3.000
d_18=2.167
d_20=4.000
d_x_2=0.500
d_x_3=0.167
d_x_5=1.000
d_x_6=0.167
d_x_7=1.000
d_x_11=0.833
d_x_12=0.833
d_x_13=0.500
d_x_14=0.833
d_x_15=1.000
d_x_16=2.500
d_x_18=0.833
d_x_20=3.500
d_y_1=2.000
d_y_3=1.667
d_y_6=0.667
d_y_7=1.000
d_y_8=0.500
d_y_9=1.000
d_y_10=0.500
d_y_11=1.667
d_y_12=0.667
d_y_13=1.000
d_y_14=0.333
d_y_15=1.000
d_y_16=0.500
d_y_18=1.333
d_y_20=0.500
