Number of initial container : 0
Number of new container : 20
Total number of containers : 20
Level_num : 9
Container_level : [8, 2, 8, 8, 5, 1, 4, 1, 8, 1, 2, 7, 9, 3, 8, 5, 6, 5, 4, 1]
ideal_configuration : 
 [[8. 0. 0. 0. 0. 0. 0. 0. 0. 0.]
 [5. 8. 0. 0. 0. 0. 0. 0. 0. 0.]
 [3. 5. 8. 0. 0. 0. 0. 0. 0. 0.]
 [1. 4. 6. 8. 0. 0. 0. 0. 0. 0.]
 [1. 2. 4. 7. 9. 0. 0. 0. 0. 0.]
 [1. 1. 2. 5. 8. 0. 0. 0. 0. 0.]]
Centroid : {8: (3.0, 2.8), 2: (2.5, 0.5), 5: (2.3333333333333335, 2.3333333333333335), 1: (1.25, 0.75), 4: (2.5, 1.5), 7: (4.0, 1.0), 9: (5.0, 1.0), 3: (1.0, 3.0), 6: (3.0, 2.0)}
Repeat number : 13
Original weight : [20.96, 8.36, 22.33, 21.62, 16.25, 7.43, 12.75, 6.43, 21.06, 5.57, 8.5, 19.2, 22.74, 11.78, 22.01, 15.79, 17.4, 14.96, 13.32, 7.54]
Group : [0, 0, 0, 0, 0, 0, 0, 0, 0, 0, 0, 0, 0, 0, 0, 0, 0, 0, 0, 0]
Sequence : [1, 2, 3, 4, 5, 6, 7, 8, 9, 10, 11, 12, 13, 14, 15, 16, 17, 18, 19, 20]
Scroe : [20.96, 8.36, 22.33, 21.62, 16.25, 7.43, 12.75, 6.43, 21.06, 5.57, 8.5, 19.2, 22.74, 11.78, 22.01, 15.79, 17.4, 14.96, 13.32, 7.54]
Time taken to solve the MIP model : 7.5722 seconds
---------------------------------
solution for: IP model
objective: 26.9667
x_1_3_0=1
x_2_2_0=1
x_3_3_1=1
x_4_3_2=1
x_5_2_1=1
x_6_1_0=1
x_7_2_2=1
x_8_1_1=1
x_9_3_3=1
x_10_1_2=1
x_11_4_0=1
x_12_4_1=1
x_13_5_0=1
x_14_1_3=1
x_15_3_4=1
x_16_2_3=1
x_17_4_2=1
x_18_2_4=1
x_19_5_1=1
x_20_1_4=1
r_1_0=1
r_1_1=1
r_1_2=1
r_1_3=1
r_1_4=1
r_2_0=1
r_2_1=1
r_2_2=1
r_2_3=1
r_2_4=1
r_3_0=1
r_3_1=1
r_3_2=1
r_3_3=1
r_3_4=1
r_4_1=1
r_4_2=1
r_5_0=1
r_5_1=1
d_1=2.800
d_2=1.000
d_3=1.800
d_4=0.800
d_5=1.667
d_6=1.000
d_7=1.000
d_8=0.500
d_9=0.200
d_10=1.500
d_11=2.000
d_13=1.000
d_15=1.200
d_16=1.000
d_17=1.000
d_18=2.000
d_19=3.000
d_20=3.500
d_x_2=0.500
d_x_5=0.333
d_x_6=0.250
d_x_7=0.500
d_x_8=0.250
d_x_10=0.250
d_x_11=1.500
d_x_16=0.333
d_x_17=1.000
d_x_18=0.333
d_x_19=2.500
d_x_20=0.250
d_y_1=2.800
d_y_2=0.500
d_y_3=1.800
d_y_4=0.800
d_y_5=1.333
d_y_6=0.750
d_y_7=0.500
d_y_8=0.250
d_y_9=0.200
d_y_10=1.250
d_y_11=0.500
d_y_13=1.000
d_y_15=1.200
d_y_16=0.667
d_y_18=1.667
d_y_19=0.500
d_y_20=3.250
