Number of initial container : 5
Number of new container : 15
Total number of containers : 20
Level_num : 9
Container_level : [1, 1, 9, 3, 8, 3, 1, 1, 3, 6, 6, 6, 1, 1, 6, 1, 6, 6, 1, 3]
ideal_configuration : 
 [[3. 6. 0. 0. 0. 0.]
 [1. 3. 6. 0. 0. 0.]
 [1. 1. 6. 6. 0. 0.]
 [1. 1. 3. 6. 8. 0.]
 [1. 1. 1. 3. 6. 9.]]
Centroid : {1: (0.625, 1.125), 9: (5.0, 0.0), 3: (1.5, 2.0), 8: (4.0, 1.0), 6: (2.5, 2.0)}
Repeat number : 9
Original weight : [17.03, 19.44, 15.87, 5.98, 10.62, 15.16, 12.99, 10.23, 8.52, 21.3, 23.9, 11.14, 6.16, 8.62, 19.47, 14.38, 21.99, 16.26, 14.04, 11.25]
Group : [0, 0, 3, 1, 3, 1, 0, 0, 1, 2, 2, 2, 0, 0, 2, 0, 2, 2, 0, 1]
Sequence : [0, 0, 0, 0, 0, 1, 2, 3, 4, 5, 6, 7, 8, 9, 10, 11, 12, 13, 14, 15]
Scroe : [17.03, 19.44, 315.87, 105.98, 310.62, 115.16, 12.99, 10.23, 108.52, 221.3, 223.9, 211.14, 6.16, 8.62, 219.47, 14.38, 221.99, 216.26, 14.04, 111.25]
Time taken to solve the MIP model : 0.0927 seconds
min_d : 0, max_d : 9
---------------------------------
solution for: IP model
objective: 5.25
x_0_0_0=1
x_1_5_0=1
x_2_3_0=1
x_3_0_1=1
x_4_1_0=1
x_5_5_1=1
x_6_2_0=1
x_7_2_1=1
x_8_2_2=1
x_9_3_1=1
x_10_3_2=1
x_11_1_1=1
x_12_4_0=1
x_13_0_2=1
x_14_3_3=1
x_15_4_1=1
x_16_4_2=1
x_17_1_2=1
x_18_0_3=1
x_19_2_3=1
r_0_0=1
r_0_1=1
r_0_2=1
r_0_3=1
r_1_0=1
r_1_1=1
r_1_2=1
r_2_0=1
r_2_1=1
r_2_2=1
r_2_3=1
r_3_0=1
r_3_1=1
r_3_2=1
r_3_3=1
d_0=1.750
d_1=5.500
d_2=2.000
d_3=2.500
d_4=4.000
d_5=4.500
d_6=2.500
d_7=1.500
d_8=0.500
d_9=1.500
d_10=0.500
d_11=2.500
d_12=4.500
d_13=1.500
d_14=1.500
d_15=3.500
d_16=1.500
d_17=1.500
d_18=2.500
d_19=1.500
d_x_0=0.625
d_x_1=4.375
d_x_2=2.000
d_x_3=1.500
d_x_4=3.000
d_x_5=3.500
d_x_6=1.375
d_x_7=1.375
d_x_8=0.500
d_x_9=0.500
d_x_10=0.500
d_x_11=1.500
d_x_12=3.375
d_x_13=0.625
d_x_14=0.500
d_x_15=3.375
d_x_16=1.500
d_x_17=1.500
d_x_18=0.625
d_x_19=0.500
d_y_0=1.125
d_y_1=1.125
d_y_3=1.000
d_y_4=1.000
d_y_5=1.000
d_y_6=1.125
d_y_7=0.125
d_y_9=1.000
d_y_11=1.000
d_y_12=1.125
d_y_13=0.875
d_y_14=1.000
d_y_15=0.125
d_y_18=1.875
d_y_19=1.000
normalized distance of container 0 : 0.19444444444444445
normalized distance of container 1 : 0.6111111111111112
normalized distance of container 2 : 0.2222222222222222
normalized distance of container 3 : 0.2777777777777778
normalized distance of container 4 : 0.4444444444444444
normalized distance of container 5 : 0.4999999999999998
normalized distance of container 6 : 0.27777777777777757
normalized distance of container 7 : 0.16666666666666627
normalized distance of container 8 : 0.055555555555555164
normalized distance of container 9 : 0.16666666666666627
normalized distance of container 10 : 0.055555555555555164
normalized distance of container 11 : 0.2777777777777778
normalized distance of container 12 : 0.4999999999999992
normalized distance of container 13 : 0.16666666666666627
normalized distance of container 14 : 0.16666666666666627
normalized distance of container 15 : 0.3888888888888881
normalized distance of container 16 : 0.16666666666666627
normalized distance of container 17 : 0.16666666666666666
normalized distance of container 18 : 0.2777777777777774
normalized distance of container 19 : 0.16666666666666585
