Number of initial container : 5
Number of new container : 15
Total number of containers : 20
Level_num : 9
Container_level : [1, 6, 8, 6, 3, 1, 1, 1, 6, 3, 6, 9, 6, 8, 1, 6, 8, 1, 8, 1]
ideal_configuration : 
 [[6. 8. 0. 0. 0. 0.]
 [1. 6. 8. 0. 0. 0.]
 [1. 3. 6. 8. 0. 0.]
 [1. 1. 3. 6. 8. 0.]
 [1. 1. 1. 6. 6. 9.]]
Centroid : {1: (0.5714285714285714, 1.0), 6: (2.1666666666666665, 1.6666666666666667), 8: (2.5, 2.5), 3: (1.5, 1.5), 9: (5.0, 0.0)}
Repeat number : 14
Original weight : [17.49, 8.39, 9.4, 22.58, 11.35, 14.15, 23.26, 17.31, 12.47, 10.41, 6.79, 18.49, 9.5, 15.1, 22.08, 7.4, 5.38, 10.85, 12.88, 15.68]
Group : [0, 2, 3, 2, 1, 0, 0, 0, 2, 1, 2, 3, 2, 3, 0, 2, 3, 0, 3, 0]
Sequence : [0, 0, 0, 0, 0, 1, 2, 3, 4, 5, 6, 7, 8, 9, 10, 11, 12, 13, 14, 15]
Scroe : [17.49, 208.39, 309.4, 222.57999999999998, 111.35, 14.15, 23.26, 17.31, 212.47, 110.41, 206.79, 318.49, 209.5, 315.1, 22.08, 207.4, 305.38, 10.85, 312.88, 15.68]
Time taken to solve the MIP model : 0.1051 seconds
min_d : 0, max_d : 9
---------------------------------
solution for: IP model
objective: 4.38095
x_0_2_0=1
x_1_1_0=1
x_2_1_1=1
x_3_3_0=1
x_4_0_0=1
x_5_0_1=1
x_6_2_1=1
x_7_0_2=1
x_8_3_1=1
x_9_2_2=1
x_10_3_2=1
x_11_5_0=1
x_12_1_2=1
x_13_3_3=1
x_14_0_3=1
x_15_2_3=1
x_16_1_3=1
x_17_4_0=1
x_18_2_4=1
x_19_4_1=1
r_0_0=1
r_0_1=1
r_0_2=1
r_0_3=1
r_1_1=1
r_1_2=1
r_1_3=1
r_3_0=1
r_3_1=1
r_3_2=1
r_3_3=1
d_0=2.429
d_1=2.833
d_2=3.000
d_3=2.500
d_4=3.000
d_5=0.571
d_6=1.429
d_7=1.571
d_8=1.500
d_9=1.000
d_10=1.167
d_12=1.500
d_13=1.000
d_14=2.571
d_15=1.500
d_16=2.000
d_17=4.429
d_18=2.000
d_19=3.429
d_x_0=1.429
d_x_1=1.167
d_x_2=1.500
d_x_3=0.833
d_x_4=1.500
d_x_5=0.571
d_x_6=1.429
d_x_7=0.571
d_x_8=0.833
d_x_9=0.500
d_x_10=0.833
d_x_12=1.167
d_x_13=0.500
d_x_14=0.571
d_x_15=0.167
d_x_16=1.500
d_x_17=3.429
d_x_18=0.500
d_x_19=3.429
d_y_0=1.000
d_y_1=1.667
d_y_2=1.500
d_y_3=1.667
d_y_4=1.500
d_y_7=1.000
d_y_8=0.667
d_y_9=0.500
d_y_10=0.333
d_y_12=0.333
d_y_13=0.500
d_y_14=2.000
d_y_15=1.333
d_y_16=0.500
d_y_17=1.000
d_y_18=1.500
normalized distance of container 0 : 0.2698412698412699
normalized distance of container 1 : 0.31481481481481477
normalized distance of container 2 : 0.3333333333333333
normalized distance of container 3 : 0.2777777777777778
normalized distance of container 4 : 0.3333333333333333
normalized distance of container 5 : 0.06349206349206349
normalized distance of container 6 : 0.15873015873015855
normalized distance of container 7 : 0.1746031746031746
normalized distance of container 8 : 0.16666666666666669
normalized distance of container 9 : 0.11111111111110993
normalized distance of container 10 : 0.12962962962962912
normalized distance of container 11 : 0.0
normalized distance of container 12 : 0.16666666666666613
normalized distance of container 13 : 0.11111111111111033
normalized distance of container 14 : 0.2857142857142857
normalized distance of container 15 : 0.16666666666666616
normalized distance of container 16 : 0.22222222222222182
normalized distance of container 17 : 0.4920634920634921
normalized distance of container 18 : 0.22222222222222182
normalized distance of container 19 : 0.3809523809523804
