Number of initial container : 5
Number of new container : 15
Total number of containers : 20
Level_num : 9
Container_level : [6, 9, 6, 8, 6, 8, 3, 3, 8, 1, 3, 3, 1, 6, 3, 3, 8, 3, 6, 6]
ideal_configuration : 
 [[6. 8. 0. 0. 0. 0.]
 [3. 6. 8. 0. 0. 0.]
 [3. 3. 6. 8. 0. 0.]
 [1. 3. 3. 6. 8. 0.]
 [1. 3. 3. 6. 6. 9.]]
Centroid : {6: (2.1666666666666665, 1.6666666666666667), 9: (5.0, 0.0), 8: (2.5, 2.5), 3: (1.0, 1.2857142857142858), 1: (0.0, 0.5)}
Repeat number : 3
Original weight : [21.78, 23.32, 20.87, 20.17, 13.45, 22.88, 11.42, 23.31, 20.11, 20.31, 13.08, 8.7, 20.94, 15.26, 21.42, 13.43, 7.75, 18.12, 17.51, 18.58]
Group : [2, 3, 2, 3, 2, 3, 1, 1, 3, 0, 1, 1, 0, 2, 1, 1, 3, 1, 2, 2]
Sequence : [0, 0, 0, 0, 0, 1, 2, 3, 4, 5, 6, 7, 8, 9, 10, 11, 12, 13, 14, 15]
Scroe : [221.78, 323.32, 220.87, 320.17, 213.45, 322.88, 111.42, 123.31, 320.11, 20.31, 113.08, 108.7, 20.94, 215.26, 121.42, 113.43, 307.75, 118.12, 217.51, 218.57999999999998]
Time taken to solve the MIP model : 0.0774 seconds
min_d : 0, max_d : 9
---------------------------------
solution for: IP model
objective: 5.51323
x_0_1_0=1
x_1_2_0=1
x_2_4_0=1
x_3_1_1=1
x_4_5_0=1
x_5_2_1=1
x_6_3_0=1
x_7_4_1=1
x_8_2_2=1
x_9_0_0=1
x_10_3_1=1
x_11_3_2=1
x_12_0_1=1
x_13_4_2=1
x_14_0_2=1
x_15_0_3=1
x_16_2_3=1
x_17_5_1=1
x_18_3_3=1
x_19_3_4=1
r_0_0=1
r_0_1=1
r_0_2=1
r_0_3=1
r_1_1=1
r_2_0=1
r_2_1=1
r_2_2=1
r_2_3=1
r_3_0=1
r_3_1=1
r_3_2=1
r_3_3=1
r_3_4=1
r_4_0=1
r_4_1=1
r_4_2=1
r_5_0=1
r_5_1=1
d_0=2.833
d_1=3.000
d_2=3.500
d_3=3.000
d_4=4.500
d_5=2.000
d_6=3.286
d_7=3.286
d_8=1.000
d_9=0.500
d_10=2.286
d_11=2.714
d_12=0.500
d_13=2.167
d_14=1.714
d_15=2.714
d_16=1.000
d_17=4.286
d_18=2.167
d_19=3.167
d_x_0=1.167
d_x_1=3.000
d_x_2=1.833
d_x_3=1.500
d_x_4=2.833
d_x_5=0.500
d_x_6=2.000
d_x_7=3.000
d_x_8=0.500
d_x_10=2.000
d_x_11=2.000
d_x_13=1.833
d_x_14=1.000
d_x_15=1.000
d_x_16=0.500
d_x_17=4.000
d_x_18=0.833
d_x_19=0.833
d_y_0=1.667
d_y_2=1.667
d_y_3=1.500
d_y_4=1.667
d_y_5=1.500
d_y_6=1.286
d_y_7=0.286
d_y_8=0.500
d_y_9=0.500
d_y_10=0.286
d_y_11=0.714
d_y_12=0.500
d_y_13=0.333
d_y_14=0.714
d_y_15=1.714
d_y_16=0.500
d_y_17=0.286
d_y_18=1.333
d_y_19=2.333
normalized distance of container 0 : 0.31481481481481477
normalized distance of container 1 : 0.3333333333333333
normalized distance of container 2 : 0.3888888888888889
normalized distance of container 3 : 0.3333333333333333
normalized distance of container 4 : 0.5
normalized distance of container 5 : 0.2222222222222222
normalized distance of container 6 : 0.36507936507936495
normalized distance of container 7 : 0.36507936507936506
normalized distance of container 8 : 0.11111111111111101
normalized distance of container 9 : 0.05555555555555553
normalized distance of container 10 : 0.25396825396825395
normalized distance of container 11 : 0.3015873015873015
normalized distance of container 12 : 0.055555555555555164
normalized distance of container 13 : 0.2407407407407401
normalized distance of container 14 : 0.1904761904761902
normalized distance of container 15 : 0.3015873015873013
normalized distance of container 16 : 0.11111111111111091
normalized distance of container 17 : 0.47619047619047616
normalized distance of container 18 : 0.2407407407407397
normalized distance of container 19 : 0.3518518518518508
