Number of initial container : 5
Number of new container : 15
Total number of containers : 20
Level_num : 9
Container_level : [1, 6, 8, 6, 8, 3, 3, 6, 1, 8, 1, 6, 3, 6, 6, 1, 9, 3, 1, 1]
ideal_configuration : 
 [[6. 6. 0. 0. 0. 0.]
 [3. 6. 8. 0. 0. 0.]
 [1. 3. 6. 8. 0. 0.]
 [1. 1. 3. 6. 8. 0.]
 [1. 1. 1. 3. 6. 9.]]
Centroid : {1: (0.6666666666666666, 0.6666666666666666), 6: (1.8333333333333333, 2.3333333333333335), 8: (3.0, 2.0), 3: (1.5, 1.5), 9: (5.0, 0.0)}
Repeat number : 19
Original weight : [8.48, 21.59, 13.67, 17.84, 15.6, 8.02, 10.14, 13.8, 21.53, 11.78, 15.93, 10.73, 6.93, 11.35, 18.64, 21.83, 19.58, 18.74, 6.89, 10.79]
Group : [0, 2, 3, 2, 3, 1, 1, 2, 0, 3, 0, 2, 1, 2, 2, 0, 3, 1, 0, 0]
Sequence : [0, 0, 0, 0, 0, 1, 2, 3, 4, 5, 6, 7, 8, 9, 10, 11, 12, 13, 14, 15]
Scroe : [8.48, 221.59, 313.67, 217.84, 315.6, 108.02, 110.14, 213.8, 21.53, 311.78, 15.93, 210.73, 106.93, 211.35, 218.64, 21.83, 319.58, 118.74, 6.89, 10.79]
Time taken to solve the MIP model : 0.0705 seconds
min_d : 0, max_d : 9
---------------------------------
solution for: IP model
objective: 4.2963
x_0_2_0=1
x_1_1_0=1
x_2_2_1=1
x_3_1_1=1
x_4_2_2=1
x_5_3_0=1
x_6_3_1=1
x_7_1_2=1
x_8_4_0=1
x_9_3_2=1
x_10_0_0=1
x_11_1_3=1
x_12_4_1=1
x_13_1_4=1
x_14_2_3=1
x_15_0_1=1
x_16_5_0=1
x_17_4_2=1
x_18_0_2=1
x_19_0_3=1
r_0_0=1
r_0_1=1
r_0_2=1
r_0_3=1
r_1_0=1
r_1_1=1
r_1_2=1
r_1_3=1
r_1_4=1
r_2_1=1
r_2_2=1
r_2_3=1
r_3_0=1
r_3_1=1
r_3_2=1
r_4_1=1
r_4_2=1
d_0=2.000
d_1=3.167
d_2=2.000
d_3=2.167
d_4=1.000
d_5=3.000
d_6=2.000
d_7=1.167
d_8=4.000
d_10=1.333
d_11=1.500
d_12=3.000
d_13=2.500
d_14=0.833
d_15=1.000
d_17=3.000
d_18=2.000
d_19=3.000
d_x_0=1.333
d_x_1=0.833
d_x_2=1.000
d_x_3=0.833
d_x_4=1.000
d_x_5=1.500
d_x_6=1.500
d_x_7=0.833
d_x_8=3.333
d_x_10=0.667
d_x_11=0.833
d_x_12=2.500
d_x_13=0.833
d_x_14=0.167
d_x_15=0.667
d_x_17=2.500
d_x_18=0.667
d_x_19=0.667
d_y_0=0.667
d_y_1=2.333
d_y_2=1.000
d_y_3=1.333
d_y_5=1.500
d_y_6=0.500
d_y_7=0.333
d_y_8=0.667
d_y_10=0.667
d_y_11=0.667
d_y_12=0.500
d_y_13=1.667
d_y_14=0.667
d_y_15=0.333
d_y_17=0.500
d_y_18=1.333
d_y_19=2.333
normalized distance of container 0 : 0.2222222222222222
normalized distance of container 1 : 0.35185185185185186
normalized distance of container 2 : 0.2222222222222222
normalized distance of container 3 : 0.24074074074074078
normalized distance of container 4 : 0.1111111111111111
normalized distance of container 5 : 0.3333333333333333
normalized distance of container 6 : 0.2222222222222222
normalized distance of container 7 : 0.12962962962962965
normalized distance of container 8 : 0.44444444444444353
normalized distance of container 9 : 0.0
normalized distance of container 10 : 0.14814814814814814
normalized distance of container 11 : 0.1666666666666664
normalized distance of container 12 : 0.33333333333333254
normalized distance of container 13 : 0.27777777777777746
normalized distance of container 14 : 0.09259259259259152
normalized distance of container 15 : 0.11111111111111019
normalized distance of container 16 : 0.0
normalized distance of container 17 : 0.3333333333333329
normalized distance of container 18 : 0.22222222222221946
normalized distance of container 19 : 0.33333333333333237
