Number of initial container : 10
Number of new container : 13
Total number of containers : 23
Level_num : 9
Container_level : [3, 6, 3, 6, 3, 3, 9, 8, 1, 6, 6, 3, 8, 8, 6, 8, 8, 8, 3, 1, 3, 3, 3]
ideal_configuration : 
 [[3. 6. 8. 0. 0. 0.]
 [3. 6. 8. 8. 0. 0.]
 [3. 3. 6. 8. 9. 0.]
 [1. 3. 3. 6. 8. 0.]
 [1. 3. 3. 3. 6. 8.]]
Centroid : {3: (1.1111111111111112, 1.4444444444444444), 6: (2.2, 2.0), 9: (4.0, 2.0), 8: (3.1666666666666665, 2.1666666666666665), 1: (0.0, 0.5)}
Repeat number : 29
Original weight : [22.25, 5.04, 14.81, 21.11, 17.15, 15.58, 23.67, 18.37, 5.34, 21.54, 10.47, 17.2, 12.08, 10.21, 12.39, 5.13, 14.6, 9.42, 20.02, 8.1, 5.15, 12.48, 10.76]
Group : [1, 2, 1, 2, 1, 1, 3, 3, 0, 2, 2, 1, 3, 3, 2, 3, 3, 3, 1, 0, 1, 1, 1]
Sequence : [0, 0, 0, 0, 0, 0, 0, 0, 0, 0, 1, 2, 3, 4, 5, 6, 7, 8, 9, 10, 11, 12, 13]
Scroe : [122.25, 205.04, 114.81, 221.11, 117.15, 115.58, 323.67, 318.37, 5.34, 221.54, 210.47, 117.2, 312.08, 310.21, 212.39, 305.13, 314.6, 309.42, 120.02, 8.1, 105.15, 112.48, 110.76]
Time taken to solve the MIP model : 0.1057 seconds
min_d : 0, max_d : 9
---------------------------------
solution for: IP model
objective: 10
x_0_5_0=1
x_1_1_0=1
x_2_4_0=1
x_3_4_1=1
x_4_5_1=1
x_5_5_2=1
x_6_0_0=1
x_7_5_3=1
x_8_2_0=1
x_9_5_4=1
x_10_1_1=1
x_11_2_1=1
x_12_0_1=1
x_13_0_2=1
x_14_1_2=1
x_15_4_2=1
x_16_1_3=1
x_17_4_3=1
x_18_2_2=1
x_19_3_0=1
x_20_3_1=1
x_21_3_2=1
x_22_3_3=1
r_0_0=1
r_0_1=1
r_0_2=1
r_3_2=1
r_3_3=1
r_5_0=1
r_5_1=1
r_5_2=1
r_5_3=1
r_5_4=1
d_0=6.000
d_1=4.000
d_2=5.000
d_3=3.000
d_4=5.000
d_5=5.000
d_6=6.000
d_7=3.000
d_8=3.000
d_9=5.000
d_10=3.000
d_11=2.000
d_12=6.000
d_13=5.000
d_14=2.000
d_15=2.000
d_16=4.000
d_17=2.000
d_18=2.000
d_19=4.000
d_20=3.000
d_21=3.000
d_22=4.000
d_x_0=4.000
d_x_1=2.000
d_x_2=3.000
d_x_3=2.000
d_x_4=4.000
d_x_5=4.000
d_x_6=4.000
d_x_7=2.000
d_x_8=2.000
d_x_9=3.000
d_x_10=2.000
d_x_11=1.000
d_x_12=4.000
d_x_13=4.000
d_x_14=2.000
d_x_15=1.000
d_x_16=3.000
d_x_17=1.000
d_x_18=1.000
d_x_19=3.000
d_x_20=2.000
d_x_21=2.000
d_x_22=2.000
d_y_0=2.000
d_y_1=2.000
d_y_2=2.000
d_y_3=1.000
d_y_4=1.000
d_y_5=1.000
d_y_6=2.000
d_y_7=1.000
d_y_8=1.000
d_y_9=2.000
d_y_10=1.000
d_y_11=1.000
d_y_12=2.000
d_y_13=1.000
d_y_15=1.000
d_y_16=1.000
d_y_17=1.000
d_y_18=1.000
d_y_19=1.000
d_y_20=1.000
d_y_21=1.000
d_y_22=2.000
normalized distance of container 0 : 0.6666666666666666
normalized distance of container 1 : 0.4444444444444444
normalized distance of container 2 : 0.5555555555555556
normalized distance of container 3 : 0.3333333333333333
normalized distance of container 4 : 0.5555555555555556
normalized distance of container 5 : 0.5555555555555556
normalized distance of container 6 : 0.6666666666666666
normalized distance of container 7 : 0.3333333333333333
normalized distance of container 8 : 0.3333333333333333
normalized distance of container 9 : 0.5555555555555556
normalized distance of container 10 : 0.3333333333333333
normalized distance of container 11 : 0.2222222222222222
normalized distance of container 12 : 0.6666666666666666
normalized distance of container 13 : 0.5555555555555556
normalized distance of container 14 : 0.2222222222222222
normalized distance of container 15 : 0.2222222222222222
normalized distance of container 16 : 0.4444444444444444
normalized distance of container 17 : 0.2222222222222222
normalized distance of container 18 : 0.2222222222222222
normalized distance of container 19 : 0.4444444444444444
normalized distance of container 20 : 0.3333333333333333
normalized distance of container 21 : 0.3333333333333333
normalized distance of container 22 : 0.4444444444444444
