Number of initial container : 10
Number of new container : 13
Total number of containers : 23
Level_num : 9
Container_level : [1, 3, 3, 1, 6, 1, 6, 6, 1, 6, 1, 9, 3, 3, 3, 3, 1, 8, 3, 6, 8, 6, 1]
ideal_configuration : 
 [[3. 6. 8. 0. 0. 0.]
 [1. 3. 6. 8. 0. 0.]
 [1. 3. 3. 6. 9. 0.]
 [1. 1. 3. 3. 6. 0.]
 [1. 1. 1. 3. 6. 6.]]
Centroid : {1: (0.5714285714285714, 1.0), 3: (1.7142857142857142, 1.8571428571428572), 6: (3.1666666666666665, 1.6666666666666667), 9: (4.0, 2.0), 8: (2.5, 3.5)}
Repeat number : 27
Original weight : [15.45, 19.67, 6.96, 20.88, 15.42, 23.5, 6.86, 11.9, 10.28, 18.78, 23.8, 22.09, 23.81, 17.72, 15.94, 22.0, 20.94, 15.94, 14.44, 10.62, 5.05, 9.74, 18.78]
Group : [0, 1, 1, 0, 2, 0, 2, 2, 0, 2, 0, 3, 1, 1, 1, 1, 0, 3, 1, 2, 3, 2, 0]
Sequence : [0, 0, 0, 0, 0, 0, 0, 0, 0, 0, 1, 2, 3, 4, 5, 6, 7, 8, 9, 10, 11, 12, 13]
Scroe : [15.45, 119.67, 106.96, 20.88, 215.42, 23.5, 206.86, 211.9, 10.28, 218.78, 23.8, 322.09, 123.81, 117.72, 115.94, 122.0, 20.94, 315.94, 114.44, 210.62, 305.05, 209.74, 18.78]
Time taken to solve the MIP model : 0.1000 seconds
min_d : 0, max_d : 9
---------------------------------
solution for: IP model
objective: 7
x_0_1_0=1
x_1_3_0=1
x_2_1_1=1
x_3_5_0=1
x_4_2_0=1
x_5_0_0=1
x_6_3_1=1
x_7_5_1=1
x_8_0_1=1
x_9_2_1=1
x_10_4_0=1
x_11_2_2=1
x_12_4_1=1
x_13_1_2=1
x_14_4_2=1
x_15_1_3=1
x_16_0_2=1
x_17_5_2=1
x_18_4_3=1
x_19_3_2=1
x_20_3_3=1
x_21_1_4=1
x_22_0_3=1
r_0_0=1
r_0_1=1
r_0_2=1
r_0_3=1
r_0_4=-0
r_4_1=1
r_4_2=1
r_4_3=1
d_0=2.000
d_1=4.000
d_2=2.000
d_3=6.000
d_4=4.000
d_5=2.000
d_6=2.000
d_7=3.000
d_8=1.000
d_9=3.000
d_10=5.000
d_11=2.000
d_12=4.000
d_13=2.000
d_14=4.000
d_15=3.000
d_16=2.000
d_17=5.000
d_18=5.000
d_19=2.000
d_20=2.000
d_21=6.000
d_22=3.000
d_x_0=1.000
d_x_1=2.000
d_x_2=1.000
d_x_3=5.000
d_x_4=2.000
d_x_5=1.000
d_x_6=1.000
d_x_7=2.000
d_x_8=1.000
d_x_9=2.000
d_x_10=4.000
d_x_11=2.000
d_x_12=3.000
d_x_13=1.000
d_x_14=3.000
d_x_15=1.000
d_x_16=1.000
d_x_17=3.000
d_x_18=3.000
d_x_19=1.000
d_x_20=1.000
d_x_21=3.000
d_x_22=1.000
d_y_0=1.000
d_y_1=2.000
d_y_2=1.000
d_y_3=1.000
d_y_4=2.000
d_y_5=1.000
d_y_6=1.000
d_y_7=1.000
d_y_9=1.000
d_y_10=1.000
d_y_12=1.000
d_y_13=1.000
d_y_14=1.000
d_y_15=2.000
d_y_16=1.000
d_y_17=2.000
d_y_18=2.000
d_y_19=1.000
d_y_20=1.000
d_y_21=3.000
d_y_22=2.000
normalized distance of container 0 : 0.2222222222222222
normalized distance of container 1 : 0.4444444444444444
normalized distance of container 2 : 0.2222222222222222
normalized distance of container 3 : 0.6666666666666666
normalized distance of container 4 : 0.4444444444444444
normalized distance of container 5 : 0.2222222222222222
normalized distance of container 6 : 0.2222222222222222
normalized distance of container 7 : 0.3333333333333333
normalized distance of container 8 : 0.1111111111111111
normalized distance of container 9 : 0.3333333333333333
normalized distance of container 10 : 0.5555555555555556
normalized distance of container 11 : 0.2222222222222222
normalized distance of container 12 : 0.4444444444444444
normalized distance of container 13 : 0.2222222222222222
normalized distance of container 14 : 0.4444444444444444
normalized distance of container 15 : 0.3333333333333333
normalized distance of container 16 : 0.2222222222222222
normalized distance of container 17 : 0.5555555555555556
normalized distance of container 18 : 0.5555555555555556
normalized distance of container 19 : 0.2222222222222222
normalized distance of container 20 : 0.2222222222222222
normalized distance of container 21 : 0.6666666666666666
normalized distance of container 22 : 0.3333333333333333
