Number of initial container : 5
Number of new container : 10
Total number of containers : 15
Level_num : 9
Container_level : [7, 6, 1, 6, 2, 2, 4, 2, 9, 3, 1, 2, 7, 3, 8]
ideal_configuration : 
 [[6. 0. 0. 0. 0. 0.]
 [3. 7. 0. 0. 0. 0.]
 [2. 3. 7. 0. 0. 0.]
 [1. 2. 4. 8. 0. 0.]
 [1. 2. 2. 6. 9. 0.]]
Centroid : {7: (1.5, 2.5), 6: (1.5, 2.0), 1: (0.0, 0.5), 2: (1.0, 0.75), 4: (2.0, 1.0), 9: (4.0, 0.0), 3: (0.5, 2.5), 8: (3.0, 1.0)}
Repeat number : 5
Original weight : [20.84, 18.99, 6.7, 18.4, 8.0, 9.86, 14.06, 9.58, 23.53, 11.61, 5.51, 9.94, 20.85, 12.07, 21.75]
Group : [0, 0, 0, 0, 0, 0, 0, 0, 0, 0, 0, 0, 0, 0, 0]
Sequence : [0, 0, 0, 0, 0, 1, 2, 3, 4, 5, 6, 7, 8, 9, 10]
Scroe : [20.84, 18.99, 6.7, 18.4, 8.0, 9.86, 14.06, 9.58, 23.53, 11.61, 5.51, 9.94, 20.85, 12.07, 21.75]
Time taken to solve the MIP model : 0.0436 seconds
min_d : 0, max_d : 9
---------------------------------
solution for: IP model
objective: 2.88889
x_0_5_0=1
x_1_5_1=1
x_2_0_0=1
x_3_5_2=1
x_4_0_1=1
x_5_2_0=1
x_6_2_1=1
x_7_1_0=1
x_8_4_0=1
x_9_0_2=1
x_10_3_0=1
x_11_1_1=1
x_12_2_2=1
x_13_0_3=1
x_14_3_1=1
r_5_0=1
r_5_1=1
r_5_2=1
d_0=6.000
d_1=4.500
d_2=0.500
d_3=3.500
d_4=1.250
d_5=1.750
d_7=0.750
d_9=1.000
d_10=3.500
d_11=0.250
d_12=1.000
d_13=1.000
d_x_0=3.500
d_x_1=3.500
d_x_3=3.500
d_x_4=1.000
d_x_5=1.000
d_x_9=0.500
d_x_10=3.000
d_x_12=0.500
d_x_13=0.500
d_y_0=2.500
d_y_1=1.000
d_y_2=0.500
d_y_4=0.250
d_y_5=0.750
d_y_7=0.750
d_y_9=0.500
d_y_10=0.500
d_y_11=0.250
d_y_12=0.500
d_y_13=0.500
normalized distance of container 0 : 0.6666666666666666
normalized distance of container 1 : 0.5
normalized distance of container 2 : 0.05555555555555555
normalized distance of container 3 : 0.3888888888888889
normalized distance of container 4 : 0.1388888888888889
normalized distance of container 5 : 0.19444444444444434
normalized distance of container 6 : 0.0
normalized distance of container 7 : 0.08333333333333333
normalized distance of container 8 : 0.0
normalized distance of container 9 : 0.11111111111110913
normalized distance of container 10 : 0.3888888888888881
normalized distance of container 11 : 0.02777777777777699
normalized distance of container 12 : 0.11111111111110993
normalized distance of container 13 : 0.11111111111110913
normalized distance of container 14 : 0.0
