Number of initial container : 5
Number of new container : 10
Total number of containers : 15
Level_num : 9
Container_level : [1, 1, 3, 2, 5, 1, 6, 3, 9, 2, 8, 7, 8, 8, 3]
ideal_configuration : 
 [[7. 0. 0. 0. 0. 0.]
 [3. 8. 0. 0. 0. 0.]
 [2. 3. 8. 0. 0. 0.]
 [1. 2. 5. 8. 0. 0.]
 [1. 1. 3. 6. 9. 0.]]
Centroid : {1: (0.3333333333333333, 0.3333333333333333), 3: (1.0, 1.6666666666666667), 2: (0.5, 1.5), 5: (2.0, 1.0), 6: (3.0, 0.0), 9: (4.0, 0.0), 8: (2.0, 2.0), 7: (0.0, 4.0)}
Repeat number : 22
Original weight : [7.51, 5.36, 11.11, 7.83, 14.62, 5.44, 17.1, 11.33, 23.23, 9.12, 22.01, 19.73, 21.4, 22.17, 11.48]
Sequence : [0, 0, 0, 0, 0, 1, 2, 3, 4, 5, 6, 7, 8, 9, 10]
Emergency : [0, 0, 0, 0, 0, 0, 0, 0, 0, 0, 0, 0, 0, 0, 0]
Time taken to solve the MIP model : 0.0242 seconds
min_d : 0, max_d : 9
---------------------------------
solution for: IP model
objective: 1.37037
status: OPTIMAL_SOLUTION(2)
x_0_4_0=1
x_1_3_0=1
x_2_0_0=1
x_3_2_0=1
x_4_0_1=1
x_5_1_0=1
x_6_3_1=1
x_7_1_1=1
x_8_5_0=1
x_9_2_1=1
x_10_2_2=1
x_11_0_2=1
x_12_3_2=1
x_13_2_3=1
x_14_1_2=1
d_0=4.000
d_1=3.000
d_2=2.667
d_3=3.000
d_4=2.000
d_5=1.000
d_6=1.000
d_7=0.667
d_8=1.000
d_9=2.000
d_11=2.000
d_12=1.000
d_13=1.000
d_14=0.333
d_x_0=3.667
d_x_1=2.667
d_x_2=1.000
d_x_3=1.500
d_x_4=2.000
d_x_5=0.667
d_x_8=1.000
d_x_9=1.500
d_x_12=1.000
d_y_0=0.333
d_y_1=0.333
d_y_2=1.667
d_y_3=1.500
d_y_5=0.333
d_y_6=1.000
d_y_7=0.667
d_y_9=0.500
d_y_11=2.000
d_y_13=1.000
d_y_14=0.333
normalized distance of container 0 : 0.4444444444444444
normalized distance of container 1 : 0.3333333333333333
normalized distance of container 2 : 0.29629629629629634
normalized distance of container 3 : 0.3333333333333333
normalized distance of container 4 : 0.2222222222222222
normalized distance of container 5 : 0.11111111111111056
normalized distance of container 6 : 0.1111111111111111
normalized distance of container 7 : 0.07407407407407408
normalized distance of container 8 : 0.1111111111111111
normalized distance of container 9 : 0.22222222222222066
normalized distance of container 10 : 0.0
normalized distance of container 11 : 0.2222222222222222
normalized distance of container 12 : 0.1111111111111111
normalized distance of container 13 : 0.1111111111111111
normalized distance of container 14 : 0.03703703703703649
