Number of initial container : 5
Number of new container : 5
Total number of containers : 10
Level_num : 9
Container_level : [3, 1, 3, 1, 6, 9, 1, 3, 3, 1]
ideal_configuration : 
 [[0. 0. 0. 0. 0. 0.]
 [3. 0. 0. 0. 0. 0.]
 [1. 3. 0. 0. 0. 0.]
 [1. 3. 6. 0. 0. 0.]
 [1. 1. 3. 9. 0. 0.]]
Centroid : {3: (1.0, 1.5), 1: (0.25, 0.75), 6: (2.0, 1.0), 9: (3.0, 0.0)}
Repeat number : 21
Original weight : [12.33, 6.94, 10.3, 18.71, 20.22, 10.76, 7.36, 5.57, 9.37, 10.77]
Group : [1, 0, 1, 0, 2, 3, 0, 1, 1, 0]
Sequence : [0, 0, 0, 0, 0, 1, 2, 3, 4, 5]
Scroe : [112.33, 6.94, 110.3, 18.71, 220.22, 310.76, 7.36, 105.57, 109.37, 10.77]
Time taken to solve the MIP model : 0.0110 seconds
min_d : 0, max_d : 9
---------------------------------
solution for: IP model
objective: 2.27778
x_0_0_0=1
x_1_2_0=1
x_2_2_1=1
x_3_3_0=1
x_4_5_0=1
x_5_4_0=1
x_6_1_0=1
x_7_1_1=1
x_8_1_2=1
x_9_3_1=1
r_0_0=1
r_1_1=1
r_1_2=1
r_3_0=1
r_3_1=1
d_0=2.500
d_1=2.500
d_2=1.500
d_3=3.500
d_4=4.000
d_5=1.000
d_6=1.500
d_7=0.500
d_8=0.500
d_9=3.000
d_x_0=1.000
d_x_1=1.750
d_x_2=1.000
d_x_3=2.750
d_x_4=3.000
d_x_5=1.000
d_x_6=0.750
d_x_9=2.750
d_y_0=1.500
d_y_1=0.750
d_y_2=0.500
d_y_3=0.750
d_y_4=1.000
d_y_6=0.750
d_y_7=0.500
d_y_8=0.500
d_y_9=0.250
normalized distance of container 0 : 0.2777777777777778
normalized distance of container 1 : 0.2777777777777778
normalized distance of container 2 : 0.16666666666666666
normalized distance of container 3 : 0.3888888888888889
normalized distance of container 4 : 0.4444444444444444
normalized distance of container 5 : 0.1111111111111111
normalized distance of container 6 : 0.16666666666666666
normalized distance of container 7 : 0.055555555555555455
normalized distance of container 8 : 0.055555555555555455
normalized distance of container 9 : 0.3333333333333329
