Number of initial container : 5
Number of new container : 5
Total number of containers : 10
Level_num : 9
Container_level : [3, 6, 3, 8, 6, 6, 5, 1, 9, 3]
ideal_configuration : 
 [[0. 0. 0. 0. 0. 0.]
 [6. 0. 0. 0. 0. 0.]
 [3. 6. 0. 0. 0. 0.]
 [3. 5. 8. 0. 0. 0.]
 [1. 3. 6. 9. 0. 0.]]
Centroid : {3: (0.3333333333333333, 1.0), 6: (1.0, 1.6666666666666667), 8: (2.0, 1.0), 5: (1.0, 1.0), 1: (0.0, 0.0), 9: (3.0, 0.0)}
Repeat number : 17
Original weight : [12.23, 23.98, 7.64, 22.47, 13.59, 9.83, 8.03, 17.74, 22.48, 10.1]
Group : [1, 2, 1, 3, 2, 2, 2, 0, 3, 1]
Sequence : [0, 0, 0, 0, 0, 1, 2, 3, 4, 5]
Scroe : [112.23, 223.98, 107.64, 322.47, 213.59, 209.83, 208.03, 17.74, 322.48, 110.1]
Time taken to solve the MIP model : 0.0100 seconds
min_d : 0, max_d : 9
---------------------------------
solution for: IP model
objective: 1.74074
x_0_1_0=1
x_1_1_1=1
x_2_3_0=1
x_3_1_2=1
x_4_3_1=1
x_5_2_0=1
x_6_2_1=1
x_7_0_0=1
x_8_4_0=1
x_9_0_1=1
r_2_0=1
r_2_1=1
r_3_1=1
d_0=1.667
d_1=0.667
d_2=3.667
d_3=2.000
d_4=2.667
d_5=2.667
d_6=1.000
d_8=1.000
d_9=0.333
d_x_0=0.667
d_x_2=2.667
d_x_3=1.000
d_x_4=2.000
d_x_5=1.000
d_x_6=1.000
d_x_8=1.000
d_x_9=0.333
d_y_0=1.000
d_y_1=0.667
d_y_2=1.000
d_y_3=1.000
d_y_4=0.667
d_y_5=1.667
normalized distance of container 0 : 0.1851851851851852
normalized distance of container 1 : 0.07407407407407408
normalized distance of container 2 : 0.4074074074074074
normalized distance of container 3 : 0.2222222222222222
normalized distance of container 4 : 0.29629629629629634
normalized distance of container 5 : 0.29629629629629634
normalized distance of container 6 : 0.1111111111111111
normalized distance of container 7 : 0.0
normalized distance of container 8 : 0.1111111111111111
normalized distance of container 9 : 0.03703703703703612
