Number of initial container : 10
Number of new container : 10
Total number of containers : 20
Level_num : 9
Container_level : [6, 6, 9, 8, 7, 1, 5, 4, 3, 2, 7, 6, 8, 3, 1, 5, 8, 8, 5, 4]
ideal_configuration : 
 [[6. 8. 0. 0. 0. 0.]
 [4. 6. 8. 0. 0. 0.]
 [3. 5. 6. 8. 0. 0.]
 [1. 3. 5. 7. 8. 0.]
 [1. 2. 4. 5. 7. 9.]]
Centroid : {6: (1.0, 3.0), 9: (5.0, 0.0), 8: (2.5, 2.5), 7: (3.5, 0.5), 1: (0.0, 0.5), 5: (2.0, 1.0), 4: (1.0, 1.5), 3: (0.5, 1.5), 2: (1.0, 0.0)}
Repeat number : 27
Original weight : [17.32, 18.34, 23.14, 21.31, 20.01, 6.41, 15.84, 14.4, 12.13, 8.63, 20.31, 18.55, 22.52, 10.65, 6.77, 15.51, 21.6, 22.47, 15.3, 14.2]
Sequence : [0, 0, 0, 0, 0, 0, 0, 0, 0, 0, 1, 2, 3, 4, 5, 6, 7, 8, 9, 10]
Emergency : [0, 0, 0, 0, 0, 0, 0, 0, 0, 0, 0, 0, 0, 0, 0, 0, 0, 0, 0, 0]
Time taken to solve the MIP model : 0.0721 seconds
min_d : 0, max_d : 9
---------------------------------
solution for: IP model
objective: 10
status: OPTIMAL_SOLUTION(2)
x_0_4_0=1
x_1_1_0=1
x_2_5_0=1
x_3_0_0=1
x_4_4_1=1
x_5_5_1=1
x_6_5_2=1
x_7_5_3=1
x_8_5_4=1
x_9_4_2=1
x_10_4_3=1
x_11_1_1=1
x_12_0_1=1
x_13_2_0=1
x_14_3_0=1
x_15_3_1=1
x_16_1_2=1
x_17_3_2=1
x_18_2_1=1
x_19_4_4=1
r_4_0=1
r_4_1=1
r_4_2=1
r_4_3=1
r_4_4=1
r_5_0=1
r_5_1=1
r_5_2=1
r_5_3=1
r_5_4=1
d_0=6.000
d_1=3.000
d_3=5.000
d_4=1.000
d_5=5.500
d_6=4.000
d_7=5.500
d_8=7.000
d_9=5.000
d_10=4.000
d_11=2.000
d_12=5.000
d_13=4.000
d_14=4.000
d_15=1.000
d_16=3.000
d_17=2.000
d_19=6.000
d_x_0=3.000
d_x_3=2.500
d_x_4=0.500
d_x_5=5.000
d_x_6=3.000
d_x_7=4.000
d_x_8=4.500
d_x_9=3.000
d_x_10=1.000
d_x_12=3.000
d_x_13=2.000
d_x_14=3.000
d_x_15=1.000
d_x_16=2.000
d_x_17=1.000
d_x_19=3.000
d_y_0=3.000
d_y_1=3.000
d_y_3=2.500
d_y_4=0.500
d_y_5=0.500
d_y_6=1.000
d_y_7=1.500
d_y_8=2.500
d_y_9=2.000
d_y_10=3.000
d_y_11=2.000
d_y_12=2.000
d_y_13=2.000
d_y_14=1.000
d_y_16=1.000
d_y_17=1.000
d_y_19=3.000
normalized distance of container 0 : 0.6666666666666666
normalized distance of container 1 : 0.3333333333333333
normalized distance of container 2 : 0.0
normalized distance of container 3 : 0.5555555555555556
normalized distance of container 4 : 0.1111111111111111
normalized distance of container 5 : 0.6111111111111112
normalized distance of container 6 : 0.4444444444444444
normalized distance of container 7 : 0.6111111111111112
normalized distance of container 8 : 0.7777777777777778
normalized distance of container 9 : 0.5555555555555556
normalized distance of container 10 : 0.4444444444444444
normalized distance of container 11 : 0.2222222222222222
normalized distance of container 12 : 0.5555555555555556
normalized distance of container 13 : 0.4444444444444444
normalized distance of container 14 : 0.4444444444444444
normalized distance of container 15 : 0.1111111111111111
normalized distance of container 16 : 0.3333333333333333
normalized distance of container 17 : 0.2222222222222222
normalized distance of container 18 : 0.0
normalized distance of container 19 : 0.6666666666666666
