Number of initial container : 10
Number of new container : 10
Total number of containers : 20
Level_num : 9
Container_level : [3, 1, 1, 1, 1, 1, 3, 7, 6, 4, 8, 4, 1, 6, 3, 8, 7, 2, 9, 5]
ideal_configuration : 
 [[4. 7. 0. 0. 0. 0.]
 [2. 4. 7. 0. 0. 0.]
 [1. 3. 5. 8. 0. 0.]
 [1. 1. 3. 6. 8. 0.]
 [1. 1. 1. 3. 6. 9.]]
Centroid : {3: (2.0, 1.0), 1: (0.6666666666666666, 0.6666666666666666), 7: (1.5, 3.5), 6: (3.5, 0.5), 4: (0.5, 3.5), 8: (3.5, 1.5), 2: (0.0, 3.0), 9: (5.0, 0.0), 5: (2.0, 2.0)}
Repeat number : 2
Original weight : [10.7, 6.62, 7.48, 5.56, 7.22, 6.16, 11.99, 20.05, 17.76, 13.93, 21.42, 14.19, 6.35, 17.93, 11.7, 21.42, 18.81, 9.43, 22.82, 14.67]
Sequence : [0, 0, 0, 0, 0, 0, 0, 0, 0, 0, 1, 2, 3, 4, 5, 6, 7, 8, 9, 10]
Emergency : [0, 0, 0, 0, 0, 0, 0, 0, 0, 0, 0, 0, 0, 0, 0, 0, 0, 0, 0, 0]
Time taken to solve the MIP model : 0.0119 seconds
min_d : 0, max_d : 9
---------------------------------
solution for: IP model
objective: 4
status: OPTIMAL_SOLUTION(2)
x_0_0_0=1
x_1_5_0=1
x_2_2_0=1
x_3_1_0=1
x_4_4_0=1
x_5_0_1=1
x_6_1_1=1
x_7_0_2=1
x_8_4_1=1
x_9_0_3=1
x_10_5_1=1
x_11_1_2=1
x_12_3_0=1
x_13_1_3=1
x_14_3_1=1
x_15_1_4=1
x_16_4_2=1
x_17_2_1=1
x_18_3_2=1
x_19_2_2=1
r_0_0=1
r_0_1=1
r_0_2=1
r_0_3=1
d_0=3.000
d_1=5.000
d_2=2.000
d_3=1.000
d_4=4.000
d_5=1.000
d_6=1.000
d_7=3.000
d_8=1.000
d_9=1.000
d_10=3.000
d_11=3.000
d_12=4.000
d_13=6.000
d_14=1.000
d_15=6.000
d_16=5.000
d_17=4.000
d_18=4.000
d_x_0=2.000
d_x_1=4.333
d_x_2=1.333
d_x_3=0.333
d_x_4=3.333
d_x_5=0.667
d_x_6=1.000
d_x_7=1.500
d_x_8=0.500
d_x_9=0.500
d_x_10=2.000
d_x_11=1.000
d_x_12=3.000
d_x_13=3.000
d_x_14=1.000
d_x_15=3.000
d_x_16=3.000
d_x_17=2.000
d_x_18=2.000
d_y_0=1.000
d_y_1=0.667
d_y_2=0.667
d_y_3=0.667
d_y_4=0.667
d_y_5=0.333
d_y_7=1.500
d_y_8=0.500
d_y_9=0.500
d_y_10=1.000
d_y_11=2.000
d_y_12=1.000
d_y_13=3.000
d_y_15=3.000
d_y_16=2.000
d_y_17=2.000
d_y_18=2.000
normalized distance of container 0 : 0.3333333333333333
normalized distance of container 1 : 0.5555555555555556
normalized distance of container 2 : 0.2222222222222222
normalized distance of container 3 : 0.1111111111111111
normalized distance of container 4 : 0.4444444444444444
normalized distance of container 5 : 0.1111111111111111
normalized distance of container 6 : 0.1111111111111111
normalized distance of container 7 : 0.3333333333333333
normalized distance of container 8 : 0.1111111111111111
normalized distance of container 9 : 0.1111111111111111
normalized distance of container 10 : 0.3333333333333333
normalized distance of container 11 : 0.3333333333333333
normalized distance of container 12 : 0.4444444444444444
normalized distance of container 13 : 0.6666666666666666
normalized distance of container 14 : 0.1111111111111111
normalized distance of container 15 : 0.6666666666666666
normalized distance of container 16 : 0.5555555555555556
normalized distance of container 17 : 0.4444444444444444
normalized distance of container 18 : 0.4444444444444444
normalized distance of container 19 : 0.0
