Number of initial container : 5
Number of new container : 20
Total number of containers : 25
Level_num : 9
Container_level : [8, 6, 1, 3, 6, 1, 3, 3, 6, 1, 6, 3, 6, 1, 6, 3, 8, 1, 8, 6, 1, 9, 8, 1, 1]
ideal_configuration : 
 [[3. 6. 8. 9. 0. 0.]
 [1. 3. 6. 8. 0. 0.]
 [1. 1. 3. 6. 8. 0.]
 [1. 1. 3. 6. 6. 8.]
 [1. 1. 1. 3. 6. 6.]]
Centroid : {8: (3.5, 2.5), 6: (3.142857142857143, 1.5714285714285714), 1: (0.625, 1.125), 3: (1.6, 2.0), 9: (3.0, 4.0)}
Repeat number : 4
Original weight : [5.15, 19.78, 6.38, 17.16, 14.98, 12.46, 14.26, 23.22, 11.61, 20.6, 13.77, 9.13, 19.34, 21.71, 7.17, 7.43, 12.22, 9.8, 9.45, 23.97, 6.36, 23.23, 20.01, 8.58, 19.14]
Group : [3, 2, 0, 1, 2, 0, 1, 1, 2, 0, 2, 1, 2, 0, 2, 1, 3, 0, 3, 2, 0, 3, 3, 0, 0]
Sequence : [0, 0, 0, 0, 0, 1, 2, 3, 4, 5, 6, 7, 8, 9, 10, 11, 12, 13, 14, 15, 16, 17, 18, 19, 20]
Scroe : [305.15, 219.78, 6.38, 117.16, 214.98, 12.46, 114.26, 123.22, 211.61, 20.6, 213.77, 109.13, 219.34, 21.71, 207.17, 107.43, 312.22, 9.8, 309.45, 223.97, 6.36, 323.23, 320.01, 8.58, 19.14]
Time taken to solve the MIP model : 0.1726 seconds
min_d : 0, max_d : 9
---------------------------------
solution for: IP model
objective: 7.78016
x_0_3_0=1
x_1_1_0=1
x_2_4_0=1
x_3_4_1=1
x_4_0_0=1
x_5_2_0=1
x_6_4_2=1
x_7_1_1=1
x_8_3_1=1
x_9_2_1=1
x_10_1_2=1
x_11_2_2=1
x_12_0_1=1
x_13_5_0=1
x_14_3_2=1
x_15_2_3=1
x_16_4_3=1
x_17_2_4=1
x_18_3_3=1
x_19_1_3=1
x_20_5_1=1
x_21_3_4=1
x_22_4_4=1
x_23_5_2=1
x_24_5_3=1
r_0_0=1
r_0_1=1
r_1_0=1
r_1_1=1
r_1_2=1
r_1_3=1
r_2_0=1
r_2_1=1
r_2_2=1
r_2_3=1
r_2_4=1
r_3_0=1
r_3_1=1
r_3_2=1
r_3_3=1
r_3_4=1
r_4_1=1
r_4_2=1
r_4_3=1
r_4_4=1
r_5_0=1
r_5_1=1
r_5_2=1
r_5_3=1
d_0=3.000
d_1=3.714
d_2=4.500
d_3=3.400
d_4=4.714
d_5=2.500
d_6=2.400
d_7=1.600
d_8=0.714
d_9=1.500
d_10=2.571
d_11=0.400
d_12=3.714
d_13=5.500
d_14=0.571
d_15=1.400
d_16=1.000
d_17=4.250
d_18=1.000
d_19=3.571
d_20=4.500
d_22=2.000
d_23=5.250
d_24=6.250
d_x_0=0.500
d_x_1=2.143
d_x_2=3.375
d_x_3=2.400
d_x_4=3.143
d_x_5=1.375
d_x_6=2.400
d_x_7=0.600
d_x_8=0.143
d_x_9=1.375
d_x_10=2.143
d_x_11=0.400
d_x_12=3.143
d_x_13=4.375
d_x_14=0.143
d_x_15=0.400
d_x_16=0.500
d_x_17=1.375
d_x_18=0.500
d_x_19=2.143
d_x_20=4.375
d_x_22=0.500
d_x_23=4.375
d_x_24=4.375
d_y_0=2.500
d_y_1=1.571
d_y_2=1.125
d_y_3=1.000
d_y_4=1.571
d_y_5=1.125
d_y_7=1.000
d_y_8=0.571
d_y_9=0.125
d_y_10=0.429
d_y_12=0.571
d_y_13=1.125
d_y_14=0.429
d_y_15=1.000
d_y_16=0.500
d_y_17=2.875
d_y_18=0.500
d_y_19=1.429
d_y_20=0.125
d_y_22=1.500
d_y_23=0.875
d_y_24=1.875
normalized distance of container 0 : 0.3333333333333333
normalized distance of container 1 : 0.41269841269841273
normalized distance of container 2 : 0.5
normalized distance of container 3 : 0.37777777777777777
normalized distance of container 4 : 0.5238095238095238
normalized distance of container 5 : 0.2777777777777778
normalized distance of container 6 : 0.26666666666666666
normalized distance of container 7 : 0.17777777777777778
normalized distance of container 8 : 0.07936507936507936
normalized distance of container 9 : 0.16666666666666666
normalized distance of container 10 : 0.28571428571428514
normalized distance of container 11 : 0.04444444444444443
normalized distance of container 12 : 0.41269841269841273
normalized distance of container 13 : 0.6111111111111112
normalized distance of container 14 : 0.06349206349206253
normalized distance of container 15 : 0.15555555555555556
normalized distance of container 16 : 0.11111111111111091
normalized distance of container 17 : 0.47222222222222204
normalized distance of container 18 : 0.11111111111111091
normalized distance of container 19 : 0.3968253968253958
normalized distance of container 20 : 0.5
normalized distance of container 21 : 0.0
normalized distance of container 22 : 0.22222222222222202
normalized distance of container 23 : 0.5833333333333331
normalized distance of container 24 : 0.6944444444444444
