Number of initial container : 3
Number of new container : 2
Total number of containers : 5
Level_num : 9
Container_level : [6, 9, 7, 1, 6]
ideal_configuration : 
 [[0. 0. 0. 0. 0. 0.]
 [0. 0. 0. 0. 0. 0.]
 [7. 0. 0. 0. 0. 0.]
 [6. 9. 0. 0. 0. 0.]
 [1. 6. 0. 0. 0. 0.]]
Centroid : {6: (0.5, 0.5), 9: (1.0, 1.0), 7: (0.0, 2.0), 1: (0.0, 0.0)}
Repeat number : 15
Original weight : [20.19, 23.39, 20.94, 12.12, 20.07]
Sequence : [0, 0, 0, 1, 2]
Emergency : [0, 0, 0, 0, 0]
Time taken to solve the MIP model : 0.0030 seconds
min_d : 0, max_d : 9
---------------------------------
solution for: IP model
objective: 1.55556
status: OPTIMAL_SOLUTION(2)
x_0_5_0=1
x_1_0_0=1
x_2_3_0=1
x_3_1_0=1
x_4_0_1=1
r_0_0=1
r_0_1=1
r_3_0=1
r_5_0=1
d_0=5.000
d_1=2.000
d_2=5.000
d_3=1.000
d_4=1.000
d_x_0=4.500
d_x_1=1.000
d_x_2=3.000
d_x_3=1.000
d_x_4=0.500
d_y_0=0.500
d_y_1=1.000
d_y_2=2.000
d_y_4=0.500
normalized distance of container 0 : 0.5555555555555556
normalized distance of container 1 : 0.2222222222222222
normalized distance of container 2 : 0.5555555555555556
normalized distance of container 3 : 0.1111111111111111
normalized distance of container 4 : 0.11111111111111012
