Number of initial container : 5
Number of new container : 20
Total number of containers : 25
Level_num : 9
Container_level : [1, 3, 1, 1, 3, 3, 3, 6, 3, 9, 6, 8, 1, 1, 6, 6, 8, 3, 4, 1, 3, 8, 3, 1, 3]
ideal_configuration : 
 [[3. 3. 6. 9. 0. 0.]
 [1. 3. 4. 8. 0. 0.]
 [1. 3. 3. 6. 8. 0.]
 [1. 1. 3. 3. 6. 8.]
 [1. 1. 1. 3. 3. 6.]]
Centroid : {1: (0.5714285714285714, 1.0), 3: (1.8888888888888888, 1.8888888888888888), 6: (3.5, 1.75), 9: (3.0, 4.0), 8: (4.0, 2.0), 4: (2.0, 3.0)}
Repeat number : 13
Original weight : [20.7, 8.26, 5.33, 16.86, 8.33, 5.99, 17.5, 11.65, 12.72, 14.68, 20.61, 9.34, 17.21, 6.95, 10.44, 19.05, 8.79, 5.22, 23.76, 7.12, 19.12, 7.36, 13.37, 16.68, 10.85]
Group : [0, 1, 0, 0, 1, 1, 1, 2, 1, 3, 2, 3, 0, 0, 2, 2, 3, 1, 1, 0, 1, 3, 1, 0, 1]
Sequence : [0, 0, 0, 0, 0, 1, 2, 3, 4, 5, 6, 7, 8, 9, 10, 11, 12, 13, 14, 15, 16, 17, 18, 19, 20]
Scroe : [20.7, 108.26, 5.33, 16.86, 108.33, 105.99, 117.5, 211.65, 112.72, 314.68, 220.61, 309.34, 17.21, 6.95, 210.44, 219.05, 308.79, 105.22, 123.76, 7.12, 119.12, 307.36, 113.37, 16.68, 110.85]
Time taken to solve the MIP model : 19.3380 seconds
min_d : 0, max_d : 9
---------------------------------
solution for: IP model
objective: 3.55952
x_0_1_0=1
x_1_1_1=1
x_2_0_0=1
x_3_2_0=1
x_4_5_0=1
x_5_3_0=1
x_6_3_1=1
x_7_3_2=1
x_8_1_2=1
x_9_3_3=1
x_10_5_1=1
x_11_5_2=1
x_12_2_1=1
x_13_0_1=1
x_14_4_0=1
x_15_4_1=1
x_16_4_2=1
x_17_2_2=1
x_18_2_3=1
x_19_0_2=1
x_20_1_3=1
x_21_2_4=1
x_22_1_4=1
x_23_0_3=1
x_24_0_4=1
r_1_3=1
r_1_4=1
d_0=1.429
d_1=1.778
d_2=1.571
d_3=2.429
d_4=5.000
d_5=3.000
d_6=2.000
d_7=0.750
d_8=1.000
d_9=1.000
d_10=2.250
d_11=1.000
d_12=1.429
d_13=0.571
d_14=2.250
d_15=1.250
d_17=0.222
d_19=1.571
d_20=2.000
d_21=4.000
d_22=3.000
d_23=2.571
d_24=4.000
d_x_0=0.429
d_x_1=0.889
d_x_2=0.571
d_x_3=1.429
d_x_4=3.111
d_x_5=1.111
d_x_6=1.111
d_x_7=0.500
d_x_8=0.889
d_x_10=1.500
d_x_11=1.000
d_x_12=1.429
d_x_13=0.571
d_x_14=0.500
d_x_15=0.500
d_x_17=0.111
d_x_19=0.571
d_x_20=0.889
d_x_21=2.000
d_x_22=0.889
d_x_23=0.571
d_x_24=1.889
d_y_0=1.000
d_y_1=0.889
d_y_2=1.000
d_y_3=1.000
d_y_4=1.889
d_y_5=1.889
d_y_6=0.889
d_y_7=0.250
d_y_8=0.111
d_y_9=1.000
d_y_10=0.750
d_y_14=1.750
d_y_15=0.750
d_y_17=0.111
d_y_19=1.000
d_y_20=1.111
d_y_21=2.000
d_y_22=2.111
d_y_23=2.000
d_y_24=2.111
normalized distance of container 0 : 0.15873015873015872
normalized distance of container 1 : 0.19753086419753085
normalized distance of container 2 : 0.1746031746031746
normalized distance of container 3 : 0.2698412698412699
normalized distance of container 4 : 0.5555555555555556
normalized distance of container 5 : 0.3333333333333331
normalized distance of container 6 : 0.22222222222222177
normalized distance of container 7 : 0.08333333333333294
normalized distance of container 8 : 0.11111111111111066
normalized distance of container 9 : 0.1111111111111111
normalized distance of container 10 : 0.2499999999999998
normalized distance of container 11 : 0.1111111111111111
normalized distance of container 12 : 0.1587301587301574
normalized distance of container 13 : 0.06349206349206245
normalized distance of container 14 : 0.2499999999999998
normalized distance of container 15 : 0.1388888888888887
normalized distance of container 16 : 0.0
normalized distance of container 17 : 0.024691358024690087
normalized distance of container 18 : 0.0
normalized distance of container 19 : 0.17460317460317357
normalized distance of container 20 : 0.2222222222222222
normalized distance of container 21 : 0.4444444444444444
normalized distance of container 22 : 0.33333333333333287
normalized distance of container 23 : 0.2857142857142857
normalized distance of container 24 : 0.444444444444444
