Number of initial container : 0
Number of new container : 15
Total number of containers : 15
Level_num : 9
Container_level : [8, 1, 4, 5, 5, 8, 1, 7, 9, 2, 5, 6, 3, 8, 2]
ideal_configuration : 
 [[7. 0. 0. 0. 0. 0.]
 [5. 8. 0. 0. 0. 0.]
 [2. 5. 8. 0. 0. 0.]
 [1. 3. 5. 8. 0. 0.]
 [1. 2. 4. 6. 9. 0.]]
Centroid : {8: (3.0, 2.0), 1: (1.0, 0.5), 4: (3.0, 0.0), 5: (2.0, 2.0), 7: (1.0, 4.0), 9: (5.0, 0.0), 2: (1.5, 1.0), 6: (4.0, 0.0), 3: (2.0, 1.0)}
Repeat number : 25
Original weight : [21.58, 7.15, 14.26, 16.64, 15.39, 22.35, 7.81, 21.01, 23.08, 9.85, 16.64, 19.09, 13.07, 22.52, 10.3]
Sequence : [1, 2, 3, 4, 5, 6, 7, 8, 9, 10, 11, 12, 13, 14, 15]
Emergency : [0, 0, 0, 0, 0, 0, 0, 0, 0, 0, 0, 0, 0, 0, 0]
Time taken to solve the MIP model : 0.1334 seconds
min_d : 0, max_d : 9
---------------------------------
solution for: IP model
objective: 1.55556
x_1_2_0=1
x_2_2_1=1
x_3_3_0=1
x_4_2_2=1
x_5_2_3=1
x_6_3_1=1
x_7_1_0=1
x_8_2_4=1
x_9_5_0=1
x_10_1_1=1
x_11_3_2=1
x_12_4_0=1
x_13_4_1=1
x_14_3_3=1
x_15_1_2=1
r_1_1=1
r_1_2=1
r_2_0=1
r_2_1=1
r_2_2=1
r_2_3=1
r_2_4=1
r_3_1=1
r_3_2=1
r_3_3=1
r_4_0=1
r_4_1=1
d_1=3.000
d_2=1.500
d_5=1.000
d_6=1.000
d_7=0.500
d_8=1.000
d_10=0.500
d_11=1.000
d_13=2.000
d_14=1.000
d_15=1.500
d_x_1=1.000
d_x_2=1.000
d_x_8=1.000
d_x_10=0.500
d_x_11=1.000
d_x_13=2.000
d_x_15=0.500
d_y_1=2.000
d_y_2=0.500
d_y_5=1.000
d_y_6=1.000
d_y_7=0.500
d_y_14=1.000
d_y_15=1.000
normalized distance of container 1 : 0.3333333333333333
normalized distance of container 2 : 0.16666666666666666
normalized distance of container 3 : 0.0
normalized distance of container 4 : 0.0
normalized distance of container 5 : 0.1111111111111111
normalized distance of container 6 : 0.1111111111111111
normalized distance of container 7 : 0.05555555555555555
normalized distance of container 8 : 0.1111111111111111
normalized distance of container 9 : 0.0
normalized distance of container 10 : 0.05555555555555555
normalized distance of container 11 : 0.1111111111111111
normalized distance of container 12 : 0.0
normalized distance of container 13 : 0.2222222222222222
normalized distance of container 14 : 0.1111111111111111
normalized distance of container 15 : 0.16666666666666666
