Number of initial container : 0
Number of new container : 15
Total number of containers : 15
Level_num : 9
Container_level : [3, 5, 2, 6, 1, 7, 8, 5, 1, 8, 5, 2, 1, 3, 9]
ideal_configuration : 
 [[6. 0. 0. 0. 0. 0.]
 [3. 7. 0. 0. 0. 0.]
 [2. 5. 8. 0. 0. 0.]
 [1. 2. 5. 8. 0. 0.]
 [1. 1. 3. 5. 9. 0.]]
Centroid : {3: (2.0, 1.5), 5: (3.0, 1.0), 2: (1.5, 1.5), 6: (1.0, 4.0), 1: (1.3333333333333333, 0.3333333333333333), 7: (2.0, 3.0), 8: (3.5, 1.5), 9: (5.0, 0.0)}
Repeat number : 12
Original weight : [9.69, 14.29, 7.43, 15.61, 6.26, 17.79, 20.45, 13.71, 5.8, 20.01, 13.58, 8.1, 5.05, 9.11, 20.46]
Sequence : [1, 2, 3, 4, 5, 6, 7, 8, 9, 10, 11, 12, 13, 14, 15]
Emergency : [0, 0, 0, 0, 0, 0, 0, 0, 0, 0, 0, 0, 0, 0, 0]
Time taken to solve the MIP model : 0.5469 seconds
min_d : 0, max_d : 9
---------------------------------
solution for: IP model
objective: 1.96296
status: OPTIMAL_SOLUTION(2)
x_1_2_0=1
x_2_2_1=1
x_3_2_2=1
x_4_2_3=1
x_5_1_0=1
x_6_2_4=1
x_7_4_0=1
x_8_3_0=1
x_9_1_1=1
x_10_4_1=1
x_11_3_1=1
x_12_1_2=1
x_13_1_3=1
x_14_3_2=1
x_15_5_0=1
r_1_0=1
r_1_1=1
r_1_2=1
r_1_3=1
r_2_0=1
r_2_1=1
r_2_2=1
r_2_3=1
r_2_4=1
r_3_0=1
r_3_1=1
r_3_2=1
r_4_0=1
r_4_1=1
d_1=1.500
d_2=1.000
d_3=1.000
d_4=2.000
d_5=0.667
d_6=1.000
d_7=2.000
d_8=1.000
d_9=1.000
d_10=1.000
d_12=1.000
d_13=3.000
d_14=1.500
d_x_2=1.000
d_x_3=0.500
d_x_4=1.000
d_x_5=0.333
d_x_7=0.500
d_x_9=0.333
d_x_10=0.500
d_x_12=0.500
d_x_13=0.333
d_x_14=1.000
d_y_1=1.500
d_y_3=0.500
d_y_4=1.000
d_y_5=0.333
d_y_6=1.000
d_y_7=1.500
d_y_8=1.000
d_y_9=0.667
d_y_10=0.500
d_y_12=0.500
d_y_13=2.667
d_y_14=0.500
normalized distance of container 1 : 0.16666666666666666
normalized distance of container 2 : 0.1111111111111111
normalized distance of container 3 : 0.11111111111111101
normalized distance of container 4 : 0.2222222222222222
normalized distance of container 5 : 0.07407407407407406
normalized distance of container 6 : 0.1111111111111111
normalized distance of container 7 : 0.2222222222222222
normalized distance of container 8 : 0.1111111111111111
normalized distance of container 9 : 0.11111111111110926
normalized distance of container 10 : 0.1111111111111111
normalized distance of container 11 : 0.0
normalized distance of container 12 : 0.11111111111111033
normalized distance of container 13 : 0.3333333333333315
normalized distance of container 14 : 0.16666666666666588
normalized distance of container 15 : 0.0
