Number of initial container : 0
Number of new container : 15
Total number of containers : 15
Level_num : 9
Container_level : [6, 5, 4, 8, 2, 1, 2, 2, 5, 7, 1, 6, 9, 5, 8]
ideal_configuration : 
 [[6. 0. 0. 0. 0. 0.]
 [5. 7. 0. 0. 0. 0.]
 [2. 5. 8. 0. 0. 0.]
 [1. 2. 5. 8. 0. 0.]
 [1. 2. 4. 6. 9. 0.]]
Centroid : {6: (2.5, 2.0), 5: (2.0, 2.0), 4: (3.0, 0.0), 8: (3.5, 1.5), 2: (1.6666666666666667, 1.0), 1: (1.0, 0.5), 7: (2.0, 3.0), 9: (5.0, 0.0)}
Repeat number : 21
Original weight : [19.08, 16.91, 14.74, 22.28, 10.22, 6.62, 8.92, 10.83, 16.8, 20.99, 7.65, 17.82, 23.49, 15.84, 21.96]
Sequence : [1, 2, 3, 4, 5, 6, 7, 8, 9, 10, 11, 12, 13, 14, 15]
Emergency : [0, 0, 0, 0, 0, 0, 0, 0, 0, 0, 0, 0, 0, 0, 0]
Time taken to solve the MIP model : 0.1565 seconds
min_d : 0, max_d : 9
---------------------------------
solution for: IP model
objective: 1.59259
x_1_4_0=1
x_2_2_0=1
x_3_3_0=1
x_4_4_1=1
x_5_2_1=1
x_6_1_0=1
x_7_3_1=1
x_8_1_1=1
x_9_2_2=1
x_10_2_3=1
x_11_1_2=1
x_12_3_2=1
x_13_5_0=1
x_14_1_3=1
x_15_4_2=1
r_1_1=1
r_1_2=1
r_1_3=1
r_2_0=1
r_2_1=1
r_2_2=1
r_2_3=1
r_3_0=1
r_3_1=1
r_3_2=1
r_4_1=1
r_4_2=1
d_1=3.500
d_2=2.000
d_4=1.000
d_5=0.333
d_6=0.500
d_7=1.333
d_8=0.667
d_11=1.500
d_12=0.500
d_14=2.000
d_15=1.000
d_x_1=1.500
d_x_4=0.500
d_x_5=0.333
d_x_7=1.333
d_x_8=0.667
d_x_12=0.500
d_x_14=1.000
d_x_15=0.500
d_y_1=2.000
d_y_2=2.000
d_y_4=0.500
d_y_6=0.500
d_y_11=1.500
d_y_14=1.000
d_y_15=0.500
normalized distance of container 1 : 0.3888888888888889
normalized distance of container 2 : 0.2222222222222222
normalized distance of container 3 : 0.0
normalized distance of container 4 : 0.1111111111111111
normalized distance of container 5 : 0.03703703703703703
normalized distance of container 6 : 0.05555555555555555
normalized distance of container 7 : 0.14814814814814814
normalized distance of container 8 : 0.07407407407407408
normalized distance of container 9 : 0.0
normalized distance of container 10 : 0.0
normalized distance of container 11 : 0.16666666666666508
normalized distance of container 12 : 0.05555555555555555
normalized distance of container 13 : 0.0
normalized distance of container 14 : 0.2222222222222222
normalized distance of container 15 : 0.1111111111111111
