Number of initial container : 3
Number of new container : 20
Total number of containers : 23
Level_num : 9
Container_level : [1, 8, 6, 3, 9, 5, 4, 2, 6, 7, 4, 3, 2, 8, 7, 6, 6, 7, 6, 6, 1, 8, 8]
ideal_configuration : 
 [[6. 7. 8. 0. 0. 0.]
 [4. 6. 7. 8. 0. 0.]
 [2. 4. 6. 7. 9. 0.]
 [1. 3. 5. 6. 8. 0.]
 [1. 2. 3. 6. 6. 8.]]
Centroid : {1: (0.0, 0.5), 8: (3.5, 2.0), 6: (2.1666666666666665, 1.6666666666666667), 3: (1.5, 0.5), 9: (4.0, 2.0), 5: (2.0, 1.0), 4: (0.5, 2.5), 2: (0.5, 1.0), 7: (2.0, 3.0)}
Repeat number : 29
Original weight : [6.72, 21.86, 17.08, 12.77, 23.08, 16.14, 14.44, 9.1, 17.27, 19.11, 13.02, 12.77, 10.51, 21.04, 20.18, 17.94, 17.88, 19.97, 18.2, 17.81, 7.93, 22.03, 22.63]
Group : [0, 0, 0, 0, 0, 0, 0, 0, 0, 0, 0, 0, 0, 0, 0, 0, 0, 0, 0, 0, 0, 0, 0]
Sequence : [0, 0, 0, 1, 2, 3, 4, 5, 6, 7, 8, 9, 10, 11, 12, 13, 14, 15, 16, 17, 18, 19, 20]
Scroe : [6.72, 21.86, 17.08, 12.77, 23.08, 16.14, 14.44, 9.1, 17.27, 19.11, 13.02, 12.77, 10.51, 21.04, 20.18, 17.94, 17.88, 19.97, 18.2, 17.81, 7.93, 22.03, 22.63]
Time taken to solve the MIP model : 24.0865 seconds
min_d : 0, max_d : 9
---------------------------------
solution for: IP model
objective: 4
x_0_5_0=1
x_1_2_0=1
x_2_4_0=1
x_3_0_0=1
x_4_2_1=1
x_5_1_0=1
x_6_5_1=1
x_7_3_0=1
x_8_4_1=1
x_9_4_2=1
x_10_0_1=1
x_11_3_1=1
x_12_5_2=1
x_13_4_3=1
x_14_5_3=1
x_15_0_2=1
x_16_1_1=1
x_17_0_3=1
x_18_1_2=1
x_19_3_2=1
x_20_5_4=1
x_21_0_4=1
x_22_4_4=1
r_5_1=1
r_5_2=1
r_5_3=1
r_5_4=1
d_0=5.500
d_1=3.500
d_2=3.500
d_3=3.000
d_4=3.000
d_5=2.000
d_6=7.000
d_7=4.000
d_8=3.000
d_9=3.000
d_10=3.000
d_11=3.000
d_12=6.000
d_13=2.000
d_14=3.000
d_15=4.000
d_16=3.000
d_17=2.000
d_18=3.000
d_19=2.000
d_20=9.000
d_21=6.000
d_22=3.000
d_x_0=5.000
d_x_1=1.500
d_x_2=1.833
d_x_3=2.000
d_x_4=2.000
d_x_5=1.000
d_x_6=5.000
d_x_7=3.000
d_x_8=2.000
d_x_9=2.000
d_x_10=1.000
d_x_11=2.000
d_x_12=5.000
d_x_13=1.000
d_x_14=3.000
d_x_15=3.000
d_x_16=2.000
d_x_17=2.000
d_x_18=2.000
d_x_19=1.000
d_x_20=5.000
d_x_21=4.000
d_x_22=1.000
d_y_0=0.500
d_y_1=2.000
d_y_2=1.667
d_y_3=1.000
d_y_4=1.000
d_y_5=1.000
d_y_6=2.000
d_y_7=1.000
d_y_8=1.000
d_y_9=1.000
d_y_10=2.000
d_y_11=1.000
d_y_12=1.000
d_y_13=1.000
d_y_15=1.000
d_y_16=1.000
d_y_18=1.000
d_y_19=1.000
d_y_20=4.000
d_y_21=2.000
d_y_22=2.000
normalized distance of container 0 : 0.6111111111111112
normalized distance of container 1 : 0.3888888888888889
normalized distance of container 2 : 0.3888888888888889
normalized distance of container 3 : 0.3333333333333333
normalized distance of container 4 : 0.3333333333333333
normalized distance of container 5 : 0.2222222222222222
normalized distance of container 6 : 0.7777777777777778
normalized distance of container 7 : 0.4444444444444444
normalized distance of container 8 : 0.3333333333333333
normalized distance of container 9 : 0.3333333333333333
normalized distance of container 10 : 0.3333333333333333
normalized distance of container 11 : 0.3333333333333333
normalized distance of container 12 : 0.6666666666666666
normalized distance of container 13 : 0.2222222222222222
normalized distance of container 14 : 0.3333333333333333
normalized distance of container 15 : 0.4444444444444444
normalized distance of container 16 : 0.3333333333333333
normalized distance of container 17 : 0.2222222222222222
normalized distance of container 18 : 0.3333333333333333
normalized distance of container 19 : 0.2222222222222222
normalized distance of container 20 : 1.0
normalized distance of container 21 : 0.6666666666666666
normalized distance of container 22 : 0.3333333333333333
