Number of initial container : 3
Number of new container : 20
Total number of containers : 23
Level_num : 9
Container_level : [5, 1, 3, 1, 9, 2, 1, 3, 7, 4, 7, 5, 5, 6, 3, 4, 3, 6, 6, 6, 1, 5, 3]
ideal_configuration : 
 [[4. 5. 7. 0. 0. 0.]
 [3. 4. 6. 7. 0. 0.]
 [1. 3. 5. 6. 9. 0.]
 [1. 2. 3. 5. 6. 0.]
 [1. 1. 3. 3. 5. 6.]]
Centroid : {5: (2.5, 1.75), 1: (0.25, 0.75), 3: (1.6, 1.2), 9: (4.0, 2.0), 2: (1.0, 1.0), 7: (2.5, 3.5), 4: (0.5, 3.5), 6: (3.5, 1.5)}
Repeat number : 15
Original weight : [15.55, 8.44, 12.79, 8.21, 23.08, 10.58, 8.75, 11.45, 20.2, 14.11, 19.24, 15.94, 16.47, 19.2, 11.91, 15.13, 12.25, 18.49, 18.79, 18.2, 7.57, 16.28, 11.64]
Group : [0, 0, 0, 0, 0, 0, 0, 0, 0, 0, 0, 0, 0, 0, 0, 0, 0, 0, 0, 0, 0, 0, 0]
Sequence : [0, 0, 0, 1, 2, 3, 4, 5, 6, 7, 8, 9, 10, 11, 12, 13, 14, 15, 16, 17, 18, 19, 20]
Scroe : [15.55, 8.44, 12.79, 8.21, 23.08, 10.58, 8.75, 11.45, 20.2, 14.11, 19.24, 15.94, 16.47, 19.2, 11.91, 15.13, 12.25, 18.49, 18.79, 18.2, 7.57, 16.28, 11.64]
Time taken to solve the MIP model : 4.1153 seconds
min_d : 0, max_d : 9
---------------------------------
solution for: IP model
objective: 3
x_0_3_0=1
x_1_4_0=1
x_2_5_0=1
x_3_0_0=1
x_4_5_1=1
x_5_2_0=1
x_6_0_1=1
x_7_0_2=1
x_8_5_2=1
x_9_4_1=1
x_10_0_3=1
x_11_3_1=1
x_12_3_2=1
x_13_5_3=1
x_14_2_1=1
x_15_4_2=1
x_16_2_2=1
x_17_3_3=1
x_18_3_4=1
x_19_2_3=1
x_20_1_0=1
x_21_4_3=1
x_22_1_1=1
r_5_1=1
r_5_2=1
r_5_3=1
d_0=2.250
d_1=4.500
d_2=4.600
d_3=2.000
d_4=2.000
d_5=2.000
d_6=2.000
d_7=3.000
d_8=5.000
d_9=7.000
d_10=4.000
d_11=2.000
d_12=2.000
d_13=4.000
d_14=2.000
d_15=6.000
d_16=2.000
d_17=3.000
d_18=4.000
d_19=4.000
d_20=2.000
d_21=4.000
d_22=2.000
d_x_0=0.500
d_x_1=3.750
d_x_2=3.400
d_x_3=1.000
d_x_4=1.000
d_x_5=1.000
d_x_6=1.000
d_x_7=2.000
d_x_8=3.000
d_x_9=4.000
d_x_10=3.000
d_x_11=1.000
d_x_12=1.000
d_x_13=2.000
d_x_14=1.000
d_x_15=4.000
d_x_16=1.000
d_x_17=1.000
d_x_18=1.000
d_x_19=2.000
d_x_20=1.000
d_x_21=2.000
d_x_22=1.000
d_y_0=1.750
d_y_1=0.750
d_y_2=1.200
d_y_3=1.000
d_y_4=1.000
d_y_5=1.000
d_y_6=1.000
d_y_7=1.000
d_y_8=2.000
d_y_9=3.000
d_y_10=1.000
d_y_11=1.000
d_y_12=1.000
d_y_13=2.000
d_y_14=1.000
d_y_15=2.000
d_y_16=1.000
d_y_17=2.000
d_y_18=3.000
d_y_19=2.000
d_y_20=1.000
d_y_21=2.000
d_y_22=1.000
normalized distance of container 0 : 0.25
normalized distance of container 1 : 0.5
normalized distance of container 2 : 0.5111111111111111
normalized distance of container 3 : 0.2222222222222222
normalized distance of container 4 : 0.2222222222222222
normalized distance of container 5 : 0.2222222222222222
normalized distance of container 6 : 0.2222222222222222
normalized distance of container 7 : 0.3333333333333333
normalized distance of container 8 : 0.5555555555555556
normalized distance of container 9 : 0.7777777777777778
normalized distance of container 10 : 0.4444444444444444
normalized distance of container 11 : 0.2222222222222222
normalized distance of container 12 : 0.2222222222222222
normalized distance of container 13 : 0.4444444444444444
normalized distance of container 14 : 0.2222222222222222
normalized distance of container 15 : 0.6666666666666666
normalized distance of container 16 : 0.2222222222222222
normalized distance of container 17 : 0.3333333333333333
normalized distance of container 18 : 0.4444444444444444
normalized distance of container 19 : 0.4444444444444444
normalized distance of container 20 : 0.2222222222222222
normalized distance of container 21 : 0.4444444444444444
normalized distance of container 22 : 0.2222222222222222
