Number of initial container : 3
Number of new container : 20
Total number of containers : 23
Level_num : 9
Container_level : [9, 1, 1, 3, 7, 6, 8, 3, 5, 7, 6, 7, 5, 6, 6, 7, 5, 7, 1, 8, 2, 2, 7]
ideal_configuration : 
 [[6. 7. 8. 0. 0. 0.]
 [3. 6. 7. 8. 0. 0.]
 [2. 5. 6. 7. 9. 0.]
 [1. 2. 5. 6. 7. 0.]
 [1. 1. 3. 5. 7. 7.]]
Centroid : {9: (4.0, 2.0), 1: (0.3333333333333333, 0.3333333333333333), 3: (1.0, 1.5), 7: (3.1666666666666665, 1.6666666666666667), 6: (1.5, 2.5), 8: (2.5, 3.5), 5: (2.0, 1.0), 2: (0.5, 1.5)}
Repeat number : 20
Original weight : [22.9, 7.1, 6.21, 10.99, 18.86, 17.73, 21.81, 10.6, 14.68, 19.04, 17.87, 19.0, 15.34, 17.77, 17.83, 20.22, 16.44, 19.6, 6.71, 21.51, 8.48, 8.43, 20.59]
Group : [0, 0, 0, 0, 0, 0, 0, 0, 0, 0, 0, 0, 0, 0, 0, 0, 0, 0, 0, 0, 0, 0, 0]
Sequence : [0, 0, 0, 1, 2, 3, 4, 5, 6, 7, 8, 9, 10, 11, 12, 13, 14, 15, 16, 17, 18, 19, 20]
Scroe : [22.9, 7.1, 6.21, 10.99, 18.86, 17.73, 21.81, 10.6, 14.68, 19.04, 17.87, 19.0, 15.34, 17.77, 17.83, 20.22, 16.44, 19.6, 6.71, 21.51, 8.48, 8.43, 20.59]
Time taken to solve the MIP model : 2.9057 seconds
min_d : 0, max_d : 9
---------------------------------
solution for: IP model
objective: 3
x_0_3_0=1
x_1_1_0=1
x_2_0_0=1
x_3_1_1=1
x_4_0_1=1
x_4_2_0=-0
x_4_4_1=0
x_5_1_2=1
x_5_4_1=-0
x_5_5_0=0
x_6_3_1=1
x_7_2_0=1
x_8_0_1=0
x_8_5_0=1
x_9_0_2=1
x_10_2_1=1
x_10_5_3=-0
x_11_2_2=1
x_12_5_1=1
x_13_1_3=1
x_14_1_4=1
x_15_0_3=1
x_15_5_3=0
x_16_0_2=-0
x_16_3_1=0
x_16_5_2=1
x_17_5_3=1
x_18_2_0=0
x_18_2_1=-0
x_18_4_0=1
x_19_0_4=1
x_20_4_1=1
x_21_0_1=0
x_21_0_4=0
x_21_3_1=-0
x_21_3_2=1
x_22_4_2=1
r_3_0=1
r_3_1=1
r_3_2=1
d_0=3.000
d_1=1.000
d_2=0.667
d_3=1.000
d_4=5.000
d_5=2.000
d_6=4.000
d_7=3.000
d_8=4.000
d_9=5.000
d_10=3.000
d_11=3.000
d_12=3.000
d_13=2.000
d_14=3.000
d_15=6.000
d_16=5.000
d_17=4.000
d_18=5.000
d_19=4.000
d_20=5.000
d_21=4.000
d_22=2.000
d_x_0=1.000
d_x_1=0.667
d_x_2=0.333
d_x_4=4.000
d_x_5=1.000
d_x_6=1.000
d_x_7=1.000
d_x_8=3.000
d_x_9=4.000
d_x_10=1.000
d_x_11=2.000
d_x_12=3.000
d_x_13=1.000
d_x_14=1.000
d_x_15=4.000
d_x_16=4.000
d_x_17=2.000
d_x_18=4.000
d_x_19=3.000
d_x_20=4.000
d_x_21=3.000
d_x_22=1.000
d_y_0=2.000
d_y_1=0.333
d_y_2=0.333
d_y_3=1.000
d_y_4=1.000
d_y_5=1.000
d_y_6=3.000
d_y_7=2.000
d_y_8=1.000
d_y_9=1.000
d_y_10=2.000
d_y_11=1.000
d_y_13=1.000
d_y_14=2.000
d_y_15=2.000
d_y_16=1.000
d_y_17=2.000
d_y_18=1.000
d_y_19=1.000
d_y_20=1.000
d_y_21=1.000
d_y_22=1.000
normalized distance of container 0 : 0.3333333333333333
normalized distance of container 1 : 0.1111111111111111
normalized distance of container 2 : 0.07407407407407407
normalized distance of container 3 : 0.1111111111111111
normalized distance of container 4 : 0.5555555555555556
normalized distance of container 5 : 0.2222222222222222
normalized distance of container 6 : 0.4444444444444444
normalized distance of container 7 : 0.3333333333333333
normalized distance of container 8 : 0.4444444444444444
normalized distance of container 9 : 0.5555555555555556
normalized distance of container 10 : 0.3333333333333333
normalized distance of container 11 : 0.3333333333333333
normalized distance of container 12 : 0.3333333333333333
normalized distance of container 13 : 0.2222222222222222
normalized distance of container 14 : 0.3333333333333333
normalized distance of container 15 : 0.6666666666666666
normalized distance of container 16 : 0.5555555555555556
normalized distance of container 17 : 0.4444444444444444
normalized distance of container 18 : 0.5555555555555556
normalized distance of container 19 : 0.4444444444444444
normalized distance of container 20 : 0.5555555555555556
normalized distance of container 21 : 0.4444444444444444
normalized distance of container 22 : 0.2222222222222222
