Number of initial container : 3
Number of new container : 20
Total number of containers : 23
Level_num : 9
Container_level : [3, 1, 2, 3, 5, 5, 2, 8, 6, 4, 7, 5, 1, 4, 2, 7, 3, 8, 6, 2, 6, 2, 9]
ideal_configuration : 
 [[4. 6. 8. 0. 0. 0.]
 [2. 4. 6. 8. 0. 0.]
 [2. 3. 5. 6. 9. 0.]
 [1. 2. 3. 5. 7. 0.]
 [1. 2. 2. 3. 5. 7.]]
Centroid : {3: (2.0, 1.0), 1: (0.0, 0.5), 2: (0.8, 1.2), 5: (3.0, 1.0), 8: (2.5, 3.5), 6: (2.0, 3.0), 4: (0.5, 3.5), 7: (4.5, 0.5), 9: (4.0, 2.0)}
Repeat number : 11
Original weight : [10.11, 5.0, 8.34, 11.46, 15.04, 15.45, 7.83, 23.73, 18.43, 13.83, 19.25, 15.56, 5.31, 13.78, 8.16, 20.9, 10.91, 23.15, 18.05, 7.46, 18.13, 8.29, 23.95]
Group : [0, 0, 0, 0, 0, 0, 0, 0, 0, 0, 0, 0, 0, 0, 0, 0, 0, 0, 0, 0, 0, 0, 0]
Sequence : [0, 0, 0, 1, 2, 3, 4, 5, 6, 7, 8, 9, 10, 11, 12, 13, 14, 15, 16, 17, 18, 19, 20]
Scroe : [10.11, 5.0, 8.34, 11.46, 15.04, 15.45, 7.83, 23.73, 18.43, 13.83, 19.25, 15.56, 5.31, 13.78, 8.16, 20.9, 10.91, 23.15, 18.05, 7.46, 18.13, 8.29, 23.95]
Time taken to solve the MIP model : 0.4486 seconds
min_d : 0, max_d : 9
---------------------------------
solution for: IP model
objective: 0
x_0_3_0=1
x_1_0_0=1
x_2_5_0=1
x_3_3_1=1
x_4_4_0=1
x_5_4_1=1
x_6_1_0=1
x_7_4_2=1
x_8_5_1=1
x_9_1_1=1
x_10_5_2=1
x_11_1_2=1
x_12_2_0=1
x_13_3_2=1
x_14_2_1=1
x_15_5_3=1
x_16_2_2=1
x_17_5_4=1
x_18_3_3=1
x_19_0_1=1
x_20_1_3=1
x_21_0_2=1
x_22_2_3=1
d_0=2.000
d_1=0.500
d_2=5.400
d_3=1.000
d_4=2.000
d_5=1.000
d_6=3.000
d_7=4.000
d_8=5.000
d_9=4.000
d_10=3.000
d_11=3.000
d_12=3.000
d_13=5.000
d_14=3.000
d_15=4.000
d_16=1.000
d_17=4.000
d_18=1.000
d_19=2.000
d_20=1.000
d_21=2.000
d_22=3.000
d_x_0=1.000
d_x_2=4.200
d_x_3=1.000
d_x_4=1.000
d_x_5=1.000
d_x_6=1.000
d_x_7=2.000
d_x_8=3.000
d_x_9=1.000
d_x_10=1.000
d_x_11=2.000
d_x_12=2.000
d_x_13=3.000
d_x_14=2.000
d_x_15=1.000
d_x_17=3.000
d_x_18=1.000
d_x_19=1.000
d_x_20=1.000
d_x_21=1.000
d_x_22=2.000
d_y_0=1.000
d_y_1=0.500
d_y_2=1.200
d_y_4=1.000
d_y_6=2.000
d_y_7=2.000
d_y_8=2.000
d_y_9=3.000
d_y_10=2.000
d_y_11=1.000
d_y_12=1.000
d_y_13=2.000
d_y_14=1.000
d_y_15=3.000
d_y_16=1.000
d_y_17=1.000
d_y_19=1.000
d_y_21=1.000
d_y_22=1.000
normalized distance of container 0 : 0.2222222222222222
normalized distance of container 1 : 0.05555555555555555
normalized distance of container 2 : 0.6000000000000001
normalized distance of container 3 : 0.1111111111111111
normalized distance of container 4 : 0.2222222222222222
normalized distance of container 5 : 0.1111111111111111
normalized distance of container 6 : 0.3333333333333333
normalized distance of container 7 : 0.4444444444444444
normalized distance of container 8 : 0.5555555555555556
normalized distance of container 9 : 0.4444444444444444
normalized distance of container 10 : 0.3333333333333333
normalized distance of container 11 : 0.3333333333333333
normalized distance of container 12 : 0.3333333333333333
normalized distance of container 13 : 0.5555555555555556
normalized distance of container 14 : 0.3333333333333333
normalized distance of container 15 : 0.4444444444444444
normalized distance of container 16 : 0.1111111111111111
normalized distance of container 17 : 0.4444444444444444
normalized distance of container 18 : 0.1111111111111111
normalized distance of container 19 : 0.2222222222222222
normalized distance of container 20 : 0.1111111111111111
normalized distance of container 21 : 0.2222222222222222
normalized distance of container 22 : 0.3333333333333333
