Number of initial container : 3
Number of new container : 20
Total number of containers : 23
Level_num : 9
Container_level : [2, 2, 8, 5, 9, 8, 3, 7, 7, 4, 8, 1, 6, 7, 7, 7, 4, 1, 8, 1, 4, 6, 1]
ideal_configuration : 
 [[5. 7. 8. 0. 0. 0.]
 [3. 6. 7. 8. 0. 0.]
 [1. 4. 6. 7. 9. 0.]
 [1. 2. 4. 7. 8. 0.]
 [1. 1. 2. 4. 7. 8.]]
Centroid : {2: (1.5, 0.5), 8: (3.5, 2.0), 5: (0.0, 4.0), 9: (4.0, 2.0), 3: (0.0, 3.0), 7: (2.6, 2.0), 4: (2.0, 1.0), 1: (0.25, 0.75), 6: (1.5, 2.5)}
Repeat number : 30
Original weight : [9.15, 7.77, 21.04, 15.42, 21.39, 20.89, 9.91, 19.25, 18.85, 12.05, 19.63, 7.31, 16.45, 18.84, 19.09, 18.27, 12.96, 5.49, 21.31, 7.38, 11.78, 17.14, 6.71]
Group : [0, 0, 0, 0, 0, 0, 0, 0, 0, 0, 0, 0, 0, 0, 0, 0, 0, 0, 0, 0, 0, 0, 0]
Sequence : [0, 0, 0, 1, 2, 3, 4, 5, 6, 7, 8, 9, 10, 11, 12, 13, 14, 15, 16, 17, 18, 19, 20]
Scroe : [9.15, 7.77, 21.04, 15.42, 21.39, 20.89, 9.91, 19.25, 18.85, 12.05, 19.63, 7.31, 16.45, 18.84, 19.09, 18.27, 12.96, 5.49, 21.31, 7.38, 11.78, 17.14, 6.71]
Time taken to solve the MIP model : 132.6255 seconds
min_d : 0, max_d : 9
---------------------------------
solution for: IP model
objective: 8
x_0_4_0=1
x_1_4_1=1
x_2_4_2=1
x_3_2_0=1
x_4_2_1=1
x_5_2_2=1
x_6_1_0=1
x_7_0_0=1
x_8_2_3=1
x_9_1_1=1
x_10_0_1=1
x_11_5_0=1
x_12_1_2=1
x_13_1_3=1
x_14_1_4=1
x_15_4_3=1
x_16_5_1=1
x_17_3_0=1
x_18_0_2=1
x_19_3_1=1
x_20_3_2=1
x_21_5_2=1
x_22_4_4=1
r_2_1=1
r_2_2=1
r_2_3=1
r_4_0=1
r_4_1=1
r_4_2=1
r_4_3=1
r_4_4=1
d_0=3.000
d_1=3.000
d_2=0.500
d_3=6.000
d_4=3.000
d_5=2.000
d_6=4.000
d_7=5.000
d_8=2.000
d_9=1.000
d_10=5.000
d_11=6.000
d_12=2.000
d_13=3.000
d_14=4.000
d_15=3.000
d_16=3.000
d_17=4.000
d_18=4.000
d_19=4.000
d_20=2.000
d_21=5.000
d_22=8.000
d_x_0=2.500
d_x_1=2.500
d_x_2=0.500
d_x_3=2.000
d_x_4=2.000
d_x_5=2.000
d_x_6=1.000
d_x_7=3.000
d_x_8=1.000
d_x_9=1.000
d_x_10=4.000
d_x_11=5.000
d_x_12=1.000
d_x_13=2.000
d_x_14=2.000
d_x_15=2.000
d_x_16=3.000
d_x_17=3.000
d_x_18=4.000
d_x_19=3.000
d_x_20=1.000
d_x_21=4.000
d_x_22=4.000
d_y_0=0.500
d_y_1=0.500
d_y_3=4.000
d_y_4=1.000
d_y_6=3.000
d_y_7=2.000
d_y_8=1.000
d_y_10=1.000
d_y_11=1.000
d_y_12=1.000
d_y_13=1.000
d_y_14=2.000
d_y_15=1.000
d_y_17=1.000
d_y_19=1.000
d_y_20=1.000
d_y_21=1.000
d_y_22=4.000
normalized distance of container 0 : 0.3333333333333333
normalized distance of container 1 : 0.3333333333333333
normalized distance of container 2 : 0.05555555555555555
normalized distance of container 3 : 0.6666666666666666
normalized distance of container 4 : 0.3333333333333333
normalized distance of container 5 : 0.2222222222222222
normalized distance of container 6 : 0.4444444444444444
normalized distance of container 7 : 0.5555555555555556
normalized distance of container 8 : 0.2222222222222222
normalized distance of container 9 : 0.1111111111111111
normalized distance of container 10 : 0.5555555555555556
normalized distance of container 11 : 0.6666666666666666
normalized distance of container 12 : 0.2222222222222222
normalized distance of container 13 : 0.3333333333333333
normalized distance of container 14 : 0.4444444444444444
normalized distance of container 15 : 0.3333333333333333
normalized distance of container 16 : 0.3333333333333333
normalized distance of container 17 : 0.4444444444444444
normalized distance of container 18 : 0.4444444444444444
normalized distance of container 19 : 0.4444444444444444
normalized distance of container 20 : 0.2222222222222222
normalized distance of container 21 : 0.5555555555555556
normalized distance of container 22 : 0.8888888888888888
