Number of initial container : 15
Number of new container : 8
Total number of containers : 23
Level_num : 9
Container_level : [5, 8, 5, 6, 3, 3, 1, 9, 4, 4, 6, 1, 8, 4, 8, 8, 2, 6, 3, 6, 1, 4, 5]
ideal_configuration : 
 [[4. 6. 8. 0. 0. 0.]
 [3. 5. 6. 8. 0. 0.]
 [2. 4. 5. 6. 9. 0.]
 [1. 3. 4. 5. 8. 0.]
 [1. 1. 3. 4. 6. 8.]]
Centroid : {5: (2.0, 2.0), 8: (3.5, 2.0), 6: (2.5, 2.25), 3: (1.0, 1.3333333333333333), 1: (0.3333333333333333, 0.3333333333333333), 9: (4.0, 2.0), 4: (1.5, 1.75), 2: (0.0, 2.0)}
Repeat number : 6
Original weight : [17.11, 23.1, 16.43, 19.39, 12.44, 13.7, 9.23, 23.98, 15.15, 15.61, 18.93, 9.7, 22.06, 15.03, 23.43, 22.64, 11.07, 19.06, 13.48, 19.25, 7.76, 15.67, 15.98]
Group : [0, 0, 0, 0, 0, 0, 0, 0, 0, 0, 0, 0, 0, 0, 0, 0, 0, 0, 0, 0, 0, 0, 0]
Sequence : [0, 0, 0, 0, 0, 0, 0, 0, 0, 0, 0, 0, 0, 0, 0, 1, 2, 3, 4, 5, 6, 7, 8]
Scroe : [17.11, 23.1, 16.43, 19.39, 12.44, 13.7, 9.23, 23.98, 15.15, 15.61, 18.93, 9.7, 22.06, 15.03, 23.43, 22.64, 11.07, 19.06, 13.48, 19.25, 7.76, 15.67, 15.98]
Time taken to solve the MIP model : 0.1391 seconds
min_d : 0, max_d : 9
---------------------------------
solution for: IP model
objective: 11.4167
x_0_1_0=1
x_1_3_0=1
x_2_2_0=1
x_3_4_0=1
x_4_1_1=1
x_5_1_2=1
x_6_3_1=1
x_7_4_1=1
x_8_0_0=1
x_9_3_2=1
x_10_4_2=1
x_11_0_1=1
x_12_0_2=1
x_13_3_3=1
x_14_0_3=1
x_15_4_3=1
x_16_5_0=1
x_17_2_1=1
x_18_5_1=1
x_19_2_2=1
x_20_1_3=1
x_21_5_2=1
x_22_5_3=1
r_0_0=1
r_0_1=1
r_0_2=1
r_0_3=1
r_0_4=-0
r_1_0=1
r_1_1=1
r_1_2=1
r_1_3=1
r_3_0=1
r_3_1=1
r_3_2=1
r_3_3=1
r_4_0=1
r_4_1=1
r_4_2=1
r_4_3=1
d_0=3.000
d_1=2.500
d_2=2.000
d_3=3.750
d_4=0.333
d_5=0.667
d_6=3.333
d_7=1.000
d_8=3.250
d_9=1.750
d_10=1.750
d_11=1.000
d_12=3.500
d_13=2.750
d_14=4.500
d_15=1.500
d_16=7.000
d_17=1.750
d_18=4.333
d_19=0.750
d_20=3.333
d_21=3.750
d_22=4.000
d_x_0=1.000
d_x_1=0.500
d_x_3=1.500
d_x_6=2.667
d_x_8=1.500
d_x_9=1.500
d_x_10=1.500
d_x_11=0.333
d_x_12=3.500
d_x_13=1.500
d_x_14=3.500
d_x_15=0.500
d_x_16=5.000
d_x_17=0.500
d_x_18=4.000
d_x_19=0.500
d_x_20=0.667
d_x_21=3.500
d_x_22=3.000
d_y_0=2.000
d_y_1=2.000
d_y_2=2.000
d_y_3=2.250
d_y_4=0.333
d_y_5=0.667
d_y_6=0.667
d_y_7=1.000
d_y_8=1.750
d_y_9=0.250
d_y_10=0.250
d_y_11=0.667
d_y_13=1.250
d_y_14=1.000
d_y_15=1.000
d_y_16=2.000
d_y_17=1.250
d_y_18=0.333
d_y_19=0.250
d_y_20=2.667
d_y_21=0.250
d_y_22=1.000
normalized distance of container 0 : 0.3333333333333333
normalized distance of container 1 : 0.2777777777777778
normalized distance of container 2 : 0.2222222222222222
normalized distance of container 3 : 0.4166666666666667
normalized distance of container 4 : 0.03703703703703703
normalized distance of container 5 : 0.07407407407407408
normalized distance of container 6 : 0.37037037037037035
normalized distance of container 7 : 0.1111111111111111
normalized distance of container 8 : 0.3611111111111111
normalized distance of container 9 : 0.19444444444444445
normalized distance of container 10 : 0.19444444444444445
normalized distance of container 11 : 0.1111111111111111
normalized distance of container 12 : 0.3888888888888889
normalized distance of container 13 : 0.3055555555555556
normalized distance of container 14 : 0.5
normalized distance of container 15 : 0.16666666666666646
normalized distance of container 16 : 0.7777777777777778
normalized distance of container 17 : 0.19444444444444425
normalized distance of container 18 : 0.48148148148148145
normalized distance of container 19 : 0.08333333333333254
normalized distance of container 20 : 0.37037037037037035
normalized distance of container 21 : 0.41666666666666546
normalized distance of container 22 : 0.4444444444444444
