Number of initial container : 15
Number of new container : 8
Total number of containers : 23
Level_num : 9
Container_level : [3, 7, 6, 8, 6, 1, 5, 4, 7, 2, 5, 6, 1, 9, 7, 1, 8, 5, 3, 4, 3, 6, 6]
ideal_configuration : 
 [[5. 6. 8. 0. 0. 0.]
 [3. 5. 6. 8. 0. 0.]
 [2. 4. 6. 7. 9. 0.]
 [1. 3. 4. 6. 7. 0.]
 [1. 1. 3. 5. 6. 7.]]
Centroid : {3: (1.0, 1.3333333333333333), 7: (4.0, 1.0), 6: (2.4, 2.0), 8: (2.5, 3.5), 1: (0.3333333333333333, 0.3333333333333333), 5: (1.3333333333333333, 2.3333333333333335), 4: (1.5, 1.5), 2: (0.0, 2.0), 9: (4.0, 2.0)}
Repeat number : 1
Original weight : [12.14, 19.71, 17.1, 23.65, 17.04, 6.55, 15.5, 13.62, 19.84, 10.0, 16.89, 17.89, 5.76, 23.66, 19.66, 7.73, 23.48, 15.98, 10.29, 12.82, 10.63, 18.18, 18.81]
Group : [0, 0, 0, 0, 0, 0, 0, 0, 0, 0, 0, 0, 0, 0, 0, 0, 0, 0, 0, 0, 0, 0, 0]
Sequence : [0, 0, 0, 0, 0, 0, 0, 0, 0, 0, 0, 0, 0, 0, 0, 1, 2, 3, 4, 5, 6, 7, 8]
Scroe : [12.14, 19.71, 17.1, 23.65, 17.04, 6.55, 15.5, 13.62, 19.84, 10.0, 16.89, 17.89, 5.76, 23.66, 19.66, 7.73, 23.48, 15.98, 10.29, 12.82, 10.63, 18.18, 18.81]
Time taken to solve the MIP model : 0.0189 seconds
min_d : 0, max_d : 9
---------------------------------
solution for: IP model
objective: 9.94815
x_0_3_0=1
x_1_1_0=1
x_2_2_0=1
x_3_5_0=1
x_4_0_0=1
x_5_2_1=1
x_6_3_1=1
x_7_4_0=1
x_8_0_1=1
x_9_2_2=1
x_10_0_2=1
x_11_1_1=1
x_12_0_3=1
x_13_5_1=1
x_14_4_1=1
x_15_0_4=1
x_16_4_2=1
x_17_3_2=1
x_18_1_2=1
x_19_2_3=1
x_20_1_3=1
x_21_3_3=1
x_22_3_4=1
r_0_0=1
r_0_1=1
r_0_2=1
r_0_3=1
r_0_4=1
r_1_0=1
r_1_1=1
r_1_2=1
r_1_3=1
r_2_0=1
r_2_1=1
r_2_2=1
r_2_3=1
d_0=3.333
d_1=4.000
d_2=2.400
d_3=6.000
d_4=4.400
d_5=2.333
d_6=3.000
d_7=4.000
d_8=4.000
d_9=2.000
d_10=1.667
d_11=2.400
d_12=3.000
d_13=2.000
d_15=4.000
d_16=3.000
d_17=2.000
d_18=0.667
d_19=2.000
d_20=1.667
d_21=1.600
d_22=2.600
d_x_0=2.000
d_x_1=3.000
d_x_2=0.400
d_x_3=2.500
d_x_4=2.400
d_x_5=1.667
d_x_6=1.667
d_x_7=2.500
d_x_8=4.000
d_x_9=2.000
d_x_10=1.333
d_x_11=1.400
d_x_12=0.333
d_x_13=1.000
d_x_15=0.333
d_x_16=1.500
d_x_17=1.667
d_x_19=0.500
d_x_21=0.600
d_x_22=0.600
d_y_0=1.333
d_y_1=1.000
d_y_2=2.000
d_y_3=3.500
d_y_4=2.000
d_y_5=0.667
d_y_6=1.333
d_y_7=1.500
d_y_10=0.333
d_y_11=1.000
d_y_12=2.667
d_y_13=1.000
d_y_15=3.667
d_y_16=1.500
d_y_17=0.333
d_y_18=0.667
d_y_19=1.500
d_y_20=1.667
d_y_21=1.000
d_y_22=2.000
normalized distance of container 0 : 0.37037037037037035
normalized distance of container 1 : 0.4444444444444444
normalized distance of container 2 : 0.26666666666666666
normalized distance of container 3 : 0.6666666666666666
normalized distance of container 4 : 0.48888888888888893
normalized distance of container 5 : 0.2592592592592593
normalized distance of container 6 : 0.3333333333333333
normalized distance of container 7 : 0.4444444444444444
normalized distance of container 8 : 0.4444444444444444
normalized distance of container 9 : 0.2222222222222222
normalized distance of container 10 : 0.1851851851851852
normalized distance of container 11 : 0.26666666666666666
normalized distance of container 12 : 0.3333333333333333
normalized distance of container 13 : 0.2222222222222222
normalized distance of container 14 : 0.0
normalized distance of container 15 : 0.4444444444444441
normalized distance of container 16 : 0.3333333333333333
normalized distance of container 17 : 0.22222222222222157
normalized distance of container 18 : 0.07407407407407411
normalized distance of container 19 : 0.2222222222222218
normalized distance of container 20 : 0.18518518518518523
normalized distance of container 21 : 0.17777777777777778
normalized distance of container 22 : 0.2888888888888885
