Number of initial container : 15
Number of new container : 8
Total number of containers : 23
Level_num : 9
Container_level : [2, 3, 7, 7, 3, 5, 2, 1, 7, 6, 7, 4, 6, 2, 9, 5, 1, 3, 4, 5, 4, 3, 5]
ideal_configuration : 
 [[4. 5. 7. 0. 0. 0.]
 [3. 4. 6. 7. 0. 0.]
 [2. 3. 5. 6. 9. 0.]
 [1. 2. 3. 5. 7. 0.]
 [1. 2. 3. 4. 5. 7.]]
Centroid : {2: (0.6666666666666666, 1.0), 3: (1.25, 1.5), 7: (3.5, 2.0), 5: (2.5, 1.75), 1: (0.0, 0.5), 6: (2.5, 2.5), 4: (1.3333333333333333, 2.3333333333333335), 9: (4.0, 2.0)}
Repeat number : 28
Original weight : [9.96, 11.84, 20.54, 20.69, 10.79, 15.45, 8.35, 7.36, 20.6, 17.29, 20.35, 13.86, 18.2, 8.01, 23.22, 14.84, 5.8, 10.63, 14.17, 15.27, 14.46, 11.99, 15.97]
Group : [0, 0, 0, 0, 0, 0, 0, 0, 0, 0, 0, 0, 0, 0, 0, 0, 0, 0, 0, 0, 0, 0, 0]
Sequence : [0, 0, 0, 0, 0, 0, 0, 0, 0, 0, 0, 0, 0, 0, 0, 1, 2, 3, 4, 5, 6, 7, 8]
Scroe : [9.96, 11.84, 20.54, 20.69, 10.79, 15.45, 8.35, 7.36, 20.6, 17.29, 20.35, 13.86, 18.2, 8.01, 23.22, 14.84, 5.8, 10.63, 14.17, 15.27, 14.46, 11.99, 15.97]
Time taken to solve the MIP model : 0.0837 seconds
min_d : 0, max_d : 9
---------------------------------
solution for: IP model
objective: 11.3056
x_0_1_0=1
x_1_4_0=1
x_2_5_0=1
x_3_3_0=1
x_4_1_1=1
x_5_4_1=1
x_6_1_2=1
x_7_4_2=1
x_8_4_3=1
x_9_3_1=1
x_10_3_2=1
x_11_0_0=1
x_12_1_3=1
x_13_3_3=1
x_14_0_1=1
x_15_5_1=1
x_16_2_0=1
x_17_2_1=1
x_18_2_2=1
x_19_3_4=1
x_20_2_3=1
x_21_5_2=1
x_22_2_4=1
r_1_0=1
r_1_1=1
r_1_2=1
r_1_3=1
r_3_0=1
r_3_1=1
r_3_2=1
r_3_3=1
r_3_4=1
r_4_0=1
r_4_1=1
r_4_2=1
r_4_3=1
r_5_0=1
r_5_1=1
r_5_2=1
d_0=1.333
d_1=4.250
d_2=3.500
d_3=2.500
d_4=0.750
d_5=2.250
d_6=1.333
d_7=5.500
d_8=1.500
d_9=2.000
d_10=0.500
d_11=3.667
d_12=2.000
d_13=4.333
d_14=5.000
d_15=3.250
d_16=2.500
d_17=1.250
d_18=1.000
d_19=2.750
d_20=1.333
d_21=4.250
d_22=2.750
d_x_0=0.333
d_x_1=2.750
d_x_2=1.500
d_x_3=0.500
d_x_4=0.250
d_x_5=1.500
d_x_6=0.333
d_x_7=4.000
d_x_8=0.500
d_x_9=0.500
d_x_10=0.500
d_x_11=1.333
d_x_12=1.500
d_x_13=2.333
d_x_14=4.000
d_x_15=2.500
d_x_16=2.000
d_x_17=0.750
d_x_18=0.667
d_x_19=0.500
d_x_20=0.667
d_x_21=3.750
d_x_22=0.500
d_y_0=1.000
d_y_1=1.500
d_y_2=2.000
d_y_3=2.000
d_y_4=0.500
d_y_5=0.750
d_y_6=1.000
d_y_7=1.500
d_y_8=1.000
d_y_9=1.500
d_y_11=2.333
d_y_12=0.500
d_y_13=2.000
d_y_14=1.000
d_y_15=0.750
d_y_16=0.500
d_y_17=0.500
d_y_18=0.333
d_y_19=2.250
d_y_20=0.667
d_y_21=0.500
d_y_22=2.250
normalized distance of container 0 : 0.14814814814814817
normalized distance of container 1 : 0.4722222222222222
normalized distance of container 2 : 0.3888888888888889
normalized distance of container 3 : 0.2777777777777778
normalized distance of container 4 : 0.08333333333333333
normalized distance of container 5 : 0.25
normalized distance of container 6 : 0.14814814814814817
normalized distance of container 7 : 0.6111111111111112
normalized distance of container 8 : 0.16666666666666666
normalized distance of container 9 : 0.2222222222222222
normalized distance of container 10 : 0.05555555555555555
normalized distance of container 11 : 0.40740740740740744
normalized distance of container 12 : 0.2222222222222222
normalized distance of container 13 : 0.48148148148148157
normalized distance of container 14 : 0.5555555555555556
normalized distance of container 15 : 0.3611111111111111
normalized distance of container 16 : 0.2777777777777774
normalized distance of container 17 : 0.138888888888888
normalized distance of container 18 : 0.11111111111111072
normalized distance of container 19 : 0.30555555555555475
normalized distance of container 20 : 0.14814814814814786
normalized distance of container 21 : 0.47222222222222143
normalized distance of container 22 : 0.30555555555555514
