Number of initial container : 15
Number of new container : 8
Total number of containers : 23
Level_num : 9
Container_level : [9, 1, 8, 6, 7, 1, 3, 2, 3, 4, 5, 2, 2, 7, 7, 3, 7, 6, 3, 6, 1, 7, 4]
ideal_configuration : 
 [[4. 6. 7. 0. 0. 0.]
 [3. 4. 7. 8. 0. 0.]
 [2. 3. 5. 7. 9. 0.]
 [1. 2. 3. 6. 7. 0.]
 [1. 1. 2. 3. 6. 7.]]
Centroid : {9: (4.0, 2.0), 1: (0.3333333333333333, 0.3333333333333333), 8: (3.0, 3.0), 6: (2.6666666666666665, 1.6666666666666667), 7: (3.2, 2.0), 3: (1.5, 1.5), 2: (1.0, 1.0), 4: (0.5, 3.5), 5: (2.0, 2.0)}
Repeat number : 2
Original weight : [23.03, 5.56, 21.21, 17.06, 19.97, 7.03, 10.78, 9.3, 10.29, 12.54, 14.51, 9.33, 9.09, 19.51, 19.6, 10.46, 19.28, 16.65, 9.8, 16.83, 5.35, 19.8, 12.15]
Group : [0, 0, 0, 0, 0, 0, 0, 0, 0, 0, 0, 0, 0, 0, 0, 0, 0, 0, 0, 0, 0, 0, 0]
Sequence : [0, 0, 0, 0, 0, 0, 0, 0, 0, 0, 0, 0, 0, 0, 0, 1, 2, 3, 4, 5, 6, 7, 8]
Scroe : [23.03, 5.56, 21.21, 17.06, 19.97, 7.03, 10.78, 9.3, 10.29, 12.54, 14.51, 9.33, 9.09, 19.51, 19.6, 10.46, 19.28, 16.65, 9.8, 16.83, 5.35, 19.8, 12.15]
Time taken to solve the MIP model : 0.0508 seconds
min_d : 0, max_d : 9
---------------------------------
solution for: IP model
objective: 9.76667
x_0_5_0=1
x_1_2_0=1
x_2_1_0=1
x_3_0_0=1
x_4_1_1=1
x_5_1_2=1
x_6_5_1=1
x_7_2_1=1
x_8_3_0=1
x_9_5_2=1
x_10_4_0=1
x_11_1_3=1
x_12_1_4=1
x_13_4_1=1
x_14_2_2=1
x_15_3_1=1
x_16_5_3=1
x_17_3_2=1
x_18_0_1=1
x_19_3_3=1
x_20_0_2=1
x_21_4_2=1
x_22_0_3=1
r_0_0=1
r_0_1=1
r_0_2=1
r_0_3=1
r_1_0=1
r_1_1=1
r_1_2=1
r_1_3=1
r_1_4=1
r_5_0=1
r_5_1=1
r_5_2=1
r_5_3=1
d_0=3.000
d_1=2.000
d_2=5.000
d_3=4.333
d_4=3.200
d_5=2.333
d_6=4.000
d_7=1.000
d_8=3.000
d_9=6.000
d_10=4.000
d_11=2.000
d_12=3.000
d_13=1.800
d_14=1.200
d_15=2.000
d_16=2.800
d_17=0.667
d_18=2.000
d_19=1.667
d_20=2.000
d_21=0.800
d_22=1.000
d_x_0=1.000
d_x_1=1.667
d_x_2=2.000
d_x_3=2.667
d_x_4=2.200
d_x_5=0.667
d_x_6=3.500
d_x_7=1.000
d_x_8=1.500
d_x_9=4.500
d_x_10=2.000
d_x_13=0.800
d_x_14=1.200
d_x_15=1.500
d_x_16=1.800
d_x_17=0.333
d_x_18=1.500
d_x_19=0.333
d_x_20=0.333
d_x_21=0.800
d_x_22=0.500
d_y_0=2.000
d_y_1=0.333
d_y_2=3.000
d_y_3=1.667
d_y_4=1.000
d_y_5=1.667
d_y_6=0.500
d_y_8=1.500
d_y_9=1.500
d_y_10=2.000
d_y_11=2.000
d_y_12=3.000
d_y_13=1.000
d_y_15=0.500
d_y_16=1.000
d_y_17=0.333
d_y_18=0.500
d_y_19=1.333
d_y_20=1.667
d_y_22=0.500
normalized distance of container 0 : 0.3333333333333333
normalized distance of container 1 : 0.2222222222222222
normalized distance of container 2 : 0.5555555555555556
normalized distance of container 3 : 0.48148148148148145
normalized distance of container 4 : 0.35555555555555557
normalized distance of container 5 : 0.2592592592592593
normalized distance of container 6 : 0.4444444444444444
normalized distance of container 7 : 0.1111111111111111
normalized distance of container 8 : 0.3333333333333333
normalized distance of container 9 : 0.6666666666666666
normalized distance of container 10 : 0.4444444444444444
normalized distance of container 11 : 0.2222222222222222
normalized distance of container 12 : 0.3333333333333333
normalized distance of container 13 : 0.19999999999999998
normalized distance of container 14 : 0.13333333333333336
normalized distance of container 15 : 0.2222222222222222
normalized distance of container 16 : 0.311111111111111
normalized distance of container 17 : 0.07407407407407393
normalized distance of container 18 : 0.22222222222222202
normalized distance of container 19 : 0.18518518518518504
normalized distance of container 20 : 0.22222222222222165
normalized distance of container 21 : 0.08888888888888867
normalized distance of container 22 : 0.11111111111111033
