Number of initial container : 5
Number of new container : 20
Total number of containers : 25
Level_num : 9
Container_level : [1, 4, 9, 2, 6, 8, 8, 7, 4, 4, 4, 6, 1, 4, 2, 3, 6, 8, 5, 2, 7, 1, 8, 1, 9]
ideal_configuration : 
 [[4. 6. 8. 9. 0. 0.]
 [2. 4. 6. 8. 0. 0.]
 [1. 3. 4. 7. 8. 0.]
 [1. 2. 4. 5. 7. 9.]
 [1. 1. 2. 4. 6. 8.]]
Centroid : {1: (1.25, 0.75), 4: (2.6, 2.0), 9: (5.0, 2.5), 2: (2.0, 1.3333333333333333), 6: (3.3333333333333335, 2.3333333333333335), 8: (4.5, 2.25), 7: (4.5, 1.5), 3: (2.0, 2.0), 5: (4.0, 1.0)}
Repeat number : 16
Original weight : [6.21, 13.84, 23.98, 9.35, 19.2, 21.84, 23.63, 20.45, 14.23, 14.48, 13.3, 18.86, 5.23, 13.88, 8.73, 10.33, 18.96, 23.07, 15.24, 9.28, 20.32, 6.11, 22.38, 6.37, 23.98]
Sequence : [0, 0, 0, 0, 0, 1, 2, 3, 4, 5, 6, 7, 8, 9, 10, 11, 12, 13, 14, 15, 16, 17, 18, 19, 20]
Emergency : [0, 0, 0, 0, 0, 0, 0, 0, 0, 0, 0, 0, 0, 0, 0, 0, 0, 0, 0, 0, 0, 0, 0, 0, 0]
Time taken to solve the MIP model : 0.3975 seconds
min_d : 0, max_d : 9
---------------------------------
solution for: IP model
objective: 0
status: OPTIMAL_SOLUTION(2)
x_1_4_0=1
x_2_3_0=1
x_3_6_0=1
x_4_5_0=1
x_5_2_0=1
x_6_5_2=1
x_7_5_3=1
x_8_2_1=1
x_9_5_1=1
x_10_3_2=1
x_11_1_3=1
x_12_3_3=1
x_13_1_0=1
x_14_3_1=1
x_15_4_2=1
x_16_4_3=1
x_17_4_4=1
x_18_2_3=1
x_19_1_4=1
x_20_1_2=1
x_21_3_4=1
x_22_1_1=1
x_23_2_2=1
x_24_4_1=1
x_25_6_1=1
d_1=3.500
d_2=2.400
d_3=3.500
d_4=4.333
d_5=3.667
d_6=2.000
d_7=2.000
d_8=4.000
d_9=4.000
d_10=1.000
d_11=3.000
d_12=2.000
d_13=2.000
d_14=2.000
d_15=3.000
d_16=3.000
d_17=3.000
d_18=4.000
d_19=6.000
d_20=2.000
d_21=5.000
d_22=2.000
d_23=4.000
d_24=4.000
d_25=3.000
d_x_1=2.750
d_x_2=0.400
d_x_3=1.000
d_x_4=3.000
d_x_5=1.333
d_x_6=1.000
d_x_7=1.000
d_x_8=3.000
d_x_9=3.000
d_x_10=1.000
d_x_11=2.000
d_x_12=1.000
d_x_13=1.000
d_x_14=1.000
d_x_15=2.000
d_x_16=2.000
d_x_17=1.000
d_x_18=3.000
d_x_19=3.000
d_x_20=1.000
d_x_21=2.000
d_x_22=1.000
d_x_23=3.000
d_x_24=3.000
d_x_25=1.000
d_y_1=0.750
d_y_2=2.000
d_y_3=2.500
d_y_4=1.333
d_y_5=2.333
d_y_6=1.000
d_y_7=1.000
d_y_8=1.000
d_y_9=1.000
d_y_11=1.000
d_y_12=1.000
d_y_13=1.000
d_y_14=1.000
d_y_15=1.000
d_y_16=1.000
d_y_17=2.000
d_y_18=1.000
d_y_19=3.000
d_y_20=1.000
d_y_21=3.000
d_y_22=1.000
d_y_23=1.000
d_y_24=1.000
d_y_25=2.000
normalized distance of container 1 : 0.3888888888888889
normalized distance of container 2 : 0.26666666666666666
normalized distance of container 3 : 0.3888888888888889
normalized distance of container 4 : 0.48148148148148145
normalized distance of container 5 : 0.40740740740740744
normalized distance of container 6 : 0.2222222222222222
normalized distance of container 7 : 0.2222222222222222
normalized distance of container 8 : 0.4444444444444444
normalized distance of container 9 : 0.4444444444444444
normalized distance of container 10 : 0.1111111111111111
normalized distance of container 11 : 0.3333333333333333
normalized distance of container 12 : 0.2222222222222222
normalized distance of container 13 : 0.2222222222222222
normalized distance of container 14 : 0.2222222222222222
normalized distance of container 15 : 0.3333333333333333
normalized distance of container 16 : 0.3333333333333333
normalized distance of container 17 : 0.3333333333333333
normalized distance of container 18 : 0.4444444444444444
normalized distance of container 19 : 0.6666666666666666
normalized distance of container 20 : 0.2222222222222222
normalized distance of container 21 : 0.5555555555555556
normalized distance of container 22 : 0.2222222222222222
normalized distance of container 23 : 0.4444444444444444
normalized distance of container 24 : 0.4444444444444444
normalized distance of container 25 : 0.3333333333333333
