Number of initial container : 5
Number of new container : 20
Total number of containers : 25
Level_num : 9
Container_level : [5, 1, 6, 8, 5, 3, 6, 1, 7, 2, 1, 4, 2, 6, 9, 8, 2, 7, 2, 1, 1, 2, 3, 5, 6]
ideal_configuration : 
 [[3. 5. 7. 9. 0. 0.]
 [2. 3. 6. 7. 0. 0.]
 [1. 2. 4. 6. 8. 0.]
 [1. 1. 2. 5. 6. 8.]
 [1. 1. 2. 2. 5. 6.]]
Centroid : {5: (3.6666666666666665, 1.6666666666666667), 1: (1.4, 0.8), 6: (4.5, 1.5), 8: (5.5, 1.5), 3: (1.5, 3.5), 7: (3.5, 3.5), 2: (2.6, 1.2), 4: (3.0, 2.0), 9: (4.0, 4.0)}
Repeat number : 3
Original weight : [13.74, 6.08, 17.67, 21.86, 15.16, 10.09, 17.46, 6.23, 19.13, 7.99, 6.79, 12.38, 9.04, 16.7, 22.03, 20.71, 8.38, 19.77, 8.14, 5.42, 6.22, 8.04, 10.47, 14.28, 17.75]
Sequence : [0, 0, 0, 0, 0, 1, 2, 3, 4, 5, 6, 7, 8, 9, 10, 11, 12, 13, 14, 15, 16, 17, 18, 19, 20]
Emergency : [0, 0, 0, 0, 0, 0, 0, 0, 0, 0, 0, 0, 0, 0, 0, 0, 0, 0, 0, 0, 0, 0, 0, 0, 0]
Time taken to solve the MIP model : 0.4053 seconds
min_d : 0, max_d : 9
---------------------------------
solution for: IP model
objective: 0
status: OPTIMAL_SOLUTION(2)
x_1_3_0=1
x_2_4_0=1
x_3_6_0=1
x_4_6_1=1
x_5_5_0=1
x_6_1_4=1
x_7_3_2=1
x_8_2_1=1
x_9_3_3=1
x_10_2_2=1
x_11_1_1=1
x_12_4_3=1
x_13_1_3=1
x_14_4_4=1
x_15_5_3=1
x_16_3_4=1
x_17_2_3=1
x_18_5_2=1
x_19_1_2=1
x_20_2_0=1
x_21_1_0=1
x_22_4_1=1
x_23_4_2=1
x_24_3_1=1
x_25_5_1=1
d_1=2.333
d_2=3.400
d_3=3.000
d_4=1.000
d_5=3.000
d_6=2.000
d_7=3.000
d_8=2.000
d_9=2.000
d_10=2.000
d_11=2.000
d_12=2.000
d_13=4.000
d_14=4.000
d_15=2.000
d_16=6.000
d_17=3.000
d_18=4.000
d_19=3.000
d_20=2.000
d_21=2.000
d_22=3.000
d_23=5.000
d_24=2.000
d_25=2.000
d_x_1=0.667
d_x_2=2.600
d_x_3=1.500
d_x_4=0.500
d_x_5=1.333
d_x_6=1.000
d_x_7=2.000
d_x_8=1.000
d_x_9=1.000
d_x_10=1.000
d_x_11=1.000
d_x_12=1.000
d_x_13=2.000
d_x_14=1.000
d_x_15=1.000
d_x_16=3.000
d_x_17=1.000
d_x_18=2.000
d_x_19=2.000
d_x_20=1.000
d_x_21=1.000
d_x_22=2.000
d_x_23=3.000
d_x_24=1.000
d_x_25=1.000
d_y_1=1.667
d_y_2=0.800
d_y_3=1.500
d_y_4=0.500
d_y_5=1.667
d_y_6=1.000
d_y_7=1.000
d_y_8=1.000
d_y_9=1.000
d_y_10=1.000
d_y_11=1.000
d_y_12=1.000
d_y_13=2.000
d_y_14=3.000
d_y_15=1.000
d_y_16=3.000
d_y_17=2.000
d_y_18=2.000
d_y_19=1.000
d_y_20=1.000
d_y_21=1.000
d_y_22=1.000
d_y_23=2.000
d_y_24=1.000
d_y_25=1.000
normalized distance of container 1 : 0.25925925925925924
normalized distance of container 2 : 0.3777777777777778
normalized distance of container 3 : 0.3333333333333333
normalized distance of container 4 : 0.1111111111111111
normalized distance of container 5 : 0.3333333333333333
normalized distance of container 6 : 0.2222222222222222
normalized distance of container 7 : 0.3333333333333333
normalized distance of container 8 : 0.2222222222222222
normalized distance of container 9 : 0.2222222222222222
normalized distance of container 10 : 0.2222222222222222
normalized distance of container 11 : 0.2222222222222222
normalized distance of container 12 : 0.2222222222222222
normalized distance of container 13 : 0.4444444444444444
normalized distance of container 14 : 0.4444444444444444
normalized distance of container 15 : 0.2222222222222222
normalized distance of container 16 : 0.6666666666666666
normalized distance of container 17 : 0.3333333333333333
normalized distance of container 18 : 0.4444444444444444
normalized distance of container 19 : 0.3333333333333333
normalized distance of container 20 : 0.2222222222222222
normalized distance of container 21 : 0.2222222222222222
normalized distance of container 22 : 0.3333333333333333
normalized distance of container 23 : 0.5555555555555556
normalized distance of container 24 : 0.2222222222222222
normalized distance of container 25 : 0.2222222222222222
