Number of initial container : 3
Number of new container : 7
Total number of containers : 10
Level_num : 9
Container_level : [3, 3, 8, 8, 1, 8, 9, 6, 3, 6]
ideal_configuration : 
 [[0. 0. 0. 0. 0. 0.]
 [8. 0. 0. 0. 0. 0.]
 [3. 8. 0. 0. 0. 0.]
 [3. 6. 8. 0. 0. 0.]
 [1. 3. 6. 9. 0. 0.]]
Centroid : {3: (0.3333333333333333, 1.0), 8: (1.0, 2.0), 1: (0.0, 0.0), 9: (3.0, 0.0), 6: (1.5, 0.5)}
Repeat number : 3
Original weight : [7.66, 5.44, 9.33, 22.06, 12.88, 11.64, 22.62, 23.03, 13.2, 17.42]
Group : [1, 1, 3, 3, 0, 3, 3, 2, 1, 2]
Sequence : [0, 0, 0, 1, 2, 3, 4, 5, 6, 7]
Scroe : [107.66, 105.44, 309.33, 322.06, 12.88, 311.64, 322.62, 223.03, 113.2, 217.42000000000002]
Time taken to solve the MIP model : 0.0179 seconds
min_d : 0, max_d : 9
---------------------------------
solution for: IP model
objective: 1.51852
x_0_2_0=1
x_1_1_0=1
x_2_4_0=1
x_3_1_1=1
x_4_0_0=1
x_5_1_2=1
x_6_3_0=1
x_7_2_1=1
x_8_0_1=1
x_9_2_2=1
r_1_1=1
r_1_2=1
r_2_1=1
r_2_2=1
d_0=2.667
d_1=1.667
d_2=5.000
d_3=1.000
d_7=1.000
d_8=0.333
d_9=2.000
d_x_0=1.667
d_x_1=0.667
d_x_2=3.000
d_x_7=0.500
d_x_8=0.333
d_x_9=0.500
d_y_0=1.000
d_y_1=1.000
d_y_2=2.000
d_y_3=1.000
d_y_7=0.500
d_y_9=1.500
normalized distance of container 0 : 0.29629629629629634
normalized distance of container 1 : 0.1851851851851852
normalized distance of container 2 : 0.5555555555555556
normalized distance of container 3 : 0.1111111111111111
normalized distance of container 4 : 0.0
normalized distance of container 5 : 0.0
normalized distance of container 6 : 0.0
normalized distance of container 7 : 0.11111111111110993
normalized distance of container 8 : 0.03703703703703651
normalized distance of container 9 : 0.2222222222222214
