Number of initial container : 5
Number of new container : 10
Total number of containers : 15
Level_num : 9
Container_level : [8, 2, 3, 6, 7, 7, 2, 5, 6, 2, 9, 4, 1, 3, 2]
ideal_configuration : 
 [[6. 0. 0. 0. 0. 0.]
 [3. 7. 0. 0. 0. 0.]
 [2. 4. 7. 0. 0. 0.]
 [2. 2. 5. 8. 0. 0.]
 [1. 2. 3. 6. 9. 0.]]
Centroid : {8: (4.0, 1.0), 2: (1.5, 1.0), 3: (2.0, 1.5), 6: (2.5, 2.0), 7: (2.5, 2.5), 5: (3.0, 1.0), 9: (5.0, 0.0), 4: (2.0, 2.0), 1: (1.0, 0.0)}
Repeat number : 13
Original weight : [21.0, 10.0, 11.16, 17.12, 18.37, 18.13, 10.72, 15.35, 16.59, 9.77, 21.1, 12.91, 7.28, 12.41, 9.33]
Sequence : [0, 0, 0, 0, 0, 1, 2, 3, 4, 5, 6, 7, 8, 9, 10]
Emergency : [0, 0, 0, 0, 0, 0, 0, 0, 0, 0, 0, 0, 0, 0, 0]
Time taken to solve the MIP model : 0.2360 seconds
min_d : 0, max_d : 9
---------------------------------
solution for: IP model
objective: 4.11111
x_1_1_0=1
x_2_2_0=1
x_3_3_0=1
x_4_6_0=1
x_5_6_1=1
x_6_3_1=1
x_7_2_1=1
x_8_3_2=1
x_9_3_3=1
x_10_4_0=1
x_11_5_0=1
x_12_2_2=1
x_13_4_1=1
x_14_4_2=1
x_15_5_1=1
r_2_1=1
r_2_2=1
r_3_1=1
r_3_2=1
r_3_3=1
r_4_0=1
r_4_1=1
r_4_2=1
r_5_0=1
r_5_1=1
d_1=4.000
d_2=1.500
d_3=2.500
d_4=5.500
d_5=5.000
d_6=2.000
d_7=0.500
d_8=1.000
d_9=1.500
d_10=3.500
d_13=4.000
d_14=2.500
d_15=3.500
d_x_1=3.000
d_x_2=0.500
d_x_3=1.000
d_x_4=3.500
d_x_5=3.500
d_x_6=0.500
d_x_7=0.500
d_x_9=0.500
d_x_10=2.500
d_x_13=3.000
d_x_14=2.000
d_x_15=3.500
d_y_1=1.000
d_y_2=1.000
d_y_3=1.500
d_y_4=2.000
d_y_5=1.500
d_y_6=1.500
d_y_8=1.000
d_y_9=1.000
d_y_10=1.000
d_y_13=1.000
d_y_14=0.500
normalized distance of container 1 : 0.4444444444444444
normalized distance of container 2 : 0.16666666666666666
normalized distance of container 3 : 0.2777777777777778
normalized distance of container 4 : 0.6111111111111112
normalized distance of container 5 : 0.5555555555555556
normalized distance of container 6 : 0.2222222222222222
normalized distance of container 7 : 0.05555555555555555
normalized distance of container 8 : 0.1111111111111111
normalized distance of container 9 : 0.16666666666666627
normalized distance of container 10 : 0.3888888888888889
normalized distance of container 11 : 0.0
normalized distance of container 12 : 0.0
normalized distance of container 13 : 0.4444444444444444
normalized distance of container 14 : 0.2777777777777774
normalized distance of container 15 : 0.3888888888888889
