Number of initial container : 2
Number of new container : 3
Total number of containers : 5
Level_num : 9
Container_level : [1, 9, 3, 1, 1]
ideal_configuration : 
 [[0. 0. 0. 0. 0. 0.]
 [0. 0. 0. 0. 0. 0.]
 [3. 0. 0. 0. 0. 0.]
 [1. 9. 0. 0. 0. 0.]
 [1. 1. 0. 0. 0. 0.]]
Centroid : {1: (0.3333333333333333, 0.3333333333333333), 9: (1.0, 1.0), 3: (0.0, 2.0)}
Repeat number : 13
Original weight : [8.4, 23.61, 13.07, 7.75, 7.81]
Group : [0, 0, 0, 0, 0]
Sequence : [0, 0, 1, 2, 3]
Scroe : [8.4, 23.61, 13.07, 7.75, 7.81]
Time taken to solve the MIP model : 0.0105 seconds
min_d : 0, max_d : 9
---------------------------------
solution for: IP model
objective: 0.777778
x_0_2_0=1
x_1_2_1=1
x_2_0_0=1
x_3_1_0=1
x_4_0_1=1
r_0_0=1
r_0_1=1
r_1_0=1
r_2_0=1
r_2_1=1
d_0=2.000
d_1=1.000
d_2=2.000
d_3=1.000
d_4=1.000
d_x_0=1.667
d_x_1=1.000
d_x_3=0.667
d_x_4=0.333
d_y_0=0.333
d_y_2=2.000
d_y_3=0.333
d_y_4=0.667
normalized distance of container 0 : 0.2222222222222222
normalized distance of container 1 : 0.1111111111111111
normalized distance of container 2 : 0.2222222222222222
normalized distance of container 3 : 0.11111111111111088
normalized distance of container 4 : 0.11111111111111059
