Number of initial container : 0
Number of new container : 25
Total number of containers : 25
Level_num : 9
Container_level : [6, 3, 6, 6, 6, 6, 1, 3, 9, 1, 1, 6, 8, 1, 8, 6, 1, 4, 6, 6, 3, 6, 1, 8, 1]
ideal_configuration : 
 [[4. 6. 6. 9. 0. 0.]
 [1. 6. 6. 8. 0. 0.]
 [1. 3. 6. 6. 8. 0.]
 [1. 1. 3. 6. 6. 8.]
 [1. 1. 1. 3. 6. 6.]]
Centroid : {6: (2.7, 2.0), 3: (2.0, 1.0), 1: (0.5714285714285714, 1.0), 9: (3.0, 4.0), 8: (4.0, 2.0), 4: (0.0, 4.0)}
Repeat number : 20
Original weight : [9.76, 19.77, 11.6, 15.91, 14.25, 20.62, 12.51, 17.19, 19.34, 5.74, 14.11, 17.98, 14.9, 6.48, 16.94, 20.61, 15.45, 23.95, 21.13, 22.32, 5.19, 13.53, 19.38, 8.76, 22.28]
Group : [2, 1, 2, 2, 2, 2, 0, 1, 3, 0, 0, 2, 3, 0, 3, 2, 0, 1, 2, 2, 1, 2, 0, 3, 0]
Sequence : [1, 2, 3, 4, 5, 6, 7, 8, 9, 10, 11, 12, 13, 14, 15, 16, 17, 18, 19, 20, 21, 22, 23, 24, 25]
Scroe : [209.76, 119.77, 211.6, 215.91, 214.25, 220.62, 12.51, 117.19, 319.34, 5.74, 14.11, 217.98, 314.9, 6.48, 316.94, 220.61, 15.45, 123.95, 221.13, 222.32, 105.19, 213.53, 19.38, 308.76, 22.28]
Time taken to solve the MIP model : 0.4862 seconds
min_d : 0, max_d : 9
---------------------------------
solution for: IP model
objective: 0
x_0_1_0=1
x_1_5_0=1
x_2_1_1=1
x_3_5_1=1
x_4_1_2=1
x_5_1_3=1
x_6_0_0=1
x_7_0_1=1
x_8_1_4=1
x_9_4_0=1
x_10_3_0=1
x_11_0_2=1
x_12_5_2=1
x_13_2_0=1
x_14_5_3=1
x_15_0_3=1
x_16_3_1=1
x_17_3_2=1
x_18_3_3=1
x_19_3_4=1
x_20_2_1=1
x_21_2_2=1
x_22_4_1=1
x_23_0_4=1
x_24_4_2=1
d_0=4.000
d_1=4.000
d_2=3.000
d_3=4.000
d_4=2.000
d_5=3.000
d_6=2.000
d_7=2.000
d_8=2.000
d_9=5.000
d_10=4.000
d_11=3.000
d_12=1.000
d_13=3.000
d_14=2.000
d_15=4.000
d_16=3.000
d_17=5.000
d_18=2.000
d_19=3.000
d_21=1.000
d_22=4.000
d_23=6.000
d_24=5.000
d_x_0=2.000
d_x_1=3.000
d_x_2=2.000
d_x_3=3.000
d_x_4=2.000
d_x_5=2.000
d_x_6=1.000
d_x_7=2.000
d_x_8=2.000
d_x_9=4.000
d_x_10=3.000
d_x_11=3.000
d_x_12=1.000
d_x_13=2.000
d_x_14=1.000
d_x_15=3.000
d_x_16=3.000
d_x_17=3.000
d_x_18=1.000
d_x_19=1.000
d_x_21=1.000
d_x_22=4.000
d_x_23=4.000
d_x_24=4.000
d_y_0=2.000
d_y_1=1.000
d_y_2=1.000
d_y_3=1.000
d_y_5=1.000
d_y_6=1.000
d_y_9=1.000
d_y_10=1.000
d_y_13=1.000
d_y_14=1.000
d_y_15=1.000
d_y_17=2.000
d_y_18=1.000
d_y_19=2.000
d_y_23=2.000
d_y_24=1.000
normalized distance of container 0 : 0.4444444444444444
normalized distance of container 1 : 0.4444444444444444
normalized distance of container 2 : 0.3333333333333333
normalized distance of container 3 : 0.4444444444444444
normalized distance of container 4 : 0.2222222222222222
normalized distance of container 5 : 0.3333333333333333
normalized distance of container 6 : 0.2222222222222222
normalized distance of container 7 : 0.2222222222222222
normalized distance of container 8 : 0.2222222222222222
normalized distance of container 9 : 0.5555555555555556
normalized distance of container 10 : 0.4444444444444444
normalized distance of container 11 : 0.3333333333333333
normalized distance of container 12 : 0.1111111111111111
normalized distance of container 13 : 0.3333333333333333
normalized distance of container 14 : 0.2222222222222222
normalized distance of container 15 : 0.4444444444444444
normalized distance of container 16 : 0.3333333333333333
normalized distance of container 17 : 0.5555555555555556
normalized distance of container 18 : 0.2222222222222222
normalized distance of container 19 : 0.3333333333333333
normalized distance of container 20 : 0.0
normalized distance of container 21 : 0.1111111111111111
normalized distance of container 22 : 0.4444444444444444
normalized distance of container 23 : 0.6666666666666666
normalized distance of container 24 : 0.5555555555555556
