Number of initial container : 0
Number of new container : 25
Total number of containers : 25
Level_num : 9
Container_level : [3, 8, 3, 6, 8, 9, 3, 1, 6, 3, 1, 3, 8, 1, 6, 6, 3, 3, 1, 3, 1, 3, 6, 1, 3]
ideal_configuration : 
 [[3. 3. 6. 9. 0. 0.]
 [3. 3. 6. 8. 0. 0.]
 [1. 3. 3. 6. 8. 0.]
 [1. 1. 3. 3. 6. 8.]
 [1. 1. 1. 3. 3. 6.]]
Centroid : {3: (1.7, 2.0), 8: (4.0, 2.0), 6: (3.2, 2.0), 9: (3.0, 4.0), 1: (0.6666666666666666, 0.6666666666666666)}
Repeat number : 27
Original weight : [8.74, 8.81, 21.23, 21.72, 16.52, 17.5, 12.07, 10.68, 22.13, 12.71, 21.37, 6.22, 14.11, 11.78, 7.92, 23.32, 13.2, 19.15, 16.36, 17.08, 14.82, 18.92, 14.86, 21.91, 9.64]
Group : [1, 3, 1, 2, 3, 3, 1, 0, 2, 1, 0, 1, 3, 0, 2, 2, 1, 1, 0, 1, 0, 1, 2, 0, 1]
Sequence : [1, 2, 3, 4, 5, 6, 7, 8, 9, 10, 11, 12, 13, 14, 15, 16, 17, 18, 19, 20, 21, 22, 23, 24, 25]
Scroe : [108.74, 308.81, 121.23, 221.72, 316.52, 317.5, 112.07, 10.68, 222.13, 112.71000000000001, 21.37, 106.22, 314.11, 11.78, 207.92, 223.32, 113.2, 119.15, 16.36, 117.08, 14.82, 118.92, 214.86, 21.91, 109.64]
Time taken to solve the MIP model : 0.6260 seconds
min_d : 0, max_d : 9
---------------------------------
solution for: IP model
objective: 0
x_0_5_0=1
x_1_3_0=1
x_2_5_1=1
x_3_5_2=1
x_4_3_1=1
x_5_3_2=1
x_6_4_0=1
x_7_0_0=1
x_8_5_3=1
x_9_4_1=1
x_10_0_1=1
x_11_0_2=1
x_12_5_4=1
x_13_2_0=1
x_14_4_2=1
x_15_4_3=1
x_16_0_3=1
x_17_0_4=1
x_18_2_1=1
x_19_2_2=1
x_20_1_0=1
x_21_2_3=1
x_22_2_4=1
x_23_1_1=1
x_24_1_2=1
d_0=6.000
d_1=3.000
d_2=5.000
d_3=2.000
d_4=2.000
d_5=2.000
d_6=5.000
d_7=2.000
d_8=3.000
d_9=4.000
d_10=2.000
d_11=2.000
d_12=3.000
d_13=3.000
d_14=1.000
d_15=2.000
d_16=3.000
d_17=4.000
d_18=3.000
d_19=1.000
d_20=2.000
d_21=2.000
d_22=4.000
d_23=2.000
d_24=1.000
d_x_0=4.000
d_x_1=1.000
d_x_2=4.000
d_x_3=2.000
d_x_4=1.000
d_x_6=3.000
d_x_7=1.000
d_x_8=2.000
d_x_9=3.000
d_x_10=1.000
d_x_11=2.000
d_x_12=1.000
d_x_13=2.000
d_x_14=1.000
d_x_15=1.000
d_x_16=2.000
d_x_17=2.000
d_x_18=2.000
d_x_19=1.000
d_x_20=1.000
d_x_21=1.000
d_x_22=2.000
d_x_23=1.000
d_x_24=1.000
d_y_0=2.000
d_y_1=2.000
d_y_2=1.000
d_y_4=1.000
d_y_5=2.000
d_y_6=2.000
d_y_7=1.000
d_y_8=1.000
d_y_9=1.000
d_y_10=1.000
d_y_12=2.000
d_y_13=1.000
d_y_15=1.000
d_y_16=1.000
d_y_17=2.000
d_y_18=1.000
d_y_20=1.000
d_y_21=1.000
d_y_22=2.000
d_y_23=1.000
normalized distance of container 0 : 0.6666666666666666
normalized distance of container 1 : 0.3333333333333333
normalized distance of container 2 : 0.5555555555555556
normalized distance of container 3 : 0.2222222222222222
normalized distance of container 4 : 0.2222222222222222
normalized distance of container 5 : 0.2222222222222222
normalized distance of container 6 : 0.5555555555555556
normalized distance of container 7 : 0.2222222222222222
normalized distance of container 8 : 0.3333333333333333
normalized distance of container 9 : 0.4444444444444444
normalized distance of container 10 : 0.2222222222222222
normalized distance of container 11 : 0.2222222222222222
normalized distance of container 12 : 0.3333333333333333
normalized distance of container 13 : 0.3333333333333333
normalized distance of container 14 : 0.1111111111111111
normalized distance of container 15 : 0.2222222222222222
normalized distance of container 16 : 0.3333333333333333
normalized distance of container 17 : 0.4444444444444444
normalized distance of container 18 : 0.3333333333333333
normalized distance of container 19 : 0.1111111111111111
normalized distance of container 20 : 0.2222222222222222
normalized distance of container 21 : 0.2222222222222222
normalized distance of container 22 : 0.4444444444444444
normalized distance of container 23 : 0.2222222222222222
normalized distance of container 24 : 0.1111111111111111
