Number of initial container : 0
Number of new container : 25
Total number of containers : 25
Level_num : 9
Container_level : [8, 8, 8, 6, 8, 6, 3, 1, 8, 8, 6, 6, 1, 3, 3, 6, 8, 9, 3, 8, 8, 3, 3, 8, 8]
ideal_configuration : 
 [[6. 8. 8. 9. 0. 0.]
 [3. 6. 8. 8. 0. 0.]
 [3. 3. 6. 8. 8. 0.]
 [1. 3. 6. 8. 8. 8.]
 [1. 3. 3. 6. 8. 8.]]
Centroid : {8: (3.272727272727273, 1.9090909090909092), 6: (1.6, 2.0), 3: (0.8333333333333334, 1.3333333333333333), 1: (0.0, 0.5), 9: (3.0, 4.0)}
Repeat number : 29
Original weight : [11.25, 21.15, 22.48, 19.46, 18.75, 13.6, 19.51, 5.64, 10.16, 8.62, 7.75, 17.42, 12.38, 9.21, 9.88, 5.96, 5.26, 23.28, 23.13, 18.52, 16.07, 10.27, 17.26, 10.8, 14.2]
Group : [3, 3, 3, 2, 3, 2, 1, 0, 3, 3, 2, 2, 0, 1, 1, 2, 3, 3, 1, 3, 3, 1, 1, 3, 3]
Sequence : [1, 2, 3, 4, 5, 6, 7, 8, 9, 10, 11, 12, 13, 14, 15, 16, 17, 18, 19, 20, 21, 22, 23, 24, 25]
Scroe : [311.25, 321.15, 322.48, 219.46, 318.75, 213.6, 119.51, 5.64, 310.16, 308.62, 207.75, 217.42000000000002, 12.38, 109.21000000000001, 109.88, 205.96, 305.26, 323.28, 123.13, 318.52, 316.07, 110.27, 117.26, 310.8, 314.2]
Time taken to solve the MIP model : 708.6224 seconds
min_d : 0, max_d : 9
---------------------------------
solution for: IP model
objective: 4
x_0_2_0=1
x_1_2_1=1
x_2_2_2=1
x_3_0_0=1
x_4_0_1=1
x_5_1_0=1
x_6_3_0=1
x_7_5_0=1
x_8_1_1=1
x_9_0_2=1
x_10_3_1=1
x_11_3_2=1
x_12_5_1=1
x_13_5_2=1
x_14_4_0=1
x_15_5_3=1
x_16_3_3=1
x_17_2_3=1
x_18_5_4=1
x_19_3_4=1
x_20_1_2=1
x_21_4_1=1
x_22_4_2=1
x_23_4_3=1
x_24_4_4=1
r_0_1=1
r_0_2=1
r_5_3=1
r_5_4=1
d_0=4.000
d_1=3.000
d_2=3.000
d_3=4.000
d_4=5.000
d_5=3.000
d_6=5.000
d_7=6.000
d_8=4.000
d_9=5.000
d_10=3.000
d_11=2.000
d_12=6.000
d_13=6.000
d_14=6.000
d_15=5.000
d_16=3.000
d_17=2.000
d_18=8.000
d_19=4.000
d_20=4.000
d_21=5.000
d_22=5.000
d_23=3.000
d_24=4.000
d_x_0=2.000
d_x_1=2.000
d_x_2=2.000
d_x_3=2.000
d_x_4=4.000
d_x_5=1.000
d_x_6=3.000
d_x_7=5.000
d_x_8=3.000
d_x_9=4.000
d_x_10=2.000
d_x_11=2.000
d_x_12=5.000
d_x_13=5.000
d_x_14=4.000
d_x_15=4.000
d_x_16=1.000
d_x_17=1.000
d_x_18=5.000
d_x_19=1.000
d_x_20=3.000
d_x_21=4.000
d_x_22=4.000
d_x_23=1.000
d_x_24=1.000
d_y_0=2.000
d_y_1=1.000
d_y_2=1.000
d_y_3=2.000
d_y_4=1.000
d_y_5=2.000
d_y_6=2.000
d_y_7=1.000
d_y_8=1.000
d_y_9=1.000
d_y_10=1.000
d_y_12=1.000
d_y_13=1.000
d_y_14=2.000
d_y_15=1.000
d_y_16=2.000
d_y_17=1.000
d_y_18=3.000
d_y_19=3.000
d_y_20=1.000
d_y_21=1.000
d_y_22=1.000
d_y_23=2.000
d_y_24=3.000
normalized distance of container 0 : 0.4444444444444444
normalized distance of container 1 : 0.3333333333333333
normalized distance of container 2 : 0.3333333333333333
normalized distance of container 3 : 0.4444444444444444
normalized distance of container 4 : 0.5555555555555556
normalized distance of container 5 : 0.3333333333333333
normalized distance of container 6 : 0.5555555555555556
normalized distance of container 7 : 0.6666666666666666
normalized distance of container 8 : 0.4444444444444444
normalized distance of container 9 : 0.5555555555555556
normalized distance of container 10 : 0.3333333333333333
normalized distance of container 11 : 0.2222222222222222
normalized distance of container 12 : 0.6666666666666666
normalized distance of container 13 : 0.6666666666666666
normalized distance of container 14 : 0.6666666666666666
normalized distance of container 15 : 0.5555555555555556
normalized distance of container 16 : 0.3333333333333333
normalized distance of container 17 : 0.2222222222222222
normalized distance of container 18 : 0.8888888888888888
normalized distance of container 19 : 0.4444444444444444
normalized distance of container 20 : 0.4444444444444444
normalized distance of container 21 : 0.5555555555555556
normalized distance of container 22 : 0.5555555555555556
normalized distance of container 23 : 0.3333333333333333
normalized distance of container 24 : 0.4444444444444444
