Number of initial container : 0
Number of new container : 25
Total number of containers : 25
Level_num : 9
Container_level : [8, 8, 3, 6, 9, 1, 8, 3, 6, 3, 3, 3, 1, 8, 1, 6, 1, 6, 1, 6, 1, 1, 6, 6, 1]
ideal_configuration : 
 [[3. 6. 8. 9. 0. 0.]
 [1. 3. 6. 8. 0. 0.]
 [1. 1. 3. 6. 8. 0.]
 [1. 1. 3. 6. 6. 8.]
 [1. 1. 1. 3. 6. 6.]]
Centroid : {8: (3.5, 2.5), 3: (1.6, 2.0), 6: (3.142857142857143, 1.5714285714285714), 9: (3.0, 4.0), 1: (0.625, 1.125)}
Repeat number : 2
Original weight : [15.44, 13.97, 11.25, 15.21, 17.93, 6.85, 8.23, 14.64, 12.5, 20.75, 5.19, 13.13, 5.68, 14.43, 11.48, 8.58, 10.85, 10.56, 12.83, 23.56, 13.92, 15.99, 21.17, 21.59, 17.73]
Group : [3, 3, 1, 2, 3, 0, 3, 1, 2, 1, 1, 1, 0, 3, 0, 2, 0, 2, 0, 2, 0, 0, 2, 2, 0]
Sequence : [1, 2, 3, 4, 5, 6, 7, 8, 9, 10, 11, 12, 13, 14, 15, 16, 17, 18, 19, 20, 21, 22, 23, 24, 25]
Scroe : [315.44, 313.97, 111.25, 215.21, 317.93, 6.85, 308.23, 114.64, 212.5, 120.75, 105.19, 113.13, 5.68, 314.43, 11.48, 208.58, 10.85, 210.56, 12.83, 223.56, 13.92, 15.99, 221.17000000000002, 221.59, 17.73]
Time taken to solve the MIP model : 80.1466 seconds
min_d : 0, max_d : 9
---------------------------------
solution for: IP model
objective: 5
x_0_3_0=1
x_1_3_1=1
x_2_2_0=1
x_3_2_1=1
x_4_3_2=1
x_5_4_0=1
x_6_2_2=1
x_7_4_1=1
x_8_4_2=1
x_9_4_3=1
x_10_0_0=1
x_11_0_1=1
x_12_1_0=1
x_13_2_3=1
x_14_5_0=1
x_15_0_2=1
x_16_1_1=1
x_17_0_3=1
x_18_1_2=1
x_19_0_4=1
x_20_1_3=1
x_21_5_1=1
x_22_5_2=1
x_23_5_3=1
x_24_1_4=1
r_3_0=1
r_3_1=1
r_3_2=1
r_4_2=1
r_4_3=1
d_0=4.000
d_1=3.000
d_2=3.000
d_3=3.000
d_4=2.000
d_5=6.000
d_6=3.000
d_7=4.000
d_8=2.000
d_9=4.000
d_10=4.000
d_11=3.000
d_12=3.000
d_13=3.000
d_14=7.000
d_15=5.000
d_16=2.000
d_17=6.000
d_18=2.000
d_19=7.000
d_20=3.000
d_21=6.000
d_22=3.000
d_23=4.000
d_24=4.000
d_x_0=1.000
d_x_1=1.000
d_x_2=1.000
d_x_3=2.000
d_x_5=4.000
d_x_6=2.000
d_x_7=3.000
d_x_8=1.000
d_x_9=3.000
d_x_10=2.000
d_x_11=2.000
d_x_12=1.000
d_x_13=2.000
d_x_14=5.000
d_x_15=4.000
d_x_16=1.000
d_x_17=4.000
d_x_18=1.000
d_x_19=4.000
d_x_20=1.000
d_x_21=5.000
d_x_22=2.000
d_x_23=2.000
d_x_24=1.000
d_y_0=3.000
d_y_1=2.000
d_y_2=2.000
d_y_3=1.000
d_y_4=2.000
d_y_5=2.000
d_y_6=1.000
d_y_7=1.000
d_y_8=1.000
d_y_9=1.000
d_y_10=2.000
d_y_11=1.000
d_y_12=2.000
d_y_13=1.000
d_y_14=2.000
d_y_15=1.000
d_y_16=1.000
d_y_17=2.000
d_y_18=1.000
d_y_19=3.000
d_y_20=2.000
d_y_21=1.000
d_y_22=1.000
d_y_23=2.000
d_y_24=3.000
normalized distance of container 0 : 0.4444444444444444
normalized distance of container 1 : 0.3333333333333333
normalized distance of container 2 : 0.3333333333333333
normalized distance of container 3 : 0.3333333333333333
normalized distance of container 4 : 0.2222222222222222
normalized distance of container 5 : 0.6666666666666666
normalized distance of container 6 : 0.3333333333333333
normalized distance of container 7 : 0.4444444444444444
normalized distance of container 8 : 0.2222222222222222
normalized distance of container 9 : 0.4444444444444444
normalized distance of container 10 : 0.4444444444444444
normalized distance of container 11 : 0.3333333333333333
normalized distance of container 12 : 0.3333333333333333
normalized distance of container 13 : 0.3333333333333333
normalized distance of container 14 : 0.7777777777777778
normalized distance of container 15 : 0.5555555555555556
normalized distance of container 16 : 0.2222222222222222
normalized distance of container 17 : 0.6666666666666666
normalized distance of container 18 : 0.2222222222222222
normalized distance of container 19 : 0.7777777777777778
normalized distance of container 20 : 0.3333333333333333
normalized distance of container 21 : 0.6666666666666666
normalized distance of container 22 : 0.3333333333333333
normalized distance of container 23 : 0.4444444444444444
normalized distance of container 24 : 0.4444444444444444
