Number of initial container : 0
Number of new container : 25
Total number of containers : 25
Level_num : 9
Container_level : [1, 1, 1, 3, 6, 6, 6, 1, 1, 3, 1, 6, 8, 8, 6, 8, 6, 1, 6, 1, 6, 9, 3, 8, 8]
ideal_configuration : 
 [[3. 6. 8. 9. 0. 0.]
 [1. 6. 6. 8. 0. 0.]
 [1. 1. 6. 6. 8. 0.]
 [1. 1. 3. 6. 6. 8.]
 [1. 1. 1. 3. 6. 8.]]
Centroid : {1: (0.625, 1.125), 3: (1.6666666666666667, 1.6666666666666667), 6: (2.5, 2.0), 8: (3.8, 2.0), 9: (3.0, 4.0)}
Repeat number : 3
Original weight : [21.11, 23.76, 18.06, 13.13, 7.64, 18.68, 19.44, 11.77, 8.98, 9.83, 11.87, 22.63, 5.78, 8.16, 22.56, 9.65, 8.33, 6.85, 21.14, 19.99, 21.29, 10.9, 6.56, 7.2, 8.22]
Group : [0, 0, 0, 1, 2, 2, 2, 0, 0, 1, 0, 2, 3, 3, 2, 3, 2, 0, 2, 0, 2, 3, 1, 3, 3]
Sequence : [1, 2, 3, 4, 5, 6, 7, 8, 9, 10, 11, 12, 13, 14, 15, 16, 17, 18, 19, 20, 21, 22, 23, 24, 25]
Scroe : [21.11, 23.76, 18.06, 113.13, 207.64, 218.68, 219.44, 11.77, 8.98, 109.83, 11.87, 222.63, 305.78, 308.16, 222.56, 309.65, 208.33, 6.85, 221.14, 19.99, 221.29, 310.9, 106.56, 307.2, 308.22]
Time taken to solve the MIP model : 0.0473 seconds
min_d : 0, max_d : 9
---------------------------------
solution for: IP model
objective: 0
x_0_0_0=1
x_1_0_1=1
x_2_1_0=1
x_3_0_2=1
x_4_1_1=1
x_5_0_3=1
x_6_1_2=1
x_7_2_0=1
x_8_3_0=1
x_9_2_1=1
x_10_3_1=1
x_11_0_4=1
x_12_1_3=1
x_13_2_2=1
x_14_3_2=1
x_15_1_4=1
x_16_4_0=1
x_17_5_0=1
x_18_4_1=1
x_19_5_1=1
x_20_4_2=1
x_21_2_3=1
x_22_5_2=1
x_23_3_3=1
x_24_3_4=1
d_0=3.000
d_1=2.000
d_2=3.000
d_3=3.000
d_4=3.000
d_5=4.000
d_6=2.000
d_7=4.000
d_8=5.000
d_9=2.000
d_10=4.000
d_11=5.000
d_12=4.000
d_13=2.000
d_14=1.000
d_15=5.000
d_16=4.000
d_17=7.000
d_18=3.000
d_19=6.000
d_20=2.000
d_21=2.000
d_22=5.000
d_23=2.000
d_24=3.000
d_x_0=1.000
d_x_1=1.000
d_x_2=1.000
d_x_3=2.000
d_x_4=2.000
d_x_5=3.000
d_x_6=2.000
d_x_7=2.000
d_x_8=3.000
d_x_9=1.000
d_x_10=3.000
d_x_11=3.000
d_x_12=3.000
d_x_13=2.000
d_x_14=1.000
d_x_15=3.000
d_x_16=2.000
d_x_17=5.000
d_x_18=2.000
d_x_19=5.000
d_x_20=2.000
d_x_21=1.000
d_x_22=4.000
d_x_23=1.000
d_x_24=1.000
d_y_0=2.000
d_y_1=1.000
d_y_2=2.000
d_y_3=1.000
d_y_4=1.000
d_y_5=1.000
d_y_7=2.000
d_y_8=2.000
d_y_9=1.000
d_y_10=1.000
d_y_11=2.000
d_y_12=1.000
d_y_15=2.000
d_y_16=2.000
d_y_17=2.000
d_y_18=1.000
d_y_19=1.000
d_y_21=1.000
d_y_22=1.000
d_y_23=1.000
d_y_24=2.000
normalized distance of container 0 : 0.3333333333333333
normalized distance of container 1 : 0.2222222222222222
normalized distance of container 2 : 0.3333333333333333
normalized distance of container 3 : 0.3333333333333333
normalized distance of container 4 : 0.3333333333333333
normalized distance of container 5 : 0.4444444444444444
normalized distance of container 6 : 0.2222222222222222
normalized distance of container 7 : 0.4444444444444444
normalized distance of container 8 : 0.5555555555555556
normalized distance of container 9 : 0.2222222222222222
normalized distance of container 10 : 0.4444444444444444
normalized distance of container 11 : 0.5555555555555556
normalized distance of container 12 : 0.4444444444444444
normalized distance of container 13 : 0.2222222222222222
normalized distance of container 14 : 0.1111111111111111
normalized distance of container 15 : 0.5555555555555556
normalized distance of container 16 : 0.4444444444444444
normalized distance of container 17 : 0.7777777777777778
normalized distance of container 18 : 0.3333333333333333
normalized distance of container 19 : 0.6666666666666666
normalized distance of container 20 : 0.2222222222222222
normalized distance of container 21 : 0.2222222222222222
normalized distance of container 22 : 0.5555555555555556
normalized distance of container 23 : 0.2222222222222222
normalized distance of container 24 : 0.3333333333333333
