Number of initial container : 0
Number of new container : 25
Total number of containers : 25
Level_num : 9
Container_level : [3, 1, 6, 1, 1, 8, 6, 3, 1, 9, 3, 1, 1, 6, 6, 3, 3, 8, 3, 8, 6, 3, 3, 1, 6]
ideal_configuration : 
 [[3. 6. 6. 9. 0. 0.]
 [1. 3. 6. 8. 0. 0.]
 [1. 3. 3. 6. 8. 0.]
 [1. 1. 3. 3. 6. 8.]
 [1. 1. 1. 3. 3. 6.]]
Centroid : {3: (2.0, 1.625), 1: (0.5714285714285714, 1.0), 6: (2.8333333333333335, 2.3333333333333335), 8: (4.0, 2.0), 9: (3.0, 4.0)}
Repeat number : 9
Original weight : [22.84, 22.95, 22.12, 11.47, 6.87, 20.2, 5.66, 16.7, 8.17, 21.53, 19.39, 15.71, 22.35, 17.01, 11.1, 10.89, 15.87, 12.22, 7.93, 12.56, 8.54, 21.57, 17.47, 14.43, 11.55]
Group : [1, 0, 2, 0, 0, 3, 2, 1, 0, 3, 1, 0, 0, 2, 2, 1, 1, 3, 1, 3, 2, 1, 1, 0, 2]
Sequence : [1, 2, 3, 4, 5, 6, 7, 8, 9, 10, 11, 12, 13, 14, 15, 16, 17, 18, 19, 20, 21, 22, 23, 24, 25]
Scroe : [122.84, 22.95, 222.12, 11.47, 6.87, 320.2, 205.66, 116.7, 8.17, 321.53, 119.39, 15.71, 22.35, 217.01, 211.1, 110.89, 115.87, 312.22, 107.93, 312.56, 208.54, 121.57, 117.47, 14.43, 211.55]
Time taken to solve the MIP model : 1413.5468 seconds
min_d : 0, max_d : 9
---------------------------------
solution for: IP model
objective: 2
x_0_2_0=1
x_1_5_0=1
x_2_5_1=1
x_3_1_0=1
x_4_3_0=1
x_5_5_2=1
x_6_2_1=1
x_7_1_1=1
x_8_4_0=1
x_9_5_3=1
x_10_1_2=1
x_11_4_1=1
x_12_0_0=1
x_13_1_3=1
x_14_2_2=1
x_15_4_2=1
x_16_4_3=1
x_17_2_3=1
x_18_0_1=1
x_19_1_4=1
x_20_0_2=1
x_21_0_3=1
x_22_4_4=1
x_23_3_1=1
x_24_3_2=1
r_0_2=1
r_0_3=1
d_0=2.000
d_1=6.000
d_2=5.000
d_3=2.000
d_4=4.000
d_5=1.000
d_6=3.000
d_7=2.000
d_8=5.000
d_9=3.000
d_10=2.000
d_11=4.000
d_12=2.000
d_13=3.000
d_14=2.000
d_15=3.000
d_16=4.000
d_17=3.000
d_18=3.000
d_19=5.000
d_20=4.000
d_21=4.000
d_22=5.000
d_23=3.000
d_24=2.000
d_x_1=5.000
d_x_2=3.000
d_x_3=1.000
d_x_4=3.000
d_x_5=1.000
d_x_6=1.000
d_x_7=1.000
d_x_8=4.000
d_x_9=2.000
d_x_10=1.000
d_x_11=4.000
d_x_12=1.000
d_x_13=2.000
d_x_14=1.000
d_x_15=2.000
d_x_16=2.000
d_x_17=2.000
d_x_18=2.000
d_x_19=3.000
d_x_20=3.000
d_x_21=2.000
d_x_22=2.000
d_x_23=3.000
d_x_24=1.000
d_y_0=2.000
d_y_1=1.000
d_y_2=2.000
d_y_3=1.000
d_y_4=1.000
d_y_6=2.000
d_y_7=1.000
d_y_8=1.000
d_y_9=1.000
d_y_10=1.000
d_y_12=1.000
d_y_13=1.000
d_y_14=1.000
d_y_15=1.000
d_y_16=2.000
d_y_17=1.000
d_y_18=1.000
d_y_19=2.000
d_y_20=1.000
d_y_21=2.000
d_y_22=3.000
d_y_24=1.000
normalized distance of container 0 : 0.2222222222222222
normalized distance of container 1 : 0.6666666666666666
normalized distance of container 2 : 0.5555555555555556
normalized distance of container 3 : 0.2222222222222222
normalized distance of container 4 : 0.4444444444444444
normalized distance of container 5 : 0.1111111111111111
normalized distance of container 6 : 0.3333333333333333
normalized distance of container 7 : 0.2222222222222222
normalized distance of container 8 : 0.5555555555555556
normalized distance of container 9 : 0.3333333333333333
normalized distance of container 10 : 0.2222222222222222
normalized distance of container 11 : 0.4444444444444444
normalized distance of container 12 : 0.2222222222222222
normalized distance of container 13 : 0.3333333333333333
normalized distance of container 14 : 0.2222222222222222
normalized distance of container 15 : 0.3333333333333333
normalized distance of container 16 : 0.4444444444444444
normalized distance of container 17 : 0.3333333333333333
normalized distance of container 18 : 0.3333333333333333
normalized distance of container 19 : 0.5555555555555556
normalized distance of container 20 : 0.4444444444444444
normalized distance of container 21 : 0.4444444444444444
normalized distance of container 22 : 0.5555555555555556
normalized distance of container 23 : 0.3333333333333333
normalized distance of container 24 : 0.2222222222222222
