Number of initial container : 0
Number of new container : 25
Total number of containers : 25
Level_num : 9
Container_level : [9, 6, 1, 6, 6, 6, 6, 1, 3, 1, 6, 8, 6, 3, 8, 6, 8, 6, 1, 8, 1, 6, 3, 8, 1]
ideal_configuration : 
 [[6. 6. 8. 9. 0. 0.]
 [3. 6. 6. 8. 0. 0.]
 [1. 3. 6. 6. 8. 0.]
 [1. 1. 3. 6. 6. 8.]
 [1. 1. 1. 6. 6. 8.]]
Centroid : {9: (3.0, 4.0), 6: (2.3, 2.0), 1: (0.6666666666666666, 0.6666666666666666), 3: (1.0, 2.0), 8: (3.8, 2.0)}
Repeat number : 18
Original weight : [18.4, 14.87, 16.24, 18.59, 6.69, 8.21, 14.31, 19.31, 6.02, 20.51, 11.52, 13.35, 11.64, 14.28, 12.94, 11.99, 8.31, 11.95, 10.68, 10.2, 19.91, 18.63, 13.51, 7.8, 21.88]
Group : [3, 2, 0, 2, 2, 2, 2, 0, 1, 0, 2, 3, 2, 1, 3, 2, 3, 2, 0, 3, 0, 2, 1, 3, 0]
Sequence : [1, 2, 3, 4, 5, 6, 7, 8, 9, 10, 11, 12, 13, 14, 15, 16, 17, 18, 19, 20, 21, 22, 23, 24, 25]
Scroe : [318.4, 214.87, 16.24, 218.59, 206.69, 208.21, 214.31, 19.31, 106.02, 20.51, 211.52, 313.35, 211.64, 114.28, 312.94, 211.99, 308.31, 211.95, 10.68, 310.2, 19.91, 218.63, 113.51, 307.8, 21.88]
Time taken to solve the MIP model : 213.2446 seconds
min_d : 0, max_d : 9
---------------------------------
solution for: IP model
objective: 4
x_0_4_0=1
x_1_5_0=1
x_2_0_0=1
x_3_5_1=1
x_4_0_1=1
x_5_0_2=1
x_6_0_3=1
x_7_1_0=1
x_8_1_1=1
x_9_2_0=1
x_10_2_1=1
x_11_4_1=1
x_12_2_2=1
x_13_1_2=1
x_14_0_4=1
x_15_1_3=1
x_16_1_4=1
x_17_2_3=1
x_18_3_0=1
x_19_2_4=1
x_20_3_1=1
x_21_5_2=1
x_22_3_2=1
x_23_5_3=1
x_24_3_3=1
r_3_2=1
r_3_3=1
r_4_0=1
r_4_1=1
d_0=5.000
d_1=5.000
d_2=2.000
d_3=4.000
d_4=4.000
d_5=3.000
d_6=4.000
d_7=2.000
d_8=1.000
d_9=3.000
d_10=2.000
d_11=2.000
d_12=1.000
d_14=6.000
d_15=3.000
d_16=5.000
d_17=2.000
d_18=4.000
d_19=4.000
d_20=4.000
d_21=3.000
d_22=2.000
d_23=3.000
d_24=6.000
d_x_0=1.000
d_x_1=3.000
d_x_2=1.000
d_x_3=3.000
d_x_4=3.000
d_x_5=3.000
d_x_6=3.000
d_x_7=1.000
d_x_9=2.000
d_x_10=1.000
d_x_11=1.000
d_x_12=1.000
d_x_14=4.000
d_x_15=2.000
d_x_16=3.000
d_x_17=1.000
d_x_18=3.000
d_x_19=2.000
d_x_20=3.000
d_x_21=3.000
d_x_22=2.000
d_x_23=2.000
d_x_24=3.000
d_y_0=4.000
d_y_1=2.000
d_y_2=1.000
d_y_3=1.000
d_y_4=1.000
d_y_6=1.000
d_y_7=1.000
d_y_8=1.000
d_y_9=1.000
d_y_10=1.000
d_y_11=1.000
d_y_14=2.000
d_y_15=1.000
d_y_16=2.000
d_y_17=1.000
d_y_18=1.000
d_y_19=2.000
d_y_20=1.000
d_y_23=1.000
d_y_24=3.000
normalized distance of container 0 : 0.5555555555555556
normalized distance of container 1 : 0.5555555555555556
normalized distance of container 2 : 0.2222222222222222
normalized distance of container 3 : 0.4444444444444444
normalized distance of container 4 : 0.4444444444444444
normalized distance of container 5 : 0.3333333333333333
normalized distance of container 6 : 0.4444444444444444
normalized distance of container 7 : 0.2222222222222222
normalized distance of container 8 : 0.1111111111111111
normalized distance of container 9 : 0.3333333333333333
normalized distance of container 10 : 0.2222222222222222
normalized distance of container 11 : 0.2222222222222222
normalized distance of container 12 : 0.1111111111111111
normalized distance of container 13 : 0.0
normalized distance of container 14 : 0.6666666666666666
normalized distance of container 15 : 0.3333333333333333
normalized distance of container 16 : 0.5555555555555556
normalized distance of container 17 : 0.2222222222222222
normalized distance of container 18 : 0.4444444444444444
normalized distance of container 19 : 0.4444444444444444
normalized distance of container 20 : 0.4444444444444444
normalized distance of container 21 : 0.3333333333333333
normalized distance of container 22 : 0.2222222222222222
normalized distance of container 23 : 0.3333333333333333
normalized distance of container 24 : 0.6666666666666666
