Number of initial container : 0
Number of new container : 25
Total number of containers : 25
Level_num : 9
Container_level : [5, 8, 9, 4, 5, 8, 1, 8, 5, 8, 1, 1, 8, 1, 1, 1, 8, 5, 1, 1, 1, 1, 5, 8, 5]
ideal_configuration : 
 [[4. 5. 8. 9. 0. 0.]
 [1. 5. 5. 8. 0. 0.]
 [1. 1. 5. 8. 8. 0.]
 [1. 1. 1. 5. 8. 8.]
 [1. 1. 1. 1. 5. 8.]]
Centroid : {5: (2.1666666666666665, 2.1666666666666665), 8: (3.7142857142857144, 1.8571428571428572), 9: (3.0, 4.0), 4: (0.0, 4.0), 1: (1.0, 1.0)}
Repeat number : 1
Original weight : [23.15, 11.52, 22.28, 8.8, 15.59, 18.2, 23.87, 5.41, 21.22, 13.56, 9.85, 22.25, 19.66, 7.03, 20.87, 10.42, 10.34, 21.74, 19.68, 12.07, 23.19, 20.47, 21.52, 18.65, 17.95]
Group : [1, 2, 2, 1, 1, 2, 0, 2, 1, 2, 0, 0, 2, 0, 0, 0, 2, 1, 0, 0, 0, 0, 1, 2, 1]
Sequence : [1, 2, 3, 4, 5, 6, 7, 8, 9, 10, 11, 12, 13, 14, 15, 16, 17, 18, 19, 20, 21, 22, 23, 24, 25]
Scroe : [123.15, 211.52, 222.28, 108.8, 115.59, 218.2, 23.87, 205.41, 121.22, 213.56, 9.85, 22.25, 219.66, 7.03, 20.87, 10.42, 210.34, 121.74, 19.68, 12.07, 23.19, 20.47, 121.52, 218.65, 117.95]
Time taken to solve the MIP model : 1141.3903 seconds
min_d : 0, max_d : 9
---------------------------------
solution for: IP model
objective: 5
x_0_3_0=1
x_1_3_1=1
x_2_3_2=1
x_3_4_0=1
x_4_4_1=1
x_5_3_3=1
x_6_0_0=1
x_7_4_2=1
x_8_0_1=1
x_9_0_2=1
x_10_2_0=1
x_11_1_0=1
x_12_0_3=1
x_13_5_0=1
x_14_1_1=1
x_15_5_1=1
x_16_4_3=1
x_17_1_2=1
x_18_5_2=1
x_19_2_1=1
x_20_2_2=1
x_21_5_3=1
x_22_2_3=1
x_23_2_4=1
x_24_5_4=1
r_1_0=1
r_1_1=1
r_1_2=1
r_3_2=1
r_3_3=1
d_0=4.000
d_1=2.000
d_2=2.000
d_3=8.000
d_4=4.000
d_5=3.000
d_6=2.000
d_7=2.000
d_8=5.000
d_9=5.000
d_10=2.000
d_11=1.000
d_12=6.000
d_13=5.000
d_15=4.000
d_16=3.000
d_17=3.000
d_18=5.000
d_19=1.000
d_20=2.000
d_21=6.000
d_22=2.000
d_23=5.000
d_24=5.000
d_x_0=1.000
d_x_1=1.000
d_x_3=4.000
d_x_4=2.000
d_x_5=1.000
d_x_6=1.000
d_x_7=1.000
d_x_8=3.000
d_x_9=4.000
d_x_10=1.000
d_x_12=4.000
d_x_13=4.000
d_x_15=4.000
d_x_16=1.000
d_x_17=2.000
d_x_18=4.000
d_x_19=1.000
d_x_20=1.000
d_x_21=4.000
d_x_22=1.000
d_x_23=2.000
d_x_24=3.000
d_y_0=3.000
d_y_1=1.000
d_y_2=2.000
d_y_3=4.000
d_y_4=2.000
d_y_5=2.000
d_y_6=1.000
d_y_7=1.000
d_y_8=2.000
d_y_9=1.000
d_y_10=1.000
d_y_11=1.000
d_y_12=2.000
d_y_13=1.000
d_y_16=2.000
d_y_17=1.000
d_y_18=1.000
d_y_20=1.000
d_y_21=2.000
d_y_22=1.000
d_y_23=3.000
d_y_24=2.000
normalized distance of container 0 : 0.4444444444444444
normalized distance of container 1 : 0.2222222222222222
normalized distance of container 2 : 0.2222222222222222
normalized distance of container 3 : 0.8888888888888888
normalized distance of container 4 : 0.4444444444444444
normalized distance of container 5 : 0.3333333333333333
normalized distance of container 6 : 0.2222222222222222
normalized distance of container 7 : 0.2222222222222222
normalized distance of container 8 : 0.5555555555555556
normalized distance of container 9 : 0.5555555555555556
normalized distance of container 10 : 0.2222222222222222
normalized distance of container 11 : 0.1111111111111111
normalized distance of container 12 : 0.6666666666666666
normalized distance of container 13 : 0.5555555555555556
normalized distance of container 14 : 0.0
normalized distance of container 15 : 0.4444444444444444
normalized distance of container 16 : 0.3333333333333333
normalized distance of container 17 : 0.3333333333333333
normalized distance of container 18 : 0.5555555555555556
normalized distance of container 19 : 0.1111111111111111
normalized distance of container 20 : 0.2222222222222222
normalized distance of container 21 : 0.6666666666666666
normalized distance of container 22 : 0.2222222222222222
normalized distance of container 23 : 0.5555555555555556
normalized distance of container 24 : 0.5555555555555556
