Number of initial container : 0
Number of new container : 25
Total number of containers : 25
Level_num : 9
Container_level : [3, 3, 3, 6, 3, 6, 3, 1, 1, 6, 9, 1, 1, 8, 6, 8, 8, 6, 1, 6, 8, 8, 8, 3, 6]
ideal_configuration : 
 [[3. 6. 8. 9. 0. 0.]
 [3. 6. 6. 8. 0. 0.]
 [1. 3. 6. 6. 8. 0.]
 [1. 1. 3. 6. 8. 8.]
 [1. 1. 3. 3. 6. 8.]]
Centroid : {3: (1.3333333333333333, 1.6666666666666667), 6: (2.2857142857142856, 2.142857142857143), 1: (0.4, 0.8), 9: (3.0, 4.0), 8: (3.8333333333333335, 1.8333333333333333)}
Repeat number : 25
Original weight : [8.29, 17.48, 14.7, 19.18, 5.58, 10.09, 5.1, 20.79, 12.11, 16.85, 18.26, 6.42, 11.26, 8.45, 22.7, 12.26, 5.73, 12.21, 5.12, 9.61, 10.87, 11.04, 13.78, 15.83, 23.63]
Group : [1, 1, 1, 2, 1, 2, 1, 0, 0, 2, 3, 0, 0, 3, 2, 3, 3, 2, 0, 2, 3, 3, 3, 1, 2]
Sequence : [1, 2, 3, 4, 5, 6, 7, 8, 9, 10, 11, 12, 13, 14, 15, 16, 17, 18, 19, 20, 21, 22, 23, 24, 25]
Scroe : [108.28999999999999, 117.48, 114.7, 219.18, 105.58, 210.09, 105.1, 20.79, 12.11, 216.85, 318.26, 6.42, 11.26, 308.45, 222.7, 312.26, 305.73, 212.21, 5.12, 209.61, 310.87, 311.04, 313.78, 115.83, 223.63]
Time taken to solve the MIP model : 242.0300 seconds
min_d : 0, max_d : 9
---------------------------------
solution for: IP model
objective: 4
x_0_3_0=1
x_1_0_0=1
x_2_3_1=1
x_3_3_2=1
x_4_2_0=1
x_5_2_1=1
x_6_5_0=1
x_7_5_1=1
x_8_4_0=1
x_9_4_1=1
x_10_4_2=1
x_11_1_0=1
x_12_1_1=1
x_13_2_2=1
x_14_3_3=1
x_15_2_3=1
x_16_3_4=1
x_17_0_1=1
x_18_5_2=1
x_19_1_2=1
x_20_0_2=1
x_21_0_3=1
x_22_0_4=1
x_23_5_3=1
x_24_1_3=1
r_5_0=1
r_5_1=1
r_5_2=1
r_5_3=1
d_0=4.000
d_1=4.000
d_2=3.000
d_3=2.000
d_4=3.000
d_5=3.000
d_6=6.000
d_7=6.000
d_8=5.000
d_9=4.000
d_10=3.000
d_11=2.000
d_12=2.000
d_13=3.000
d_14=2.000
d_15=4.000
d_16=4.000
d_17=5.000
d_18=7.000
d_19=3.000
d_20=5.000
d_21=6.000
d_22=7.000
d_23=6.000
d_24=3.000
d_x_0=2.000
d_x_1=2.000
d_x_2=2.000
d_x_3=1.000
d_x_4=1.000
d_x_5=1.000
d_x_6=4.000
d_x_7=5.000
d_x_8=4.000
d_x_9=2.000
d_x_10=1.000
d_x_11=1.000
d_x_12=1.000
d_x_13=2.000
d_x_14=1.000
d_x_15=2.000
d_x_16=1.000
d_x_17=3.000
d_x_18=5.000
d_x_19=2.000
d_x_20=4.000
d_x_21=4.000
d_x_22=4.000
d_x_23=4.000
d_x_24=2.000
d_y_0=2.000
d_y_1=2.000
d_y_2=1.000
d_y_3=1.000
d_y_4=2.000
d_y_5=2.000
d_y_6=2.000
d_y_7=1.000
d_y_8=1.000
d_y_9=2.000
d_y_10=2.000
d_y_11=1.000
d_y_12=1.000
d_y_13=1.000
d_y_14=1.000
d_y_15=2.000
d_y_16=3.000
d_y_17=2.000
d_y_18=2.000
d_y_19=1.000
d_y_20=1.000
d_y_21=2.000
d_y_22=3.000
d_y_23=2.000
d_y_24=1.000
normalized distance of container 0 : 0.4444444444444444
normalized distance of container 1 : 0.4444444444444444
normalized distance of container 2 : 0.3333333333333333
normalized distance of container 3 : 0.2222222222222222
normalized distance of container 4 : 0.3333333333333333
normalized distance of container 5 : 0.3333333333333333
normalized distance of container 6 : 0.6666666666666666
normalized distance of container 7 : 0.6666666666666666
normalized distance of container 8 : 0.5555555555555556
normalized distance of container 9 : 0.4444444444444444
normalized distance of container 10 : 0.3333333333333333
normalized distance of container 11 : 0.2222222222222222
normalized distance of container 12 : 0.2222222222222222
normalized distance of container 13 : 0.3333333333333333
normalized distance of container 14 : 0.2222222222222222
normalized distance of container 15 : 0.4444444444444444
normalized distance of container 16 : 0.4444444444444444
normalized distance of container 17 : 0.5555555555555556
normalized distance of container 18 : 0.7777777777777778
normalized distance of container 19 : 0.3333333333333333
normalized distance of container 20 : 0.5555555555555556
normalized distance of container 21 : 0.6666666666666666
normalized distance of container 22 : 0.7777777777777778
normalized distance of container 23 : 0.6666666666666666
normalized distance of container 24 : 0.3333333333333333
