Number of initial container : 0
Number of new container : 25
Total number of containers : 25
Level_num : 9
Container_level : [3, 6, 3, 1, 3, 9, 1, 8, 6, 6, 3, 3, 8, 8, 1, 3, 6, 1, 3, 1, 6, 6, 3, 6, 3]
ideal_configuration : 
 [[3. 6. 6. 9. 0. 0.]
 [3. 3. 6. 8. 0. 0.]
 [1. 3. 3. 6. 8. 0.]
 [1. 1. 3. 3. 6. 8.]
 [1. 1. 3. 3. 6. 6.]]
Centroid : {3: (1.5555555555555556, 1.7777777777777777), 6: (3.0, 2.0), 1: (0.4, 0.8), 9: (3.0, 4.0), 8: (4.0, 2.0)}
Repeat number : 7
Original weight : [19.22, 21.99, 8.5, 6.24, 23.97, 20.46, 16.41, 20.35, 12.73, 21.05, 22.45, 17.29, 15.79, 16.13, 13.35, 22.95, 15.98, 10.01, 6.48, 23.25, 18.01, 7.05, 15.34, 10.44, 6.06]
Group : [1, 2, 1, 0, 1, 3, 0, 3, 2, 2, 1, 1, 3, 3, 0, 1, 2, 0, 1, 0, 2, 2, 1, 2, 1]
Sequence : [1, 2, 3, 4, 5, 6, 7, 8, 9, 10, 11, 12, 13, 14, 15, 16, 17, 18, 19, 20, 21, 22, 23, 24, 25]
Scroe : [119.22, 221.99, 108.5, 6.24, 123.97, 320.46, 16.41, 320.35, 212.73, 221.05, 122.45, 117.28999999999999, 315.79, 316.13, 13.35, 122.95, 215.98, 10.01, 106.48, 23.25, 218.01, 207.05, 115.34, 210.44, 106.06]
Time taken to solve the MIP model : 166.0053 seconds
min_d : 0, max_d : 9
---------------------------------
solution for: IP model
objective: 2
x_0_4_0=1
x_1_4_1=1
x_2_3_0=1
x_3_2_0=1
x_4_1_0=1
x_5_4_2=1
x_6_0_0=1
x_7_4_3=1
x_8_1_1=1
x_9_1_2=1
x_10_3_1=1
x_11_0_1=1
x_12_1_3=1
x_13_1_4=1
x_14_5_0=1
x_15_0_2=1
x_16_0_3=1
x_17_2_1=1
x_18_5_1=1
x_19_2_2=1
x_20_0_4=1
x_21_3_2=1
x_22_5_2=1
x_23_3_3=1
x_24_2_3=1
r_4_2=1
r_4_3=1
d_0=5.000
d_1=2.000
d_2=4.000
d_3=3.000
d_4=3.000
d_5=3.000
d_6=2.000
d_7=1.000
d_8=3.000
d_9=2.000
d_10=3.000
d_11=3.000
d_12=4.000
d_13=5.000
d_14=6.000
d_15=3.000
d_16=4.000
d_17=3.000
d_18=5.000
d_19=4.000
d_20=5.000
d_22=5.000
d_23=1.000
d_24=3.000
d_x_0=3.000
d_x_1=1.000
d_x_2=2.000
d_x_3=2.000
d_x_4=1.000
d_x_5=1.000
d_x_6=1.000
d_x_8=2.000
d_x_9=2.000
d_x_10=2.000
d_x_11=2.000
d_x_12=3.000
d_x_13=3.000
d_x_14=5.000
d_x_15=2.000
d_x_16=3.000
d_x_17=2.000
d_x_18=4.000
d_x_19=2.000
d_x_20=3.000
d_x_22=4.000
d_x_24=1.000
d_y_0=2.000
d_y_1=1.000
d_y_2=2.000
d_y_3=1.000
d_y_4=2.000
d_y_5=2.000
d_y_6=1.000
d_y_7=1.000
d_y_8=1.000
d_y_10=1.000
d_y_11=1.000
d_y_12=1.000
d_y_13=2.000
d_y_14=1.000
d_y_15=1.000
d_y_16=1.000
d_y_17=1.000
d_y_18=1.000
d_y_19=2.000
d_y_20=2.000
d_y_22=1.000
d_y_23=1.000
d_y_24=2.000
normalized distance of container 0 : 0.5555555555555556
normalized distance of container 1 : 0.2222222222222222
normalized distance of container 2 : 0.4444444444444444
normalized distance of container 3 : 0.3333333333333333
normalized distance of container 4 : 0.3333333333333333
normalized distance of container 5 : 0.3333333333333333
normalized distance of container 6 : 0.2222222222222222
normalized distance of container 7 : 0.1111111111111111
normalized distance of container 8 : 0.3333333333333333
normalized distance of container 9 : 0.2222222222222222
normalized distance of container 10 : 0.3333333333333333
normalized distance of container 11 : 0.3333333333333333
normalized distance of container 12 : 0.4444444444444444
normalized distance of container 13 : 0.5555555555555556
normalized distance of container 14 : 0.6666666666666666
normalized distance of container 15 : 0.3333333333333333
normalized distance of container 16 : 0.4444444444444444
normalized distance of container 17 : 0.3333333333333333
normalized distance of container 18 : 0.5555555555555556
normalized distance of container 19 : 0.4444444444444444
normalized distance of container 20 : 0.5555555555555556
normalized distance of container 21 : 0.0
normalized distance of container 22 : 0.5555555555555556
normalized distance of container 23 : 0.1111111111111111
normalized distance of container 24 : 0.3333333333333333
