Number of initial container : 0
Number of new container : 10
Total number of containers : 10
Level_num : 9
Container_level : [1, 7, 4, 1, 4, 9, 8, 2, 5, 1]
ideal_configuration : 
 [[0. 0. 0. 0. 0. 0.]
 [5. 0. 0. 0. 0. 0.]
 [2. 7. 0. 0. 0. 0.]
 [1. 4. 8. 0. 0. 0.]
 [1. 1. 4. 9. 0. 0.]]
Centroid : {1: (0.3333333333333333, 0.3333333333333333), 7: (1.0, 2.0), 4: (1.5, 0.5), 9: (3.0, 0.0), 8: (2.0, 1.0), 2: (0.0, 2.0), 5: (0.0, 3.0)}
Repeat number : 11
Original weight : [5.5, 20.27, 13.4, 6.1, 12.27, 22.83, 21.69, 9.61, 15.37, 7.29]
Sequence : [1, 2, 3, 4, 5, 6, 7, 8, 9, 10]
Emergency : [0, 0, 0, 0, 0, 0, 0, 0, 0, 0]
Time taken to solve the MIP model : 0.0630 seconds
min_d : 0, max_d : 9
---------------------------------
solution for: IP model
objective: 0.703704
status: OPTIMAL_SOLUTION(2)
x_0_1_0=1
x_1_1_1=1
x_2_3_0=1
x_3_0_0=1
x_4_2_0=1
x_5_3_1=1
x_6_2_1=1
x_7_0_1=1
x_8_0_2=1
x_9_4_0=1
d_0=1.000
d_1=1.000
d_2=2.000
d_3=0.667
d_4=1.000
d_5=1.000
d_7=1.000
d_8=1.000
d_9=4.000
d_x_0=0.667
d_x_2=1.500
d_x_3=0.333
d_x_4=0.500
d_x_9=3.667
d_y_0=0.333
d_y_1=1.000
d_y_2=0.500
d_y_3=0.333
d_y_4=0.500
d_y_5=1.000
d_y_7=1.000
d_y_8=1.000
d_y_9=0.333
normalized distance of container 0 : 0.11111111111111065
normalized distance of container 1 : 0.1111111111111111
normalized distance of container 2 : 0.2222222222222222
normalized distance of container 3 : 0.07407407407407407
normalized distance of container 4 : 0.11111111111111033
normalized distance of container 5 : 0.1111111111111111
normalized distance of container 6 : 0.0
normalized distance of container 7 : 0.1111111111111111
normalized distance of container 8 : 0.1111111111111111
normalized distance of container 9 : 0.44444444444444264
