Number of initial container : 5
Number of new container : 18
Total number of containers : 23
Level_num : 9
Container_level : [8, 3, 6, 6, 3, 3, 1, 3, 3, 1, 6, 3, 9, 1, 6, 8, 8, 3, 8, 3, 6, 8, 8]
ideal_configuration : 
 [[3. 6. 8. 0. 0. 0.]
 [3. 6. 8. 8. 0. 0.]
 [3. 3. 6. 8. 9. 0.]
 [1. 3. 3. 6. 8. 0.]
 [1. 1. 3. 3. 6. 8.]]
Centroid : {8: (3.1666666666666665, 2.1666666666666665), 3: (1.125, 1.625), 6: (2.2, 2.0), 1: (0.3333333333333333, 0.3333333333333333), 9: (4.0, 2.0)}
Repeat number : 14
Original weight : [14.06, 22.52, 16.52, 19.88, 17.15, 17.94, 16.81, 21.18, 21.66, 19.83, 9.8, 16.31, 21.48, 10.2, 23.88, 20.39, 15.41, 11.24, 19.51, 22.72, 9.7, 7.58, 5.85]
Group : [3, 1, 2, 2, 1, 1, 0, 1, 1, 0, 2, 1, 3, 0, 2, 3, 3, 1, 3, 1, 2, 3, 3]
Sequence : [0, 0, 0, 0, 0, 1, 2, 3, 4, 5, 6, 7, 8, 9, 10, 11, 12, 13, 14, 15, 16, 17, 18]
Scroe : [314.06, 122.52, 216.52, 219.88, 117.15, 117.94, 16.81, 121.18, 121.66, 19.83, 209.8, 116.31, 321.48, 10.2, 223.88, 320.39, 315.41, 111.24, 319.51, 122.72, 209.7, 307.58, 305.85]
Time taken to solve the MIP model : 0.1296 seconds
min_d : 0, max_d : 9
---------------------------------
solution for: IP model
objective: 4.5963
x_0_5_0=1
x_1_3_0=1
x_2_4_0=1
x_3_5_1=1
x_4_0_0=1
x_5_0_1=1
x_6_2_0=1
x_7_0_2=1
x_8_2_1=1
x_9_1_0=1
x_10_2_2=1
x_11_0_3=1
x_12_4_1=1
x_13_1_1=1
x_14_2_3=1
x_15_3_1=1
x_16_4_2=1
x_17_1_2=1
x_18_4_3=1
x_19_1_3=1
x_20_2_4=1
x_21_3_2=1
x_22_3_3=1
r_0_0=1
r_0_1=1
r_0_2=1
r_0_3=1
r_1_0=1
r_1_1=1
r_1_2=1
r_1_3=1
r_2_1=1
r_2_2=1
r_2_3=1
r_2_4=1
r_3_0=1
r_3_1=1
r_3_2=1
r_3_3=1
r_4_1=1
r_4_2=1
r_4_3=1
r_5_0=1
r_5_1=1
d_0=4.000
d_1=3.500
d_2=3.800
d_3=3.800
d_4=2.750
d_5=1.750
d_6=2.000
d_7=1.500
d_8=1.500
d_9=1.000
d_10=0.200
d_11=2.500
d_12=1.000
d_13=1.333
d_14=1.200
d_15=1.333
d_16=1.000
d_17=0.500
d_18=1.667
d_19=1.500
d_20=2.200
d_21=0.333
d_22=1.000
d_x_0=1.833
d_x_1=1.875
d_x_2=1.800
d_x_3=2.800
d_x_4=1.125
d_x_5=1.125
d_x_6=1.667
d_x_7=1.125
d_x_8=0.875
d_x_9=0.667
d_x_10=0.200
d_x_11=1.125
d_x_13=0.667
d_x_14=0.200
d_x_15=0.167
d_x_16=0.833
d_x_17=0.125
d_x_18=0.833
d_x_19=0.125
d_x_20=0.200
d_x_21=0.167
d_x_22=0.167
d_y_0=2.167
d_y_1=1.625
d_y_2=2.000
d_y_3=1.000
d_y_4=1.625
d_y_5=0.625
d_y_6=0.333
d_y_7=0.375
d_y_8=0.625
d_y_9=0.333
d_y_11=1.375
d_y_12=1.000
d_y_13=0.667
d_y_14=1.000
d_y_15=1.167
d_y_16=0.167
d_y_17=0.375
d_y_18=0.833
d_y_19=1.375
d_y_20=2.000
d_y_21=0.167
d_y_22=0.833
normalized distance of container 0 : 0.4444444444444444
normalized distance of container 1 : 0.3888888888888889
normalized distance of container 2 : 0.4222222222222222
normalized distance of container 3 : 0.4222222222222222
normalized distance of container 4 : 0.3055555555555556
normalized distance of container 5 : 0.19444444444444445
normalized distance of container 6 : 0.2222222222222222
normalized distance of container 7 : 0.16666666666666663
normalized distance of container 8 : 0.16666666666666627
normalized distance of container 9 : 0.11111111111111104
normalized distance of container 10 : 0.02222222222222224
normalized distance of container 11 : 0.2777777777777774
normalized distance of container 12 : 0.1111111111111111
normalized distance of container 13 : 0.14814814814814808
normalized distance of container 14 : 0.13333333333333336
normalized distance of container 15 : 0.1481481481481481
normalized distance of container 16 : 0.11111111111111097
normalized distance of container 17 : 0.055555555555555164
normalized distance of container 18 : 0.18518518518518473
normalized distance of container 19 : 0.16666666666666627
normalized distance of container 20 : 0.24444444444444446
normalized distance of container 21 : 0.03703703703703701
normalized distance of container 22 : 0.11111111111111077
