Number of initial container : 5
Number of new container : 18
Total number of containers : 23
Level_num : 9
Container_level : [3, 1, 6, 8, 3, 1, 8, 1, 1, 3, 8, 6, 1, 1, 8, 8, 6, 1, 9, 8, 8, 8, 8]
ideal_configuration : 
 [[6. 8. 8. 0. 0. 0.]
 [1. 6. 8. 8. 0. 0.]
 [1. 3. 6. 8. 9. 0.]
 [1. 1. 3. 8. 8. 0.]
 [1. 1. 1. 3. 8. 8.]]
Centroid : {3: (2.0, 1.0), 1: (0.5714285714285714, 1.0), 6: (1.0, 3.0), 8: (3.0, 2.0), 9: (4.0, 2.0)}
Repeat number : 9
Original weight : [23.78, 14.97, 15.6, 14.54, 13.16, 21.64, 9.26, 17.82, 5.25, 17.19, 6.07, 22.26, 15.71, 7.24, 9.71, 5.26, 14.75, 22.34, 22.15, 7.29, 5.89, 15.3, 12.06]
Group : [1, 0, 2, 3, 1, 0, 3, 0, 0, 1, 3, 2, 0, 0, 3, 3, 2, 0, 3, 3, 3, 3, 3]
Sequence : [0, 0, 0, 0, 0, 1, 2, 3, 4, 5, 6, 7, 8, 9, 10, 11, 12, 13, 14, 15, 16, 17, 18]
Scroe : [123.78, 14.97, 215.6, 314.54, 113.16, 21.64, 309.26, 17.82, 5.25, 117.19, 306.07, 222.26, 15.71, 7.24, 309.71, 305.26, 214.75, 22.34, 322.15, 307.29, 305.89, 315.3, 312.06]
Time taken to solve the MIP model : 0.1498 seconds
min_d : 0, max_d : 9
---------------------------------
solution for: IP model
objective: 3.95238
x_0_3_0=1
x_1_1_0=1
x_2_5_0=1
x_3_3_1=1
x_4_2_0=1
x_5_0_0=1
x_6_4_0=1
x_7_1_1=1
x_8_1_2=1
x_9_2_1=1
x_10_4_1=1
x_11_1_3=1
x_12_0_1=1
x_13_0_2=1
x_14_3_2=1
x_15_4_2=1
x_16_1_4=1
x_17_0_3=1
x_18_4_3=1
x_19_3_3=1
x_20_2_2=1
x_21_5_1=1
x_22_5_2=1
r_0_0=1
r_0_1=1
r_0_2=1
r_0_3=1
r_1_0=1
r_1_1=1
r_1_2=1
r_1_3=1
r_1_4=1
r_3_1=1
r_3_2=1
r_3_3=1
r_4_0=1
r_4_1=1
r_4_2=1
r_4_3=1
r_5_1=1
r_5_2=1
d_0=2.000
d_1=1.429
d_2=7.000
d_3=1.000
d_4=1.000
d_5=1.571
d_6=3.000
d_7=0.429
d_8=1.429
d_10=2.000
d_12=0.571
d_13=1.571
d_15=1.000
d_16=1.000
d_17=2.571
d_18=1.000
d_19=1.000
d_20=1.000
d_21=3.000
d_22=2.000
d_x_0=1.000
d_x_1=0.429
d_x_2=4.000
d_x_5=0.571
d_x_6=1.000
d_x_7=0.429
d_x_8=0.429
d_x_10=1.000
d_x_12=0.571
d_x_13=0.571
d_x_15=1.000
d_x_17=0.571
d_x_20=1.000
d_x_21=2.000
d_x_22=2.000
d_y_0=1.000
d_y_1=1.000
d_y_2=3.000
d_y_3=1.000
d_y_4=1.000
d_y_5=1.000
d_y_6=2.000
d_y_8=1.000
d_y_10=1.000
d_y_13=1.000
d_y_16=1.000
d_y_17=2.000
d_y_18=1.000
d_y_19=1.000
d_y_21=1.000
normalized distance of container 0 : 0.2222222222222222
normalized distance of container 1 : 0.15873015873015872
normalized distance of container 2 : 0.7777777777777778
normalized distance of container 3 : 0.1111111111111111
normalized distance of container 4 : 0.1111111111111111
normalized distance of container 5 : 0.1746031746031746
normalized distance of container 6 : 0.3333333333333333
normalized distance of container 7 : 0.04761904761904745
normalized distance of container 8 : 0.15873015873015855
normalized distance of container 9 : 0.0
normalized distance of container 10 : 0.2222222222222222
normalized distance of container 11 : 0.0
normalized distance of container 12 : 0.06349206349206349
normalized distance of container 13 : 0.1746031746031746
normalized distance of container 14 : 0.0
normalized distance of container 15 : 0.1111111111111111
normalized distance of container 16 : 0.1111111111111111
normalized distance of container 17 : 0.2857142857142857
normalized distance of container 18 : 0.1111111111111111
normalized distance of container 19 : 0.1111111111111111
normalized distance of container 20 : 0.1111111111111111
normalized distance of container 21 : 0.3333333333333333
normalized distance of container 22 : 0.2222222222222222
