Number of initial container : 3
Number of new container : 12
Total number of containers : 15
Level_num : 9
Container_level : [5, 5, 4, 8, 2, 9, 1, 7, 4, 7, 3, 5, 6, 6, 8]
ideal_configuration : 
 [[7. 0. 0. 0. 0. 0.]
 [5. 7. 0. 0. 0. 0.]
 [4. 5. 8. 0. 0. 0.]
 [2. 4. 6. 8. 0. 0.]
 [1. 3. 5. 6. 9. 0.]]
Centroid : {5: (1.0, 1.6666666666666667), 4: (0.5, 1.5), 8: (2.5, 1.5), 2: (0.0, 1.0), 9: (4.0, 0.0), 1: (0.0, 0.0), 7: (0.5, 3.5), 3: (1.0, 0.0), 6: (2.5, 0.5)}
Repeat number : 14
Original weight : [16.18, 15.82, 13.52, 21.66, 9.58, 22.9, 7.16, 19.05, 14.02, 20.34, 11.9, 15.65, 17.92, 18.6, 22.63]
Group : [0, 0, 0, 0, 0, 0, 0, 0, 0, 0, 0, 0, 0, 0, 0]
Sequence : [0, 0, 0, 1, 2, 3, 4, 5, 6, 7, 8, 9, 10, 11, 12]
Scroe : [16.18, 15.82, 13.52, 21.66, 9.58, 22.9, 7.16, 19.05, 14.02, 20.34, 11.9, 15.65, 17.92, 18.6, 22.63]
Time taken to solve the MIP model : 0.0210 seconds
min_d : 0, max_d : 9
---------------------------------
solution for: IP model
objective: 0
x_0_4_0=1
x_1_1_0=1
x_2_2_0=1
x_3_4_1=1
x_4_3_0=1
x_5_4_2=1
x_6_0_0=1
x_7_0_1=1
x_8_3_1=1
x_9_0_2=1
x_10_5_0=1
x_11_2_1=1
x_12_3_2=1
x_13_3_3=1
x_14_5_1=1
d_0=4.667
d_1=1.667
d_2=3.000
d_3=3.000
d_4=4.000
d_5=2.000
d_7=4.000
d_8=4.000
d_9=3.000
d_10=4.000
d_11=2.000
d_12=3.000
d_13=4.000
d_14=4.000
d_x_0=3.000
d_x_2=1.500
d_x_3=2.000
d_x_4=3.000
d_x_7=1.000
d_x_8=3.000
d_x_9=1.000
d_x_10=4.000
d_x_11=1.000
d_x_12=1.000
d_x_13=1.000
d_x_14=3.000
d_y_0=1.667
d_y_1=1.667
d_y_2=1.500
d_y_3=1.000
d_y_4=1.000
d_y_5=2.000
d_y_7=3.000
d_y_8=1.000
d_y_9=2.000
d_y_11=1.000
d_y_12=2.000
d_y_13=3.000
d_y_14=1.000
normalized distance of container 0 : 0.5185185185185186
normalized distance of container 1 : 0.1851851851851852
normalized distance of container 2 : 0.3333333333333333
normalized distance of container 3 : 0.3333333333333333
normalized distance of container 4 : 0.4444444444444444
normalized distance of container 5 : 0.2222222222222222
normalized distance of container 6 : 0.0
normalized distance of container 7 : 0.4444444444444444
normalized distance of container 8 : 0.4444444444444444
normalized distance of container 9 : 0.3333333333333333
normalized distance of container 10 : 0.4444444444444444
normalized distance of container 11 : 0.2222222222222222
normalized distance of container 12 : 0.3333333333333333
normalized distance of container 13 : 0.4444444444444444
normalized distance of container 14 : 0.4444444444444444
