Number of initial container : 3
Number of new container : 12
Total number of containers : 15
Level_num : 9
Container_level : [6, 1, 6, 6, 9, 5, 1, 2, 2, 7, 6, 5, 3, 4, 6]
ideal_configuration : 
 [[6. 0. 0. 0. 0. 0.]
 [5. 6. 0. 0. 0. 0.]
 [2. 5. 6. 0. 0. 0.]
 [1. 3. 6. 7. 0. 0.]
 [1. 2. 4. 6. 9. 0.]]
Centroid : {6: (1.6, 2.0), 1: (0.0, 0.5), 9: (4.0, 0.0), 5: (0.5, 2.5), 2: (0.5, 1.0), 7: (3.0, 1.0), 3: (1.0, 1.0), 4: (2.0, 0.0)}
Repeat number : 8
Original weight : [16.9, 6.86, 15.97, 16.08, 20.95, 14.02, 6.83, 8.69, 9.87, 18.24, 16.98, 15.06, 10.45, 12.96, 15.75]
Sequence : [0, 0, 0, 1, 2, 3, 4, 5, 6, 7, 8, 9, 10, 11, 12]
Emergency : [0, 0, 0, 0, 0, 0, 0, 0, 0, 0, 0, 0, 0, 0, 0]
Time taken to solve the MIP model : 0.0455 seconds
min_d : 0, max_d : 9
---------------------------------
solution for: IP model
objective: 2
status: OPTIMAL_SOLUTION(2)
x_0_3_0=1
x_1_5_0=1
x_2_3_1=1
x_3_2_0=1
x_4_2_1=1
x_5_0_0=1
x_6_4_0=1
x_7_1_0=1
x_8_4_1=1
x_9_5_1=1
x_10_4_2=1
x_11_0_1=1
x_12_1_1=1
x_13_1_2=1
x_14_1_3=1
r_3_0=1
r_3_1=1
d_0=3.400
d_1=5.500
d_2=2.400
d_3=3.000
d_4=3.000
d_5=4.000
d_6=5.000
d_7=2.000
d_8=4.000
d_9=2.000
d_10=3.000
d_11=3.000
d_13=3.000
d_14=2.000
d_x_0=1.400
d_x_1=5.000
d_x_2=1.400
d_x_3=1.000
d_x_4=2.000
d_x_5=1.000
d_x_6=4.000
d_x_7=1.000
d_x_8=4.000
d_x_9=2.000
d_x_10=3.000
d_x_11=1.000
d_x_13=1.000
d_x_14=1.000
d_y_0=2.000
d_y_1=0.500
d_y_2=1.000
d_y_3=2.000
d_y_4=1.000
d_y_5=3.000
d_y_6=1.000
d_y_7=1.000
d_y_11=2.000
d_y_13=2.000
d_y_14=1.000
normalized distance of container 0 : 0.37777777777777777
normalized distance of container 1 : 0.6111111111111112
normalized distance of container 2 : 0.26666666666666666
normalized distance of container 3 : 0.3333333333333333
normalized distance of container 4 : 0.3333333333333333
normalized distance of container 5 : 0.4444444444444444
normalized distance of container 6 : 0.5555555555555556
normalized distance of container 7 : 0.2222222222222222
normalized distance of container 8 : 0.4444444444444444
normalized distance of container 9 : 0.2222222222222222
normalized distance of container 10 : 0.3333333333333333
normalized distance of container 11 : 0.3333333333333333
normalized distance of container 12 : 0.0
normalized distance of container 13 : 0.3333333333333333
normalized distance of container 14 : 0.2222222222222222
