Number of initial container : 3
Number of new container : 12
Total number of containers : 15
Level_num : 9
Container_level : [2, 3, 3, 5, 3, 1, 3, 1, 1, 9, 6, 1, 2, 8, 4]
ideal_configuration : 
 [[4. 0. 0. 0. 0. 0.]
 [3. 5. 0. 0. 0. 0.]
 [1. 3. 6. 0. 0. 0.]
 [1. 2. 3. 8. 0. 0.]
 [1. 1. 2. 3. 9. 0.]]
Centroid : {2: (1.5, 0.5), 3: (1.5, 1.5), 5: (1.0, 3.0), 1: (0.25, 0.75), 9: (4.0, 0.0), 6: (2.0, 2.0), 8: (3.0, 1.0), 4: (0.0, 4.0)}
Repeat number : 28
Original weight : [8.28, 10.02, 11.08, 15.81, 11.5, 5.18, 11.11, 5.53, 6.66, 23.07, 18.4, 5.1, 9.35, 20.88, 13.77]
Group : [0, 0, 0, 0, 0, 0, 0, 0, 0, 0, 0, 0, 0, 0, 0]
Sequence : [0, 0, 0, 1, 2, 3, 4, 5, 6, 7, 8, 9, 10, 11, 12]
Scroe : [8.28, 10.02, 11.08, 15.81, 11.5, 5.18, 11.11, 5.53, 6.66, 23.07, 18.4, 5.1, 9.35, 20.88, 13.77]
Time taken to solve the MIP model : 0.0200 seconds
min_d : 0, max_d : 9
---------------------------------
solution for: IP model
objective: 0
x_0_5_0=1
x_1_1_0=1
x_2_0_0=1
x_3_0_1=1
x_4_1_1=1
x_5_4_0=1
x_6_5_1=1
x_7_2_0=1
x_8_2_1=1
x_9_5_2=1
x_10_0_2=1
x_11_3_0=1
x_12_4_1=1
x_13_1_2=1
x_14_3_1=1
d_0=4.000
d_1=2.000
d_2=3.000
d_3=3.000
d_4=2.000
d_5=5.000
d_6=5.000
d_7=3.000
d_8=3.000
d_9=3.000
d_10=2.000
d_11=4.000
d_12=4.000
d_13=3.000
d_14=6.000
d_x_0=3.500
d_x_1=0.500
d_x_2=1.500
d_x_3=1.000
d_x_4=1.000
d_x_5=4.000
d_x_6=4.000
d_x_7=2.000
d_x_8=2.000
d_x_9=1.000
d_x_10=2.000
d_x_11=3.000
d_x_12=3.000
d_x_13=2.000
d_x_14=3.000
d_y_0=0.500
d_y_1=1.500
d_y_2=1.500
d_y_3=2.000
d_y_4=1.000
d_y_5=1.000
d_y_6=1.000
d_y_7=1.000
d_y_8=1.000
d_y_9=2.000
d_y_11=1.000
d_y_12=1.000
d_y_13=1.000
d_y_14=3.000
normalized distance of container 0 : 0.4444444444444444
normalized distance of container 1 : 0.2222222222222222
normalized distance of container 2 : 0.3333333333333333
normalized distance of container 3 : 0.3333333333333333
normalized distance of container 4 : 0.2222222222222222
normalized distance of container 5 : 0.5555555555555556
normalized distance of container 6 : 0.5555555555555556
normalized distance of container 7 : 0.3333333333333333
normalized distance of container 8 : 0.3333333333333333
normalized distance of container 9 : 0.3333333333333333
normalized distance of container 10 : 0.2222222222222222
normalized distance of container 11 : 0.4444444444444444
normalized distance of container 12 : 0.4444444444444444
normalized distance of container 13 : 0.3333333333333333
normalized distance of container 14 : 0.6666666666666666
