Number of initial container : 3
Number of new container : 12
Total number of containers : 15
Level_num : 9
Container_level : [1, 6, 6, 1, 8, 7, 7, 3, 9, 3, 7, 4, 1, 7, 7]
ideal_configuration : 
 [[7. 0. 0. 0. 0. 0.]
 [6. 7. 0. 0. 0. 0.]
 [3. 6. 7. 0. 0. 0.]
 [1. 3. 7. 8. 0. 0.]
 [1. 1. 4. 7. 9. 0.]]
Centroid : {1: (0.3333333333333333, 0.3333333333333333), 6: (0.5, 2.5), 8: (3.0, 1.0), 7: (1.6, 2.0), 3: (0.5, 1.5), 9: (4.0, 0.0), 4: (2.0, 0.0)}
Repeat number : 23
Original weight : [6.93, 17.21, 18.05, 7.18, 21.24, 19.73, 19.54, 12.02, 22.56, 11.07, 18.92, 14.32, 7.61, 20.33, 19.2]
Group : [0, 0, 0, 0, 0, 0, 0, 0, 0, 0, 0, 0, 0, 0, 0]
Sequence : [0, 0, 0, 1, 2, 3, 4, 5, 6, 7, 8, 9, 10, 11, 12]
Scroe : [6.93, 17.21, 18.05, 7.18, 21.24, 19.73, 19.54, 12.02, 22.56, 11.07, 18.92, 14.32, 7.61, 20.33, 19.2]
Time taken to solve the MIP model : 0.0527 seconds
min_d : 0, max_d : 9
---------------------------------
solution for: IP model
objective: 0
x_0_2_0=1
x_1_1_0=1
x_2_3_0=1
x_3_5_0=1
x_4_3_1=1
x_5_0_0=1
x_6_1_1=1
x_7_5_1=1
x_8_3_2=1
x_9_4_0=1
x_10_4_1=1
x_11_5_2=1
x_12_2_1=1
x_13_1_2=1
x_14_5_3=1
d_0=2.000
d_1=3.000
d_2=5.000
d_3=6.000
d_5=4.000
d_6=2.000
d_7=6.000
d_8=3.000
d_9=6.000
d_10=4.000
d_11=5.000
d_12=3.000
d_13=1.000
d_14=5.000
d_x_0=1.667
d_x_1=0.500
d_x_2=2.500
d_x_3=5.000
d_x_5=2.000
d_x_6=1.000
d_x_7=5.000
d_x_8=1.000
d_x_9=4.000
d_x_10=3.000
d_x_11=3.000
d_x_12=2.000
d_x_13=1.000
d_x_14=4.000
d_y_0=0.333
d_y_1=2.500
d_y_2=2.500
d_y_3=1.000
d_y_5=2.000
d_y_6=1.000
d_y_7=1.000
d_y_8=2.000
d_y_9=2.000
d_y_10=1.000
d_y_11=2.000
d_y_12=1.000
d_y_14=1.000
normalized distance of container 0 : 0.2222222222222222
normalized distance of container 1 : 0.3333333333333333
normalized distance of container 2 : 0.5555555555555556
normalized distance of container 3 : 0.6666666666666666
normalized distance of container 4 : 0.0
normalized distance of container 5 : 0.4444444444444444
normalized distance of container 6 : 0.2222222222222222
normalized distance of container 7 : 0.6666666666666666
normalized distance of container 8 : 0.3333333333333333
normalized distance of container 9 : 0.6666666666666666
normalized distance of container 10 : 0.4444444444444444
normalized distance of container 11 : 0.5555555555555556
normalized distance of container 12 : 0.3333333333333333
normalized distance of container 13 : 0.1111111111111111
normalized distance of container 14 : 0.5555555555555556
