Number of initial container : 5
Number of new container : 5
Total number of containers : 10
Level_num : 9
Container_level : [5, 8, 4, 5, 2, 8, 3, 1, 9, 3]
ideal_configuration : 
 [[0. 0. 0. 0. 0. 0.]
 [5. 0. 0. 0. 0. 0.]
 [3. 8. 0. 0. 0. 0.]
 [2. 4. 8. 0. 0. 0.]
 [1. 3. 5. 9. 0. 0.]]
Centroid : {5: (1.0, 1.5), 8: (1.5, 1.5), 4: (1.0, 1.0), 2: (0.0, 1.0), 3: (0.5, 1.0), 1: (0.0, 0.0), 9: (3.0, 0.0)}
Repeat number : 16
Original weight : [15.4, 20.77, 13.78, 15.05, 10.17, 20.95, 10.57, 6.61, 21.8, 12.21]
Sequence : [0, 0, 0, 0, 0, 1, 2, 3, 4, 5]
Emergency : [0, 0, 0, 0, 0, 0, 0, 0, 0, 0]
Time taken to solve the MIP model : 0.0095 seconds
min_d : 0, max_d : 9
---------------------------------
solution for: IP model
objective: 1.16667
status: OPTIMAL_SOLUTION(2)
x_0_4_0=1
x_1_5_0=1
x_2_2_0=1
x_3_2_1=1
x_4_3_0=1
x_5_2_2=1
x_6_1_0=1
x_7_0_0=1
x_8_3_1=1
x_9_0_1=1
d_0=4.500
d_1=5.000
d_2=2.000
d_3=1.500
d_4=4.000
d_5=1.000
d_6=1.500
d_8=1.000
d_9=0.500
d_x_0=3.000
d_x_1=3.500
d_x_2=1.000
d_x_3=1.000
d_x_4=3.000
d_x_5=0.500
d_x_6=0.500
d_x_9=0.500
d_y_0=1.500
d_y_1=1.500
d_y_2=1.000
d_y_3=0.500
d_y_4=1.000
d_y_5=0.500
d_y_6=1.000
d_y_8=1.000
normalized distance of container 0 : 0.5
normalized distance of container 1 : 0.5555555555555556
normalized distance of container 2 : 0.2222222222222222
normalized distance of container 3 : 0.16666666666666666
normalized distance of container 4 : 0.4444444444444444
normalized distance of container 5 : 0.11111111111111081
normalized distance of container 6 : 0.16666666666666588
normalized distance of container 7 : 0.0
normalized distance of container 8 : 0.1111111111111111
normalized distance of container 9 : 0.05555555555555398
