Number of initial container : 3
Number of new container : 20
Total number of containers : 23
Level_num : 9
Container_level : [1, 9, 8, 1, 1, 6, 1, 6, 3, 1, 3, 1, 6, 6, 1, 8, 1, 1, 8, 1, 6, 3, 6]
ideal_configuration : 
 [[3. 6. 8. 0. 0. 0.]
 [1. 3. 6. 8. 0. 0.]
 [1. 1. 3. 6. 9. 0.]
 [1. 1. 1. 6. 6. 0.]
 [1. 1. 1. 1. 6. 8.]]
Centroid : {1: (1.0, 1.0), 9: (4.0, 2.0), 8: (3.3333333333333335, 2.3333333333333335), 6: (2.8333333333333335, 1.8333333333333333), 3: (1.0, 3.0)}
Repeat number : 6
Original weight : [7.04, 20.62, 20.04, 19.83, 9.85, 15.68, 23.95, 14.58, 21.39, 15.09, 11.12, 16.65, 10.16, 6.37, 10.68, 13.49, 6.86, 14.13, 10.02, 11.86, 19.31, 13.73, 16.0]
Group : [0, 3, 3, 0, 0, 2, 0, 2, 1, 0, 1, 0, 2, 2, 0, 3, 0, 0, 3, 0, 2, 1, 2]
Sequence : [0, 0, 0, 1, 2, 3, 4, 5, 6, 7, 8, 9, 10, 11, 12, 13, 14, 15, 16, 17, 18, 19, 20]
Scroe : [7.04, 320.62, 320.04, 19.83, 9.85, 215.68, 23.95, 214.58, 121.39, 15.09, 111.12, 16.65, 210.16, 206.37, 10.68, 313.49, 6.86, 14.13, 310.02, 11.86, 219.31, 113.73, 216.0]
Time taken to solve the MIP model : 9.8408 seconds
min_d : 0, max_d : 9
---------------------------------
solution for: IP model
objective: 5.05556
x_0_3_0=1
x_1_4_0=1
x_2_4_1=1
x_3_2_0=1
x_4_1_0=1
x_5_3_1=1
x_6_2_1=1
x_7_3_2=1
x_8_3_3=1
x_9_5_0=1
x_10_2_2=1
x_11_5_1=1
x_12_5_2=1
x_13_2_3=1
x_14_1_1=1
x_15_2_4=1
x_16_0_0=1
x_17_1_2=1
x_18_5_3=1
x_19_0_1=1
x_20_0_2=1
x_21_1_3=1
x_22_1_4=1
r_3_1=1
r_3_2=1
r_3_3=1
r_4_0=1
r_4_1=1
r_4_2=-0
r_4_3=-0
r_4_4=-0
d_0=3.000
d_1=2.000
d_2=2.000
d_3=2.000
d_4=1.000
d_5=1.000
d_6=1.000
d_7=0.333
d_8=2.000
d_9=5.000
d_10=2.000
d_11=4.000
d_12=2.333
d_13=2.000
d_15=3.000
d_16=2.000
d_17=1.000
d_18=2.333
d_19=1.000
d_20=3.000
d_22=4.000
d_x_0=2.000
d_x_2=0.667
d_x_3=1.000
d_x_5=0.167
d_x_6=1.000
d_x_7=0.167
d_x_8=2.000
d_x_9=4.000
d_x_10=1.000
d_x_11=4.000
d_x_12=2.167
d_x_13=0.833
d_x_15=1.333
d_x_16=1.000
d_x_18=1.667
d_x_19=1.000
d_x_20=2.833
d_x_22=1.833
d_y_0=1.000
d_y_1=2.000
d_y_2=1.333
d_y_3=1.000
d_y_4=1.000
d_y_5=0.833
d_y_7=0.167
d_y_9=1.000
d_y_10=1.000
d_y_12=0.167
d_y_13=1.167
d_y_15=1.667
d_y_16=1.000
d_y_17=1.000
d_y_18=0.667
d_y_20=0.167
d_y_22=2.167
normalized distance of container 0 : 0.3333333333333333
normalized distance of container 1 : 0.2222222222222222
normalized distance of container 2 : 0.2222222222222222
normalized distance of container 3 : 0.2222222222222222
normalized distance of container 4 : 0.1111111111111111
normalized distance of container 5 : 0.11111111111111094
normalized distance of container 6 : 0.1111111111111111
normalized distance of container 7 : 0.03703703703703671
normalized distance of container 8 : 0.2222222222222222
normalized distance of container 9 : 0.5555555555555556
normalized distance of container 10 : 0.2222222222222222
normalized distance of container 11 : 0.4444444444444444
normalized distance of container 12 : 0.25925925925925897
normalized distance of container 13 : 0.22222222222222196
normalized distance of container 14 : 0.0
normalized distance of container 15 : 0.33333333333333287
normalized distance of container 16 : 0.2222222222222222
normalized distance of container 17 : 0.1111111111111111
normalized distance of container 18 : 0.2592592592592586
normalized distance of container 19 : 0.1111111111111111
normalized distance of container 20 : 0.3333333333333331
normalized distance of container 21 : 0.0
normalized distance of container 22 : 0.4444444444444442
