Number of initial container : 3
Number of new container : 20
Total number of containers : 23
Level_num : 9
Container_level : [8, 6, 3, 8, 8, 1, 1, 8, 3, 6, 9, 6, 6, 8, 8, 3, 8, 1, 3, 1, 8, 8, 8]
ideal_configuration : 
 [[6. 8. 8. 0. 0. 0.]
 [3. 6. 8. 8. 0. 0.]
 [1. 3. 8. 8. 9. 0.]
 [1. 3. 6. 8. 8. 0.]
 [1. 1. 3. 6. 8. 8.]]
Centroid : {8: (2.9, 2.0), 6: (1.5, 2.0), 3: (1.0, 1.5), 1: (0.25, 0.75), 9: (4.0, 2.0)}
Repeat number : 12
Original weight : [8.35, 16.02, 13.99, 13.3, 13.7, 10.32, 7.91, 8.57, 7.15, 21.78, 22.86, 22.91, 14.07, 9.48, 8.14, 11.19, 19.92, 10.88, 20.24, 23.09, 22.06, 9.26, 9.52]
Group : [3, 2, 1, 3, 3, 0, 0, 3, 1, 2, 3, 2, 2, 3, 3, 1, 3, 0, 1, 0, 3, 3, 3]
Sequence : [0, 0, 0, 1, 2, 3, 4, 5, 6, 7, 8, 9, 10, 11, 12, 13, 14, 15, 16, 17, 18, 19, 20]
Scroe : [308.35, 216.02, 113.99, 313.3, 313.7, 10.32, 7.91, 308.57, 107.15, 221.78, 322.86, 222.91, 214.07, 309.48, 308.14, 111.19, 319.92, 10.88, 120.24, 23.09, 322.06, 309.26, 309.52]
Time taken to solve the MIP model : 0.8081 seconds
min_d : 0, max_d : 9
---------------------------------
solution for: IP model
objective: 3.82778
x_0_5_0=1
x_1_5_1=1
x_2_2_0=1
x_3_4_0=1
x_4_4_1=1
x_5_1_0=1
x_6_0_0=1
x_7_5_2=1
x_8_1_1=1
x_9_3_0=1
x_10_4_2=1
x_11_3_1=1
x_12_2_1=1
x_13_2_2=1
x_14_3_2=1
x_15_1_2=1
x_16_2_3=1
x_17_0_1=1
x_18_1_3=1
x_19_0_2=1
x_20_2_4=1
x_21_3_3=1
x_22_3_4=1
r_5_0=1
r_5_1=1
r_5_2=1
d_0=4.100
d_1=4.500
d_2=2.500
d_3=3.100
d_4=2.100
d_5=1.500
d_6=1.000
d_7=2.100
d_8=0.500
d_9=3.500
d_11=2.500
d_12=1.500
d_13=0.900
d_14=0.100
d_15=0.500
d_16=1.900
d_17=0.500
d_18=1.500
d_19=1.500
d_20=2.900
d_21=1.100
d_22=2.100
d_x_0=2.100
d_x_1=3.500
d_x_2=1.000
d_x_3=1.100
d_x_4=1.100
d_x_5=0.750
d_x_6=0.250
d_x_7=2.100
d_x_9=1.500
d_x_11=1.500
d_x_12=0.500
d_x_13=0.900
d_x_14=0.100
d_x_16=0.900
d_x_17=0.250
d_x_19=0.250
d_x_20=0.900
d_x_21=0.100
d_x_22=0.100
d_y_0=2.000
d_y_1=1.000
d_y_2=1.500
d_y_3=2.000
d_y_4=1.000
d_y_5=0.750
d_y_6=0.750
d_y_8=0.500
d_y_9=2.000
d_y_11=1.000
d_y_12=1.000
d_y_15=0.500
d_y_16=1.000
d_y_17=0.250
d_y_18=1.500
d_y_19=1.250
d_y_20=2.000
d_y_21=1.000
d_y_22=2.000
normalized distance of container 0 : 0.4555555555555555
normalized distance of container 1 : 0.5
normalized distance of container 2 : 0.2777777777777778
normalized distance of container 3 : 0.34444444444444433
normalized distance of container 4 : 0.2333333333333332
normalized distance of container 5 : 0.16666666666666666
normalized distance of container 6 : 0.11111111111111072
normalized distance of container 7 : 0.23333333333333314
normalized distance of container 8 : 0.05555555555555555
normalized distance of container 9 : 0.3888888888888889
normalized distance of container 10 : 0.0
normalized distance of container 11 : 0.2777777777777778
normalized distance of container 12 : 0.16666666666666585
normalized distance of container 13 : 0.09999999999999999
normalized distance of container 14 : 0.011111111111110676
normalized distance of container 15 : 0.05555555555555533
normalized distance of container 16 : 0.2111111111111111
normalized distance of container 17 : 0.05555555555555437
normalized distance of container 18 : 0.16666666666666666
normalized distance of container 19 : 0.16666666666666508
normalized distance of container 20 : 0.3222222222222222
normalized distance of container 21 : 0.12222222222222179
normalized distance of container 22 : 0.2333333333333329
