Number of initial container : 3
Number of new container : 17
Total number of containers : 20
Level_num : 9
Container_level : [1, 6, 3, 6, 6, 1, 1, 3, 3, 8, 6, 3, 6, 8, 9, 8, 8, 1, 1, 8]
ideal_configuration : 
 [[6. 8. 0. 0. 0. 0.]
 [3. 6. 8. 0. 0. 0.]
 [1. 3. 6. 8. 0. 0.]
 [1. 1. 3. 6. 8. 0.]
 [1. 1. 3. 6. 8. 9.]]
Centroid : {1: (0.4, 0.8), 6: (1.8, 2.0), 3: (1.25, 1.5), 8: (2.8, 2.0), 9: (5.0, 0.0)}
Repeat number : 21
Original weight : [8.63, 23.29, 7.95, 7.68, 18.89, 15.47, 16.79, 7.45, 5.5, 10.94, 17.13, 15.33, 9.91, 15.65, 16.34, 10.22, 10.59, 8.5, 21.69, 5.43]
Group : [0, 2, 1, 2, 2, 0, 0, 1, 1, 3, 2, 1, 2, 3, 3, 3, 3, 0, 0, 3]
Sequence : [0, 0, 0, 1, 2, 3, 4, 5, 6, 7, 8, 9, 10, 11, 12, 13, 14, 15, 16, 17]
Scroe : [8.63, 223.29, 107.95, 207.68, 218.89, 15.47, 16.79, 107.45, 105.5, 310.94, 217.13, 115.33, 209.91, 315.65, 316.34, 310.22, 310.59, 8.5, 21.69, 305.43]
Time taken to solve the MIP model : 0.0858 seconds
min_d : 0, max_d : 9
---------------------------------
solution for: IP model
objective: 0
x_0_0_0=1
x_1_0_1=1
x_2_4_0=1
x_3_2_0=1
x_4_2_1=1
x_5_3_0=1
x_6_3_1=1
x_7_3_2=1
x_8_1_0=1
x_9_2_2=1
x_10_4_1=1
x_11_3_3=1
x_12_3_4=1
x_13_2_3=1
x_14_0_2=1
x_15_4_2=1
x_16_1_1=1
x_17_5_0=1
x_18_5_1=1
x_19_5_2=1
d_0=2.000
d_1=3.000
d_2=5.000
d_3=3.000
d_4=2.000
d_5=4.000
d_6=4.000
d_7=3.000
d_8=3.000
d_9=1.000
d_10=4.000
d_11=4.000
d_12=4.000
d_13=2.000
d_14=7.000
d_15=2.000
d_16=3.000
d_17=6.000
d_18=6.000
d_19=3.000
d_x_0=1.000
d_x_1=2.000
d_x_2=3.000
d_x_3=1.000
d_x_4=1.000
d_x_5=3.000
d_x_6=3.000
d_x_7=2.000
d_x_8=1.000
d_x_9=1.000
d_x_10=3.000
d_x_11=2.000
d_x_12=2.000
d_x_13=1.000
d_x_14=5.000
d_x_15=2.000
d_x_16=2.000
d_x_17=5.000
d_x_18=5.000
d_x_19=3.000
d_y_0=1.000
d_y_1=1.000
d_y_2=2.000
d_y_3=2.000
d_y_4=1.000
d_y_5=1.000
d_y_6=1.000
d_y_7=1.000
d_y_8=2.000
d_y_10=1.000
d_y_11=2.000
d_y_12=2.000
d_y_13=1.000
d_y_14=2.000
d_y_16=1.000
d_y_17=1.000
d_y_18=1.000
normalized distance of container 0 : 0.2222222222222222
normalized distance of container 1 : 0.3333333333333333
normalized distance of container 2 : 0.5555555555555556
normalized distance of container 3 : 0.3333333333333333
normalized distance of container 4 : 0.2222222222222222
normalized distance of container 5 : 0.4444444444444444
normalized distance of container 6 : 0.4444444444444444
normalized distance of container 7 : 0.3333333333333333
normalized distance of container 8 : 0.3333333333333333
normalized distance of container 9 : 0.1111111111111111
normalized distance of container 10 : 0.4444444444444444
normalized distance of container 11 : 0.4444444444444444
normalized distance of container 12 : 0.4444444444444444
normalized distance of container 13 : 0.2222222222222222
normalized distance of container 14 : 0.7777777777777778
normalized distance of container 15 : 0.2222222222222222
normalized distance of container 16 : 0.3333333333333333
normalized distance of container 17 : 0.6666666666666666
normalized distance of container 18 : 0.6666666666666666
normalized distance of container 19 : 0.3333333333333333
