Number of initial container : 3
Number of new container : 17
Total number of containers : 20
Level_num : 9
Container_level : [3, 6, 3, 6, 3, 3, 6, 6, 3, 6, 8, 6, 1, 1, 1, 3, 9, 8, 3, 8]
ideal_configuration : 
 [[6. 6. 0. 0. 0. 0.]
 [3. 6. 8. 0. 0. 0.]
 [3. 3. 6. 8. 0. 0.]
 [1. 3. 3. 6. 8. 0.]
 [1. 1. 3. 3. 6. 9.]]
Centroid : {3: (1.2857142857142858, 1.2857142857142858), 6: (1.8333333333333333, 2.3333333333333335), 8: (3.0, 2.0), 1: (0.3333333333333333, 0.3333333333333333), 9: (5.0, 0.0)}
Repeat number : 15
Original weight : [19.61, 12.43, 15.87, 22.54, 11.08, 8.15, 18.65, 19.24, 6.15, 21.3, 20.8, 13.02, 11.16, 5.21, 8.15, 11.11, 23.0, 10.54, 13.96, 6.08]
Group : [1, 2, 1, 2, 1, 1, 2, 2, 1, 2, 3, 2, 0, 0, 0, 1, 3, 3, 1, 3]
Sequence : [0, 0, 0, 1, 2, 3, 4, 5, 6, 7, 8, 9, 10, 11, 12, 13, 14, 15, 16, 17]
Scroe : [119.61, 212.43, 115.87, 222.54, 111.08, 108.15, 218.65, 219.24, 106.15, 221.3, 320.8, 213.02, 11.16, 5.21, 8.15, 111.11, 323.0, 310.54, 113.96000000000001, 306.08]
Time taken to solve the MIP model : 0.3195 seconds
min_d : 0, max_d : 9
---------------------------------
solution for: IP model
objective: 3
x_0_0_0=1
x_1_2_0=1
x_2_5_0=1
x_3_2_1=1
x_4_3_0=1
x_5_1_0=1
x_6_5_1=1
x_7_5_2=1
x_8_1_1=1
x_9_3_1=1
x_10_5_3=1
x_11_0_1=1
x_12_1_2=1
x_13_4_0=1
x_14_4_1=1
x_15_4_2=1
x_16_2_2=1
x_17_0_2=1
x_18_4_3=1
x_19_3_2=1
r_1_0=1
r_1_1=1
r_1_2=1
d_0=4.000
d_1=4.000
d_2=6.000
d_3=3.000
d_4=4.000
d_5=3.000
d_6=6.000
d_7=5.000
d_8=2.000
d_9=4.000
d_10=3.000
d_11=4.000
d_12=3.000
d_13=5.000
d_14=5.000
d_15=4.000
d_16=5.000
d_17=3.000
d_18=5.000
d_x_0=2.000
d_x_1=1.000
d_x_2=4.000
d_x_3=1.000
d_x_4=2.000
d_x_5=1.000
d_x_6=4.000
d_x_7=4.000
d_x_8=1.000
d_x_9=2.000
d_x_10=2.000
d_x_11=2.000
d_x_12=1.000
d_x_13=4.000
d_x_14=4.000
d_x_15=3.000
d_x_16=3.000
d_x_17=3.000
d_x_18=3.000
d_y_0=2.000
d_y_1=3.000
d_y_2=2.000
d_y_3=2.000
d_y_4=2.000
d_y_5=2.000
d_y_6=2.000
d_y_7=1.000
d_y_8=1.000
d_y_9=2.000
d_y_10=1.000
d_y_11=2.000
d_y_12=2.000
d_y_13=1.000
d_y_14=1.000
d_y_15=1.000
d_y_16=2.000
d_y_18=2.000
normalized distance of container 0 : 0.4444444444444444
normalized distance of container 1 : 0.4444444444444444
normalized distance of container 2 : 0.6666666666666666
normalized distance of container 3 : 0.3333333333333333
normalized distance of container 4 : 0.4444444444444444
normalized distance of container 5 : 0.3333333333333333
normalized distance of container 6 : 0.6666666666666666
normalized distance of container 7 : 0.5555555555555556
normalized distance of container 8 : 0.2222222222222222
normalized distance of container 9 : 0.4444444444444444
normalized distance of container 10 : 0.3333333333333333
normalized distance of container 11 : 0.4444444444444444
normalized distance of container 12 : 0.3333333333333333
normalized distance of container 13 : 0.5555555555555556
normalized distance of container 14 : 0.5555555555555556
normalized distance of container 15 : 0.4444444444444444
normalized distance of container 16 : 0.5555555555555556
normalized distance of container 17 : 0.3333333333333333
normalized distance of container 18 : 0.5555555555555556
normalized distance of container 19 : 0.0
