Number of initial container : 3
Number of new container : 17
Total number of containers : 20
Level_num : 9
Container_level : [8, 1, 8, 1, 1, 6, 6, 6, 3, 6, 1, 9, 8, 1, 6, 6, 3, 1, 6, 8]
ideal_configuration : 
 [[6. 8. 0. 0. 0. 0.]
 [3. 6. 8. 0. 0. 0.]
 [1. 3. 6. 8. 0. 0.]
 [1. 1. 6. 6. 8. 0.]
 [1. 1. 1. 6. 6. 9.]]
Centroid : {8: (2.5, 2.5), 1: (0.6666666666666666, 0.6666666666666666), 6: (2.142857142857143, 1.5714285714285714), 3: (0.5, 2.5), 9: (5.0, 0.0)}
Repeat number : 23
Original weight : [21.84, 19.93, 17.75, 23.7, 19.02, 23.1, 15.09, 21.03, 14.11, 12.98, 8.2, 22.72, 18.49, 5.9, 17.36, 12.36, 6.15, 18.62, 5.44, 9.67]
Group : [3, 0, 3, 0, 0, 2, 2, 2, 1, 2, 0, 3, 3, 0, 2, 2, 1, 0, 2, 3]
Sequence : [0, 0, 0, 1, 2, 3, 4, 5, 6, 7, 8, 9, 10, 11, 12, 13, 14, 15, 16, 17]
Scroe : [321.84, 19.93, 317.75, 23.7, 19.02, 223.1, 215.09, 221.03, 114.11, 212.98, 8.2, 322.72, 318.49, 5.9, 217.36, 212.36, 106.15, 18.62, 205.44, 309.67]
Time taken to solve the MIP model : 2.2408 seconds
min_d : 0, max_d : 9
---------------------------------
solution for: IP model
objective: 6
x_0_5_0=1
x_1_1_0=1
x_2_0_0=1
x_3_1_1=1
x_4_3_0=1
x_5_0_1=1
x_6_3_1=1
x_7_3_2=1
x_8_1_2=1
x_9_1_3=1
x_10_2_0=1
x_11_5_1=1
x_12_0_2=1
x_13_4_0=1
x_14_1_4=1
x_15_4_1=1
x_16_2_1=1
x_17_2_2=1
x_18_2_3=1
x_19_4_2=1
r_0_0=1
r_0_1=1
r_0_2=1
r_2_1=1
r_2_2=1
r_2_3=1
d_0=6.000
d_1=2.000
d_2=6.000
d_3=2.000
d_4=4.000
d_5=4.000
d_6=2.000
d_7=2.000
d_8=2.000
d_9=4.000
d_10=3.000
d_11=1.000
d_12=4.000
d_13=5.000
d_14=5.000
d_15=3.000
d_16=4.000
d_17=4.000
d_18=3.000
d_19=3.000
d_x_0=3.000
d_x_1=1.000
d_x_2=3.000
d_x_3=1.000
d_x_4=3.000
d_x_5=3.000
d_x_6=1.000
d_x_7=1.000
d_x_8=1.000
d_x_9=2.000
d_x_10=2.000
d_x_12=3.000
d_x_13=4.000
d_x_14=2.000
d_x_15=2.000
d_x_16=2.000
d_x_17=2.000
d_x_18=1.000
d_x_19=2.000
d_y_0=3.000
d_y_1=1.000
d_y_2=3.000
d_y_3=1.000
d_y_4=1.000
d_y_5=1.000
d_y_6=1.000
d_y_7=1.000
d_y_8=1.000
d_y_9=2.000
d_y_10=1.000
d_y_11=1.000
d_y_12=1.000
d_y_13=1.000
d_y_14=3.000
d_y_15=1.000
d_y_16=2.000
d_y_17=2.000
d_y_18=2.000
d_y_19=1.000
normalized distance of container 0 : 0.6666666666666666
normalized distance of container 1 : 0.2222222222222222
normalized distance of container 2 : 0.6666666666666666
normalized distance of container 3 : 0.2222222222222222
normalized distance of container 4 : 0.4444444444444444
normalized distance of container 5 : 0.4444444444444444
normalized distance of container 6 : 0.2222222222222222
normalized distance of container 7 : 0.2222222222222222
normalized distance of container 8 : 0.2222222222222222
normalized distance of container 9 : 0.4444444444444444
normalized distance of container 10 : 0.3333333333333333
normalized distance of container 11 : 0.1111111111111111
normalized distance of container 12 : 0.4444444444444444
normalized distance of container 13 : 0.5555555555555556
normalized distance of container 14 : 0.5555555555555556
normalized distance of container 15 : 0.3333333333333333
normalized distance of container 16 : 0.4444444444444444
normalized distance of container 17 : 0.4444444444444444
normalized distance of container 18 : 0.3333333333333333
normalized distance of container 19 : 0.3333333333333333
