Number of initial container : 3
Number of new container : 17
Total number of containers : 20
Level_num : 9
Container_level : [1, 8, 1, 3, 6, 8, 6, 9, 8, 1, 1, 8, 6, 1, 8, 1, 1, 6, 8, 8]
ideal_configuration : 
 [[6. 8. 0. 0. 0. 0.]
 [1. 6. 8. 0. 0. 0.]
 [1. 3. 8. 8. 0. 0.]
 [1. 1. 6. 8. 8. 0.]
 [1. 1. 1. 6. 8. 9.]]
Centroid : {1: (0.5714285714285714, 1.0), 8: (2.7142857142857144, 1.8571428571428572), 3: (1.0, 2.0), 6: (1.5, 2.0), 9: (5.0, 0.0)}
Repeat number : 1
Original weight : [14.63, 7.81, 7.54, 9.13, 6.49, 13.04, 6.06, 19.95, 18.91, 21.33, 11.49, 5.07, 23.77, 18.04, 5.85, 20.88, 6.85, 11.42, 16.22, 12.52]
Group : [0, 3, 0, 1, 2, 3, 2, 3, 3, 0, 0, 3, 2, 0, 3, 0, 0, 2, 3, 3]
Sequence : [0, 0, 0, 1, 2, 3, 4, 5, 6, 7, 8, 9, 10, 11, 12, 13, 14, 15, 16, 17]
Scroe : [14.63, 307.81, 7.54, 109.13, 206.49, 313.04, 206.06, 319.95, 318.91, 21.33, 11.49, 305.07, 223.77, 18.04, 305.85, 20.88, 6.85, 211.42, 316.22, 312.52]
Time taken to solve the MIP model : 0.1255 seconds
min_d : 0, max_d : 9
---------------------------------
solution for: IP model
objective: 0
x_0_2_0=1
x_1_1_0=1
x_2_3_0=1
x_3_4_0=1
x_4_4_1=1
x_5_1_1=1
x_6_5_0=1
x_7_5_1=1
x_8_1_2=1
x_9_2_1=1
x_10_3_1=1
x_11_4_2=1
x_12_2_2=1
x_13_3_2=1
x_14_2_3=1
x_15_3_3=1
x_16_0_0=1
x_17_0_1=1
x_18_0_2=1
x_19_2_4=1
d_0=3.000
d_1=4.000
d_2=4.000
d_3=5.000
d_4=4.000
d_5=3.000
d_6=6.000
d_7=1.000
d_8=3.000
d_9=2.000
d_10=3.000
d_11=3.000
d_12=1.000
d_13=4.000
d_14=3.000
d_15=5.000
d_16=2.000
d_17=3.000
d_18=4.000
d_19=4.000
d_x_0=2.000
d_x_1=2.000
d_x_2=3.000
d_x_3=3.000
d_x_4=3.000
d_x_5=2.000
d_x_6=4.000
d_x_8=2.000
d_x_9=2.000
d_x_10=3.000
d_x_11=2.000
d_x_12=1.000
d_x_13=3.000
d_x_14=1.000
d_x_15=3.000
d_x_16=1.000
d_x_17=2.000
d_x_18=3.000
d_x_19=1.000
d_y_0=1.000
d_y_1=2.000
d_y_2=1.000
d_y_3=2.000
d_y_4=1.000
d_y_5=1.000
d_y_6=2.000
d_y_7=1.000
d_y_8=1.000
d_y_11=1.000
d_y_13=1.000
d_y_14=2.000
d_y_15=2.000
d_y_16=1.000
d_y_17=1.000
d_y_18=1.000
d_y_19=3.000
normalized distance of container 0 : 0.3333333333333333
normalized distance of container 1 : 0.4444444444444444
normalized distance of container 2 : 0.4444444444444444
normalized distance of container 3 : 0.5555555555555556
normalized distance of container 4 : 0.4444444444444444
normalized distance of container 5 : 0.3333333333333333
normalized distance of container 6 : 0.6666666666666666
normalized distance of container 7 : 0.1111111111111111
normalized distance of container 8 : 0.3333333333333333
normalized distance of container 9 : 0.2222222222222222
normalized distance of container 10 : 0.3333333333333333
normalized distance of container 11 : 0.3333333333333333
normalized distance of container 12 : 0.1111111111111111
normalized distance of container 13 : 0.4444444444444444
normalized distance of container 14 : 0.3333333333333333
normalized distance of container 15 : 0.5555555555555556
normalized distance of container 16 : 0.2222222222222222
normalized distance of container 17 : 0.3333333333333333
normalized distance of container 18 : 0.4444444444444444
normalized distance of container 19 : 0.4444444444444444
