Number of initial container : 3
Number of new container : 17
Total number of containers : 20
Level_num : 9
Container_level : [8, 3, 1, 3, 3, 3, 6, 6, 3, 1, 3, 8, 6, 6, 8, 3, 9, 3, 1, 1]
ideal_configuration : 
 [[3. 6. 0. 0. 0. 0.]
 [3. 3. 8. 0. 0. 0.]
 [1. 3. 6. 8. 0. 0.]
 [1. 3. 3. 6. 8. 0.]
 [1. 1. 3. 3. 6. 9.]]
Centroid : {8: (3.0, 2.0), 3: (1.25, 1.75), 1: (0.25, 0.75), 6: (2.5, 1.75), 9: (5.0, 0.0)}
Repeat number : 14
Original weight : [12.26, 18.18, 19.12, 14.43, 17.88, 19.77, 22.21, 16.01, 11.21, 19.04, 23.02, 15.27, 8.61, 14.58, 8.0, 21.81, 22.13, 11.49, 12.79, 10.04]
Group : [3, 1, 0, 1, 1, 1, 2, 2, 1, 0, 1, 3, 2, 2, 3, 1, 3, 1, 0, 0]
Sequence : [0, 0, 0, 1, 2, 3, 4, 5, 6, 7, 8, 9, 10, 11, 12, 13, 14, 15, 16, 17]
Scroe : [312.26, 118.18, 19.12, 114.43, 117.88, 119.77, 222.21, 216.01, 111.21000000000001, 19.04, 123.02, 315.27, 208.61, 214.58, 308.0, 121.81, 322.13, 111.49, 12.79, 10.04]
Time taken to solve the MIP model : 1.9562 seconds
min_d : 0, max_d : 9
---------------------------------
solution for: IP model
objective: 4
x_0_0_0=1
x_1_1_0=1
x_2_4_0=1
x_3_3_0=1
x_4_3_1=1
x_5_1_1=1
x_6_3_2=1
x_7_1_2=1
x_8_4_1=1
x_9_5_0=1
x_10_4_2=1
x_11_0_1=1
x_12_4_3=1
x_13_4_4=1
x_14_3_3=1
x_15_5_1=1
x_16_1_3=1
x_17_5_2=1
x_18_2_0=1
x_19_2_1=1
r_2_0=1
r_2_1=1
r_5_1=1
r_5_2=1
d_0=5.000
d_1=3.000
d_2=5.000
d_3=4.000
d_4=3.000
d_5=2.000
d_6=2.000
d_7=3.000
d_8=4.000
d_9=6.000
d_10=4.000
d_11=4.000
d_12=4.000
d_13=5.000
d_14=1.000
d_15=5.000
d_16=7.000
d_17=5.000
d_18=3.000
d_19=3.000
d_x_0=3.000
d_x_1=1.000
d_x_2=4.000
d_x_3=2.000
d_x_4=2.000
d_x_5=1.000
d_x_6=1.000
d_x_7=2.000
d_x_8=3.000
d_x_9=5.000
d_x_10=3.000
d_x_11=3.000
d_x_12=2.000
d_x_13=2.000
d_x_15=4.000
d_x_16=4.000
d_x_17=4.000
d_x_18=2.000
d_x_19=2.000
d_y_0=2.000
d_y_1=2.000
d_y_2=1.000
d_y_3=2.000
d_y_4=1.000
d_y_5=1.000
d_y_6=1.000
d_y_7=1.000
d_y_8=1.000
d_y_9=1.000
d_y_10=1.000
d_y_11=1.000
d_y_12=2.000
d_y_13=3.000
d_y_14=1.000
d_y_15=1.000
d_y_16=3.000
d_y_17=1.000
d_y_18=1.000
d_y_19=1.000
normalized distance of container 0 : 0.5555555555555556
normalized distance of container 1 : 0.3333333333333333
normalized distance of container 2 : 0.5555555555555556
normalized distance of container 3 : 0.4444444444444444
normalized distance of container 4 : 0.3333333333333333
normalized distance of container 5 : 0.2222222222222222
normalized distance of container 6 : 0.2222222222222222
normalized distance of container 7 : 0.3333333333333333
normalized distance of container 8 : 0.4444444444444444
normalized distance of container 9 : 0.6666666666666666
normalized distance of container 10 : 0.4444444444444444
normalized distance of container 11 : 0.4444444444444444
normalized distance of container 12 : 0.4444444444444444
normalized distance of container 13 : 0.5555555555555556
normalized distance of container 14 : 0.1111111111111111
normalized distance of container 15 : 0.5555555555555556
normalized distance of container 16 : 0.7777777777777778
normalized distance of container 17 : 0.5555555555555556
normalized distance of container 18 : 0.3333333333333333
normalized distance of container 19 : 0.3333333333333333
