Number of initial container : 3
Number of new container : 17
Total number of containers : 20
Level_num : 9
Container_level : [6, 6, 8, 8, 6, 1, 9, 8, 8, 1, 8, 1, 8, 8, 8, 3, 1, 3, 3, 6]
ideal_configuration : 
 [[6. 8. 0. 0. 0. 0.]
 [3. 8. 8. 0. 0. 0.]
 [1. 6. 8. 8. 0. 0.]
 [1. 3. 6. 8. 8. 0.]
 [1. 1. 3. 6. 8. 9.]]
Centroid : {6: (1.5, 1.75), 8: (2.5, 2.0), 1: (0.25, 0.75), 9: (5.0, 0.0), 3: (1.0, 1.3333333333333333)}
Repeat number : 20
Original weight : [20.24, 18.63, 6.21, 6.45, 22.37, 8.43, 22.01, 14.8, 10.1, 18.42, 8.76, 18.04, 18.11, 14.88, 18.79, 21.26, 18.31, 13.99, 18.82, 21.38]
Group : [2, 2, 3, 3, 2, 0, 3, 3, 3, 0, 3, 0, 3, 3, 3, 1, 0, 1, 1, 2]
Sequence : [0, 0, 0, 1, 2, 3, 4, 5, 6, 7, 8, 9, 10, 11, 12, 13, 14, 15, 16, 17]
Scroe : [220.24, 218.63, 306.21, 306.45, 222.37, 8.43, 322.01, 314.8, 310.1, 18.42, 308.76, 18.04, 318.11, 314.88, 318.79, 121.26, 18.31, 113.99, 118.82, 221.38]
Time taken to solve the MIP model : 0.1079 seconds
min_d : 0, max_d : 9
---------------------------------
solution for: IP model
objective: 0
x_0_5_0=1
x_1_3_0=1
x_2_3_1=1
x_3_0_0=1
x_4_5_1=1
x_5_1_0=1
x_6_3_2=1
x_7_0_1=1
x_8_5_2=1
x_9_4_0=1
x_10_4_1=1
x_11_2_0=1
x_12_0_2=1
x_13_5_3=1
x_14_4_2=1
x_15_2_1=1
x_16_1_1=1
x_17_1_2=1
x_18_1_3=1
x_19_2_2=1
d_0=6.000
d_1=4.000
d_2=2.000
d_3=5.000
d_4=5.000
d_5=2.000
d_6=4.000
d_7=4.000
d_8=3.000
d_9=5.000
d_10=3.000
d_11=3.000
d_12=3.000
d_13=4.000
d_14=2.000
d_15=2.000
d_16=2.000
d_17=1.000
d_18=2.000
d_19=2.000
d_x_0=4.000
d_x_1=2.000
d_x_2=1.000
d_x_3=3.000
d_x_4=4.000
d_x_5=1.000
d_x_6=2.000
d_x_7=3.000
d_x_8=3.000
d_x_9=4.000
d_x_10=2.000
d_x_11=2.000
d_x_12=3.000
d_x_13=3.000
d_x_14=2.000
d_x_15=1.000
d_x_16=1.000
d_x_19=1.000
d_y_0=2.000
d_y_1=2.000
d_y_2=1.000
d_y_3=2.000
d_y_4=1.000
d_y_5=1.000
d_y_6=2.000
d_y_7=1.000
d_y_9=1.000
d_y_10=1.000
d_y_11=1.000
d_y_13=1.000
d_y_15=1.000
d_y_16=1.000
d_y_17=1.000
d_y_18=2.000
d_y_19=1.000
normalized distance of container 0 : 0.6666666666666666
normalized distance of container 1 : 0.4444444444444444
normalized distance of container 2 : 0.2222222222222222
normalized distance of container 3 : 0.5555555555555556
normalized distance of container 4 : 0.5555555555555556
normalized distance of container 5 : 0.2222222222222222
normalized distance of container 6 : 0.4444444444444444
normalized distance of container 7 : 0.4444444444444444
normalized distance of container 8 : 0.3333333333333333
normalized distance of container 9 : 0.5555555555555556
normalized distance of container 10 : 0.3333333333333333
normalized distance of container 11 : 0.3333333333333333
normalized distance of container 12 : 0.3333333333333333
normalized distance of container 13 : 0.4444444444444444
normalized distance of container 14 : 0.2222222222222222
normalized distance of container 15 : 0.2222222222222222
normalized distance of container 16 : 0.2222222222222222
normalized distance of container 17 : 0.1111111111111111
normalized distance of container 18 : 0.2222222222222222
normalized distance of container 19 : 0.2222222222222222
