Number of initial container : 3
Number of new container : 17
Total number of containers : 20
Level_num : 9
Container_level : [8, 3, 8, 9, 1, 3, 3, 1, 3, 8, 6, 3, 8, 1, 3, 8, 8, 8, 3, 8]
ideal_configuration : 
 [[6. 8. 0. 0. 0. 0.]
 [3. 8. 8. 0. 0. 0.]
 [3. 3. 8. 8. 0. 0.]
 [1. 3. 3. 8. 8. 0.]
 [1. 1. 3. 3. 8. 9.]]
Centroid : {8: (2.5, 2.0), 3: (1.2857142857142858, 1.2857142857142858), 9: (5.0, 0.0), 1: (0.3333333333333333, 0.3333333333333333), 6: (0.0, 4.0)}
Repeat number : 19
Original weight : [21.62, 20.31, 10.77, 23.45, 12.65, 13.15, 6.67, 22.43, 20.2, 10.98, 7.63, 7.27, 14.1, 7.01, 22.74, 6.44, 22.82, 8.28, 9.52, 21.51]
Group : [3, 1, 3, 3, 0, 1, 1, 0, 1, 3, 2, 1, 3, 0, 1, 3, 3, 3, 1, 3]
Sequence : [0, 0, 0, 1, 2, 3, 4, 5, 6, 7, 8, 9, 10, 11, 12, 13, 14, 15, 16, 17]
Scroe : [321.62, 120.31, 310.77, 323.45, 12.65, 113.15, 106.67, 22.43, 120.2, 310.98, 207.63, 107.27, 314.1, 7.01, 122.74, 306.44, 322.82, 308.28, 109.52, 321.51]
Time taken to solve the MIP model : 0.2156 seconds
min_d : 0, max_d : 9
---------------------------------
solution for: IP model
objective: 2
x_0_1_0=1
x_1_3_0=1
x_2_2_0=1
x_3_1_1=1
x_4_0_0=1
x_5_0_1=1
x_6_5_0=1
x_7_4_0=1
x_8_0_2=1
x_9_2_1=1
x_10_3_1=1
x_11_4_1=1
x_12_2_2=1
x_13_5_1=1
x_14_0_3=1
x_15_3_2=1
x_16_2_3=1
x_17_3_3=1
x_18_4_2=1
x_19_3_4=1
r_5_0=1
r_5_1=1
d_0=4.000
d_1=4.000
d_2=3.000
d_3=5.000
d_4=2.000
d_5=3.000
d_6=6.000
d_7=5.000
d_8=3.000
d_9=2.000
d_10=6.000
d_11=4.000
d_12=1.000
d_13=6.000
d_14=4.000
d_15=1.000
d_16=2.000
d_17=2.000
d_18=4.000
d_19=3.000
d_x_0=2.000
d_x_1=2.000
d_x_2=1.000
d_x_3=4.000
d_x_4=1.000
d_x_5=2.000
d_x_6=4.000
d_x_7=4.000
d_x_8=2.000
d_x_9=1.000
d_x_10=3.000
d_x_11=3.000
d_x_12=1.000
d_x_13=5.000
d_x_14=2.000
d_x_15=1.000
d_x_16=1.000
d_x_17=1.000
d_x_18=3.000
d_x_19=1.000
d_y_0=2.000
d_y_1=2.000
d_y_2=2.000
d_y_3=1.000
d_y_4=1.000
d_y_5=1.000
d_y_6=2.000
d_y_7=1.000
d_y_8=1.000
d_y_9=1.000
d_y_10=3.000
d_y_11=1.000
d_y_13=1.000
d_y_14=2.000
d_y_16=1.000
d_y_17=1.000
d_y_18=1.000
d_y_19=2.000
normalized distance of container 0 : 0.4444444444444444
normalized distance of container 1 : 0.4444444444444444
normalized distance of container 2 : 0.3333333333333333
normalized distance of container 3 : 0.5555555555555556
normalized distance of container 4 : 0.2222222222222222
normalized distance of container 5 : 0.3333333333333333
normalized distance of container 6 : 0.6666666666666666
normalized distance of container 7 : 0.5555555555555556
normalized distance of container 8 : 0.3333333333333333
normalized distance of container 9 : 0.2222222222222222
normalized distance of container 10 : 0.6666666666666666
normalized distance of container 11 : 0.4444444444444444
normalized distance of container 12 : 0.1111111111111111
normalized distance of container 13 : 0.6666666666666666
normalized distance of container 14 : 0.4444444444444444
normalized distance of container 15 : 0.1111111111111111
normalized distance of container 16 : 0.2222222222222222
normalized distance of container 17 : 0.2222222222222222
normalized distance of container 18 : 0.4444444444444444
normalized distance of container 19 : 0.3333333333333333
