Number of initial container : 3
Number of new container : 17
Total number of containers : 20
Level_num : 9
Container_level : [8, 8, 6, 6, 8, 3, 8, 9, 6, 1, 8, 3, 1, 6, 1, 6, 8, 8, 8, 6]
ideal_configuration : 
 [[6. 8. 0. 0. 0. 0.]
 [6. 8. 8. 0. 0. 0.]
 [3. 6. 8. 8. 0. 0.]
 [1. 3. 6. 8. 8. 0.]
 [1. 1. 6. 6. 8. 9.]]
Centroid : {8: (2.5, 2.0), 6: (1.3333333333333333, 1.6666666666666667), 3: (0.5, 1.5), 9: (5.0, 0.0), 1: (0.3333333333333333, 0.3333333333333333)}
Repeat number : 28
Original weight : [15.09, 23.36, 6.12, 17.98, 19.01, 20.34, 7.08, 23.46, 17.66, 9.51, 15.14, 8.58, 17.95, 13.11, 13.87, 22.81, 20.0, 11.0, 21.13, 9.44]
Group : [3, 3, 2, 2, 3, 1, 3, 3, 2, 0, 3, 1, 0, 2, 0, 2, 3, 3, 3, 2]
Sequence : [0, 0, 0, 1, 2, 3, 4, 5, 6, 7, 8, 9, 10, 11, 12, 13, 14, 15, 16, 17]
Scroe : [315.09, 323.36, 206.12, 217.98, 319.01, 120.34, 307.08, 323.46, 217.66, 9.51, 315.14, 108.58, 17.95, 213.11, 13.87, 222.81, 320.0, 311.0, 321.13, 209.44]
Time taken to solve the MIP model : 0.2448 seconds
min_d : 0, max_d : 9
---------------------------------
solution for: IP model
objective: 3
x_0_3_0=1
x_1_4_0=1
x_2_1_0=1
x_3_1_1=1
x_4_3_1=1
x_5_5_0=1
x_6_1_2=1
x_7_4_1=1
x_8_5_1=1
x_9_0_0=1
x_10_1_3=1
x_11_0_1=1
x_12_2_0=1
x_13_2_1=1
x_14_0_2=1
x_15_5_2=1
x_16_3_2=1
x_17_5_3=1
x_18_3_3=1
x_19_0_3=1
r_0_1=1
r_0_2=1
r_0_3=1
d_0=3.000
d_1=4.000
d_2=3.000
d_3=2.000
d_4=2.000
d_5=7.000
d_6=2.000
d_7=2.000
d_8=5.000
d_9=2.000
d_10=3.000
d_11=2.000
d_12=3.000
d_13=2.000
d_14=3.000
d_15=5.000
d_16=1.000
d_17=4.000
d_18=2.000
d_19=4.000
d_x_0=1.000
d_x_1=2.000
d_x_2=1.000
d_x_3=1.000
d_x_4=1.000
d_x_5=5.000
d_x_6=2.000
d_x_7=1.000
d_x_8=4.000
d_x_9=1.000
d_x_10=2.000
d_x_11=1.000
d_x_12=2.000
d_x_13=1.000
d_x_14=1.000
d_x_15=4.000
d_x_16=1.000
d_x_17=3.000
d_x_18=1.000
d_x_19=2.000
d_y_0=2.000
d_y_1=2.000
d_y_2=2.000
d_y_3=1.000
d_y_4=1.000
d_y_5=2.000
d_y_7=1.000
d_y_8=1.000
d_y_9=1.000
d_y_10=1.000
d_y_11=1.000
d_y_12=1.000
d_y_13=1.000
d_y_14=2.000
d_y_15=1.000
d_y_17=1.000
d_y_18=1.000
d_y_19=2.000
normalized distance of container 0 : 0.3333333333333333
normalized distance of container 1 : 0.4444444444444444
normalized distance of container 2 : 0.3333333333333333
normalized distance of container 3 : 0.2222222222222222
normalized distance of container 4 : 0.2222222222222222
normalized distance of container 5 : 0.7777777777777778
normalized distance of container 6 : 0.2222222222222222
normalized distance of container 7 : 0.2222222222222222
normalized distance of container 8 : 0.5555555555555556
normalized distance of container 9 : 0.2222222222222222
normalized distance of container 10 : 0.3333333333333333
normalized distance of container 11 : 0.2222222222222222
normalized distance of container 12 : 0.3333333333333333
normalized distance of container 13 : 0.2222222222222222
normalized distance of container 14 : 0.3333333333333333
normalized distance of container 15 : 0.5555555555555556
normalized distance of container 16 : 0.1111111111111111
normalized distance of container 17 : 0.4444444444444444
normalized distance of container 18 : 0.2222222222222222
normalized distance of container 19 : 0.4444444444444444
