Number of initial container : 0
Number of new container : 7
Total number of containers : 7
Level_num : 9
Container_level : [2, 1, 4, 9, 3, 4, 2]
ideal_configuration : 
 [[0. 0. 0. 0. 0. 0.]
 [9. 0. 0. 0. 0. 0.]
 [3. 0. 0. 0. 0. 0.]
 [2. 4. 0. 0. 0. 0.]
 [1. 2. 4. 0. 0. 0.]]
Centroid : {2: (0.5, 0.5), 1: (0.0, 0.0), 4: (1.5, 0.5), 9: (0.0, 3.0), 3: (0.0, 2.0)}
Repeat number : 4
Original weight : [7.54, 6.15, 9.67, 13.61, 8.85, 9.01, 7.84]
Sequence : [1, 2, 3, 4, 5, 6, 7]
Emergency : [0, 0, 0, 0, 0, 0, 0]
Time taken to solve the MIP model : 0.0062 seconds
min_d : 0, max_d : 9
---------------------------------
solution for: IP model
objective: 0
status: OPTIMAL_SOLUTION(2)
x_0_0_0=1
x_1_3_0=1
x_2_0_1=1
x_3_0_2=1
x_4_3_1=1
x_5_1_0=1
x_6_2_0=1
d_0=2.000
d_1=3.000
d_2=3.000
d_3=1.000
d_4=4.000
d_5=2.000
d_6=3.000
d_x_0=1.000
d_x_1=3.000
d_x_2=2.000
d_x_4=3.000
d_x_5=1.000
d_x_6=2.000
d_y_0=1.000
d_y_2=1.000
d_y_3=1.000
d_y_4=1.000
d_y_5=1.000
d_y_6=1.000
normalized distance of container 0 : 0.2222222222222222
normalized distance of container 1 : 0.3333333333333333
normalized distance of container 2 : 0.3333333333333333
normalized distance of container 3 : 0.1111111111111111
normalized distance of container 4 : 0.4444444444444444
normalized distance of container 5 : 0.2222222222222222
normalized distance of container 6 : 0.3333333333333333
