Number of initial container : 5
Number of new container : 10
Total number of containers : 15
Level_num : 9
Container_level : [3, 8, 1, 6, 9, 4, 6, 3, 3, 1, 1, 1, 3, 6, 1]
ideal_configuration : 
 [[6. 0. 0. 0. 0. 0.]
 [3. 6. 0. 0. 0. 0.]
 [1. 3. 6. 0. 0. 0.]
 [1. 1. 3. 8. 0. 0.]
 [1. 1. 3. 4. 9. 0.]]
Centroid : {3: (1.25, 1.5), 8: (3.0, 1.0), 1: (0.4, 0.8), 6: (1.0, 3.0), 9: (4.0, 0.0), 4: (3.0, 0.0)}
Repeat number : 4
Original weight : [11.27, 7.15, 23.58, 13.19, 10.62, 21.45, 7.6, 10.54, 16.76, 17.99, 16.61, 7.26, 16.85, 7.67, 8.5]
Group : [1, 3, 0, 2, 3, 1, 2, 1, 1, 0, 0, 0, 1, 2, 0]
Sequence : [0, 0, 0, 0, 0, 1, 2, 3, 4, 5, 6, 7, 8, 9, 10]
Scroe : [111.27, 307.15, 23.58, 213.19, 310.62, 121.45, 207.6, 110.53999999999999, 116.76, 17.99, 16.61, 7.26, 116.85, 207.67, 8.5]
Time taken to solve the MIP model : 0.0976 seconds
min_d : 0, max_d : 9
---------------------------------
solution for: IP model
objective: 5.18889
x_0_4_0=1
x_1_1_0=1
x_2_5_0=1
x_3_4_1=1
x_4_3_0=1
x_5_5_1=1
x_6_5_2=1
x_7_2_0=1
x_8_2_1=1
x_9_0_0=1
x_10_0_1=1
x_11_0_2=1
x_12_2_2=1
x_13_1_1=1
x_14_0_3=1
r_0_0=1
r_0_1=1
r_0_2=1
r_0_3=1
r_1_0=1
r_1_1=1
d_0=4.250
d_1=3.000
d_2=5.400
d_3=5.000
d_4=1.000
d_5=3.000
d_6=5.000
d_7=2.250
d_8=1.250
d_9=1.200
d_10=0.600
d_11=1.600
d_12=1.250
d_13=2.000
d_14=2.600
d_x_0=2.750
d_x_1=2.000
d_x_2=4.600
d_x_3=3.000
d_x_4=1.000
d_x_5=2.000
d_x_6=4.000
d_x_7=0.750
d_x_8=0.750
d_x_9=0.400
d_x_10=0.400
d_x_11=0.400
d_x_12=0.750
d_x_14=0.400
d_y_0=1.500
d_y_1=1.000
d_y_2=0.800
d_y_3=2.000
d_y_5=1.000
d_y_6=1.000
d_y_7=1.500
d_y_8=0.500
d_y_9=0.800
d_y_10=0.200
d_y_11=1.200
d_y_12=0.500
d_y_13=2.000
d_y_14=2.200
normalized distance of container 0 : 0.4722222222222222
normalized distance of container 1 : 0.3333333333333333
normalized distance of container 2 : 0.6
normalized distance of container 3 : 0.5555555555555556
normalized distance of container 4 : 0.1111111111111111
normalized distance of container 5 : 0.3333333333333333
normalized distance of container 6 : 0.5555555555555556
normalized distance of container 7 : 0.2499999999999996
normalized distance of container 8 : 0.13888888888888828
normalized distance of container 9 : 0.13333333333333242
normalized distance of container 10 : 0.06666666666666528
normalized distance of container 11 : 0.1777777777777764
normalized distance of container 12 : 0.13888888888888806
normalized distance of container 13 : 0.2222222222222222
normalized distance of container 14 : 0.28888888888888753
