Number of initial container : 5
Number of new container : 10
Total number of containers : 15
Level_num : 9
Container_level : [3, 3, 3, 9, 1, 6, 6, 3, 8, 3, 1, 6, 8, 3, 8]
ideal_configuration : 
 [[6. 0. 0. 0. 0. 0.]
 [3. 8. 0. 0. 0. 0.]
 [3. 3. 8. 0. 0. 0.]
 [1. 3. 6. 8. 0. 0.]
 [1. 3. 3. 6. 9. 0.]]
Centroid : {3: (0.8333333333333334, 1.3333333333333333), 9: (4.0, 0.0), 1: (0.0, 0.5), 6: (1.6666666666666667, 1.6666666666666667), 8: (2.0, 2.0)}
Repeat number : 18
Original weight : [11.2, 11.86, 21.1, 23.3, 18.12, 17.53, 17.82, 12.86, 19.13, 16.67, 17.05, 16.64, 14.41, 22.92, 10.5]
Group : [1, 1, 1, 3, 0, 2, 2, 1, 3, 1, 0, 2, 3, 1, 3]
Sequence : [0, 0, 0, 0, 0, 1, 2, 3, 4, 5, 6, 7, 8, 9, 10]
Scroe : [111.2, 111.86, 121.1, 323.3, 18.12, 217.53, 217.82, 112.86, 319.13, 116.67, 17.05, 216.64, 314.41, 122.92, 310.5]
Time taken to solve the MIP model : 0.0384 seconds
min_d : 0, max_d : 9
---------------------------------
solution for: IP model
objective: 1.51852
x_0_3_0=1
x_1_4_0=1
x_2_5_0=1
x_3_4_1=1
x_4_2_0=1
x_5_2_1=1
x_6_2_2=1
x_7_1_0=1
x_8_2_3=1
x_9_1_1=1
x_10_0_0=1
x_11_3_1=1
x_12_1_2=1
x_13_0_1=1
x_14_3_2=1
d_0=3.500
d_1=4.500
d_2=5.500
d_3=1.000
d_4=2.500
d_5=1.000
d_6=0.667
d_7=1.500
d_8=1.000
d_9=0.500
d_10=0.500
d_11=2.000
d_12=1.000
d_13=1.167
d_14=1.000
d_x_0=2.167
d_x_1=3.167
d_x_2=4.167
d_x_4=2.000
d_x_5=0.333
d_x_6=0.333
d_x_7=0.167
d_x_9=0.167
d_x_11=1.333
d_x_12=1.000
d_x_13=0.833
d_x_14=1.000
d_y_0=1.333
d_y_1=1.333
d_y_2=1.333
d_y_3=1.000
d_y_4=0.500
d_y_5=0.667
d_y_6=0.333
d_y_7=1.333
d_y_8=1.000
d_y_9=0.333
d_y_10=0.500
d_y_11=0.667
d_y_13=0.333
normalized distance of container 0 : 0.3888888888888889
normalized distance of container 1 : 0.5
normalized distance of container 2 : 0.6111111111111112
normalized distance of container 3 : 0.1111111111111111
normalized distance of container 4 : 0.2777777777777778
normalized distance of container 5 : 0.11111111111111091
normalized distance of container 6 : 0.07407407407407371
normalized distance of container 7 : 0.1666666666666665
normalized distance of container 8 : 0.1111111111111111
normalized distance of container 9 : 0.05555555555555499
normalized distance of container 10 : 0.055555555555555164
normalized distance of container 11 : 0.2222222222222217
normalized distance of container 12 : 0.1111111111111111
normalized distance of container 13 : 0.12962962962962962
normalized distance of container 14 : 0.1111111111111111
