Number of initial container : 7
Number of new container : 13
Total number of containers : 20
Level_num : 9
Container_level : [1, 1, 2, 5, 6, 7, 6, 8, 9, 4, 2, 5, 6, 7, 7, 4, 3, 6, 4, 4]
ideal_configuration : 
 [[5. 7. 0. 0. 0. 0.]
 [4. 6. 7. 0. 0. 0.]
 [2. 4. 6. 7. 0. 0.]
 [1. 3. 4. 6. 8. 0.]
 [1. 2. 4. 5. 6. 9.]]
Centroid : {1: (0.0, 0.5), 2: (0.5, 1.0), 5: (1.5, 2.0), 6: (2.5, 1.5), 7: (2.0, 3.0), 8: (4.0, 1.0), 9: (5.0, 0.0), 4: (1.25, 1.5), 3: (1.0, 1.0)}
Repeat number : 30
Original weight : [5.79, 5.96, 9.64, 15.49, 16.9, 17.87, 16.47, 21.37, 21.87, 13.23, 8.0, 14.59, 16.81, 19.09, 17.95, 13.64, 10.92, 16.75, 11.95, 12.69]
Sequence : [0, 0, 0, 0, 0, 0, 0, 1, 2, 3, 4, 5, 6, 7, 8, 9, 10, 11, 12, 13]
Emergency : [0, 0, 0, 0, 0, 0, 0, 0, 0, 0, 0, 0, 0, 0, 0, 0, 0, 0, 0, 0]
Time taken to solve the MIP model : 0.0272 seconds
min_d : 0, max_d : 9
---------------------------------
solution for: IP model
objective: 2
status: OPTIMAL_SOLUTION(2)
x_0_5_0=1
x_1_0_0=1
x_2_5_1=1
x_3_4_0=1
x_4_1_0=1
x_5_4_1=1
x_6_4_2=1
x_7_1_1=1
x_8_1_2=1
x_9_0_1=1
x_10_2_0=1
x_11_0_2=1
x_12_2_1=1
x_13_2_2=1
x_14_0_3=1
x_15_3_0=1
x_16_5_2=1
x_17_3_1=1
x_18_5_3=1
x_19_5_4=1
r_4_1=1
r_4_2=1
d_0=5.500
d_1=0.500
d_2=4.500
d_3=4.500
d_4=3.000
d_5=4.000
d_6=2.000
d_7=3.000
d_8=6.000
d_9=3.000
d_10=3.000
d_11=2.000
d_12=2.000
d_13=1.000
d_14=2.000
d_15=4.000
d_16=5.000
d_17=2.000
d_18=6.000
d_19=7.000
d_x_0=5.000
d_x_2=4.500
d_x_3=2.500
d_x_4=1.500
d_x_5=2.000
d_x_6=1.500
d_x_7=3.000
d_x_8=4.000
d_x_9=2.000
d_x_10=2.000
d_x_11=2.000
d_x_12=1.000
d_x_14=2.000
d_x_15=2.000
d_x_16=4.000
d_x_17=1.000
d_x_18=4.000
d_x_19=4.000
d_y_0=0.500
d_y_1=0.500
d_y_3=2.000
d_y_4=1.500
d_y_5=2.000
d_y_6=0.500
d_y_8=2.000
d_y_9=1.000
d_y_10=1.000
d_y_12=1.000
d_y_13=1.000
d_y_15=2.000
d_y_16=1.000
d_y_17=1.000
d_y_18=2.000
d_y_19=3.000
normalized distance of container 0 : 0.6111111111111112
normalized distance of container 1 : 0.05555555555555555
normalized distance of container 2 : 0.5
normalized distance of container 3 : 0.5
normalized distance of container 4 : 0.3333333333333333
normalized distance of container 5 : 0.4444444444444444
normalized distance of container 6 : 0.2222222222222222
normalized distance of container 7 : 0.3333333333333333
normalized distance of container 8 : 0.6666666666666666
normalized distance of container 9 : 0.3333333333333333
normalized distance of container 10 : 0.3333333333333333
normalized distance of container 11 : 0.2222222222222222
normalized distance of container 12 : 0.2222222222222222
normalized distance of container 13 : 0.1111111111111111
normalized distance of container 14 : 0.2222222222222222
normalized distance of container 15 : 0.4444444444444444
normalized distance of container 16 : 0.5555555555555556
normalized distance of container 17 : 0.2222222222222222
normalized distance of container 18 : 0.6666666666666666
normalized distance of container 19 : 0.7777777777777778
