Number of initial container : 10
Number of new container : 10
Total number of containers : 20
Level_num : 9
Container_level : [6, 5, 1, 2, 6, 7, 1, 5, 6, 2, 1, 9, 8, 1, 7, 2, 7, 8, 1, 1]
ideal_configuration : 
 [[5. 7. 0. 0. 0. 0.]
 [2. 6. 7. 0. 0. 0.]
 [1. 2. 6. 8. 0. 0.]
 [1. 1. 2. 6. 8. 0.]
 [1. 1. 1. 5. 7. 9.]]
Centroid : {6: (2.0, 2.0), 5: (1.5, 2.0), 1: (0.6666666666666666, 0.6666666666666666), 2: (1.0, 2.0), 7: (2.3333333333333335, 2.3333333333333335), 9: (5.0, 0.0), 8: (3.5, 1.5)}
Repeat number : 30
Original weight : [15.85, 13.92, 7.63, 9.3, 16.33, 18.53, 6.27, 15.77, 15.96, 8.71, 6.66, 21.71, 21.25, 5.97, 18.22, 8.18, 19.47, 19.87, 7.15, 6.51]
Group : [0, 0, 0, 0, 0, 0, 0, 0, 0, 0, 0, 0, 0, 0, 0, 0, 0, 0, 0, 0]
Sequence : [0, 0, 0, 0, 0, 0, 0, 0, 0, 0, 1, 2, 3, 4, 5, 6, 7, 8, 9, 10]
Scroe : [15.85, 13.92, 7.63, 9.3, 16.33, 18.53, 6.27, 15.77, 15.96, 8.71, 6.66, 21.71, 21.25, 5.97, 18.22, 8.18, 19.47, 19.87, 7.15, 6.51]
Time taken to solve the MIP model : 0.0283 seconds
min_d : 0, max_d : 9
---------------------------------
solution for: IP model
objective: 5.18519
x_0_4_0=1
x_1_4_1=1
x_2_1_0=1
x_3_5_0=1
x_4_0_0=1
x_5_2_0=1
x_6_3_0=1
x_7_5_1=1
x_8_1_1=1
x_9_4_2=1
x_10_0_1=1
x_11_5_2=1
x_12_3_1=1
x_13_2_1=1
x_14_2_2=1
x_15_1_2=1
x_16_2_3=1
x_17_3_2=1
x_18_0_2=1
x_19_1_3=1
r_0_0=1
r_0_1=1
r_0_2=1
r_1_0=1
r_1_1=1
r_1_2=1
r_1_3=1
r_2_0=1
r_2_1=1
r_2_2=1
r_2_3=1
r_3_1=1
r_3_2=1
r_4_0=1
r_4_1=1
r_4_2=1
d_0=4.000
d_1=3.500
d_2=1.000
d_3=6.000
d_4=4.000
d_5=2.667
d_6=3.000
d_7=4.500
d_8=2.000
d_9=3.000
d_10=1.000
d_11=2.000
d_12=1.000
d_13=1.667
d_14=0.667
d_16=1.000
d_17=1.000
d_18=2.000
d_19=2.667
d_x_0=2.000
d_x_1=2.500
d_x_2=0.333
d_x_3=4.000
d_x_4=2.000
d_x_5=0.333
d_x_6=2.333
d_x_7=3.500
d_x_8=1.000
d_x_9=3.000
d_x_10=0.667
d_x_12=0.500
d_x_13=1.333
d_x_14=0.333
d_x_16=0.333
d_x_17=0.500
d_x_18=0.667
d_x_19=0.333
d_y_0=2.000
d_y_1=1.000
d_y_2=0.667
d_y_3=2.000
d_y_4=2.000
d_y_5=2.333
d_y_6=0.667
d_y_7=1.000
d_y_8=1.000
d_y_10=0.333
d_y_11=2.000
d_y_12=0.500
d_y_13=0.333
d_y_14=0.333
d_y_16=0.667
d_y_17=0.500
d_y_18=1.333
d_y_19=2.333
normalized distance of container 0 : 0.4444444444444444
normalized distance of container 1 : 0.3888888888888889
normalized distance of container 2 : 0.1111111111111111
normalized distance of container 3 : 0.6666666666666666
normalized distance of container 4 : 0.4444444444444444
normalized distance of container 5 : 0.29629629629629634
normalized distance of container 6 : 0.3333333333333333
normalized distance of container 7 : 0.5
normalized distance of container 8 : 0.2222222222222222
normalized distance of container 9 : 0.3333333333333333
normalized distance of container 10 : 0.1111111111111111
normalized distance of container 11 : 0.2222222222222222
normalized distance of container 12 : 0.11111111111111081
normalized distance of container 13 : 0.18518518518518468
normalized distance of container 14 : 0.07407407407407342
normalized distance of container 15 : 0.0
normalized distance of container 16 : 0.11111111111111077
normalized distance of container 17 : 0.11111111111111062
normalized distance of container 18 : 0.2222222222222222
normalized distance of container 19 : 0.2962962962962958
