Number of initial container : 10
Number of new container : 10
Total number of containers : 20
Level_num : 9
Container_level : [2, 9, 6, 5, 4, 8, 1, 6, 4, 8, 1, 7, 1, 1, 1, 4, 7, 7, 1, 8]
ideal_configuration : 
 [[5. 7. 0. 0. 0. 0.]
 [2. 6. 8. 0. 0. 0.]
 [1. 4. 6. 8. 0. 0.]
 [1. 1. 4. 7. 8. 0.]
 [1. 1. 1. 4. 7. 9.]]
Centroid : {2: (0.0, 3.0), 9: (5.0, 0.0), 6: (1.5, 2.5), 5: (0.0, 4.0), 4: (2.0, 1.0), 8: (3.0, 2.0), 1: (0.6666666666666666, 0.6666666666666666), 7: (2.6666666666666665, 1.6666666666666667)}
Repeat number : 14
Original weight : [9.38, 22.92, 17.08, 14.86, 13.67, 21.85, 6.28, 17.98, 13.13, 21.83, 6.57, 20.48, 6.37, 6.51, 7.85, 13.17, 19.19, 19.99, 6.92, 21.94]
Group : [0, 0, 0, 0, 0, 0, 0, 0, 0, 0, 0, 0, 0, 0, 0, 0, 0, 0, 0, 0]
Sequence : [0, 0, 0, 0, 0, 0, 0, 0, 0, 0, 1, 2, 3, 4, 5, 6, 7, 8, 9, 10]
Scroe : [9.38, 22.92, 17.08, 14.86, 13.67, 21.85, 6.28, 17.98, 13.13, 21.83, 6.57, 20.48, 6.37, 6.51, 7.85, 13.17, 19.19, 19.99, 6.92, 21.94]
Time taken to solve the MIP model : 0.0253 seconds
min_d : 0, max_d : 9
---------------------------------
solution for: IP model
objective: 5.7037
x_0_2_0=1
x_1_0_0=1
x_2_2_1=1
x_3_4_0=1
x_4_3_0=1
x_5_4_1=1
x_6_5_0=1
x_7_0_1=1
x_8_1_0=1
x_9_2_2=1
x_10_1_1=1
x_11_3_1=1
x_12_1_2=1
x_13_1_3=1
x_14_0_2=1
x_15_2_3=1
x_16_4_2=1
x_17_3_2=1
x_18_0_3=1
x_19_3_3=1
r_0_0=1
r_0_1=1
r_0_2=1
r_0_3=1
r_1_0=1
r_1_1=1
r_1_2=1
r_1_3=1
r_2_1=1
r_2_2=1
r_2_3=1
r_3_1=1
r_3_2=1
r_3_3=1
r_4_1=1
r_4_2=1
d_0=5.000
d_1=5.000
d_2=2.000
d_3=8.000
d_4=2.000
d_5=2.000
d_6=5.000
d_7=3.000
d_8=2.000
d_9=1.000
d_10=0.667
d_11=1.000
d_12=1.667
d_13=2.667
d_14=2.000
d_15=2.000
d_16=1.667
d_17=0.667
d_18=3.000
d_19=1.000
d_x_0=2.000
d_x_1=5.000
d_x_2=0.500
d_x_3=4.000
d_x_4=1.000
d_x_5=1.000
d_x_6=4.333
d_x_7=1.500
d_x_8=1.000
d_x_9=1.000
d_x_10=0.333
d_x_11=0.333
d_x_12=0.333
d_x_13=0.333
d_x_14=0.667
d_x_16=1.333
d_x_17=0.333
d_x_18=0.667
d_y_0=3.000
d_y_2=1.500
d_y_3=4.000
d_y_4=1.000
d_y_5=1.000
d_y_6=0.667
d_y_7=1.500
d_y_8=1.000
d_y_10=0.333
d_y_11=0.667
d_y_12=1.333
d_y_13=2.333
d_y_14=1.333
d_y_15=2.000
d_y_16=0.333
d_y_17=0.333
d_y_18=2.333
d_y_19=1.000
normalized distance of container 0 : 0.5555555555555556
normalized distance of container 1 : 0.5555555555555556
normalized distance of container 2 : 0.2222222222222222
normalized distance of container 3 : 0.8888888888888888
normalized distance of container 4 : 0.2222222222222222
normalized distance of container 5 : 0.2222222222222222
normalized distance of container 6 : 0.5555555555555556
normalized distance of container 7 : 0.3333333333333333
normalized distance of container 8 : 0.2222222222222222
normalized distance of container 9 : 0.1111111111111111
normalized distance of container 10 : 0.07407407407407374
normalized distance of container 11 : 0.11111111111111081
normalized distance of container 12 : 0.18518518518518468
normalized distance of container 13 : 0.2962962962962958
normalized distance of container 14 : 0.2222222222222222
normalized distance of container 15 : 0.2222222222222222
normalized distance of container 16 : 0.18518518518518484
normalized distance of container 17 : 0.07407407407407374
normalized distance of container 18 : 0.3333333333333333
normalized distance of container 19 : 0.1111111111111111
