Number of initial container : 0
Number of new container : 10
Total number of containers : 10
Level_num : 9
Container_level : [6, 3, 6, 7, 7, 8, 8, 4, 9, 1]
ideal_configuration : 
 [[0. 0. 0. 0. 0. 0.]
 [7. 0. 0. 0. 0. 0.]
 [6. 8. 0. 0. 0. 0.]
 [3. 6. 8. 0. 0. 0.]
 [1. 4. 7. 9. 0. 0.]]
Centroid : {6: (0.5, 1.5), 3: (0.0, 1.0), 7: (1.0, 1.5), 8: (1.5, 1.5), 4: (1.0, 0.0), 9: (3.0, 0.0), 1: (0.0, 0.0)}
Repeat number : 16
Original weight : [17.46, 10.21, 19.15, 19.56, 20.4, 22.79, 22.0, 12.95, 23.92, 5.06]
Sequence : [1, 2, 3, 4, 5, 6, 7, 8, 9, 10]
Emergency : [0, 0, 0, 0, 0, 0, 0, 0, 0, 0]
Time taken to solve the MIP model : 0.0502 seconds
min_d : 0, max_d : 9
---------------------------------
solution for: IP model
objective: 0.833333
status: OPTIMAL_SOLUTION(2)
x_0_2_0=1
x_1_1_0=1
x_2_2_1=1
x_3_2_2=1
x_4_1_1=1
x_5_2_3=1
x_6_1_2=1
x_7_3_0=1
x_8_3_1=1
x_9_0_0=1
d_0=3.000
d_1=2.000
d_2=2.000
d_3=1.500
d_4=0.500
d_5=2.000
d_6=1.000
d_7=2.000
d_8=1.000
d_x_0=1.500
d_x_1=1.000
d_x_2=1.500
d_x_3=1.000
d_x_5=0.500
d_x_6=0.500
d_x_7=2.000
d_y_0=1.500
d_y_1=1.000
d_y_2=0.500
d_y_3=0.500
d_y_4=0.500
d_y_5=1.500
d_y_6=0.500
d_y_8=1.000
normalized distance of container 0 : 0.3333333333333329
normalized distance of container 1 : 0.2222222222222222
normalized distance of container 2 : 0.22222222222222143
normalized distance of container 3 : 0.16666666666666627
normalized distance of container 4 : 0.05555555555555555
normalized distance of container 5 : 0.22222222222222143
normalized distance of container 6 : 0.11111111111111033
normalized distance of container 7 : 0.2222222222222222
normalized distance of container 8 : 0.1111111111111111
normalized distance of container 9 : 0.0
