Number of initial container : 0
Number of new container : 20
Total number of containers : 20
Level_num : 9
Container_level : [5, 3, 5, 6, 7, 5, 5, 6, 6, 1, 1, 6, 8, 2, 8, 7, 1, 3, 5, 8]
ideal_configuration : 
 [[5. 7. 0. 0. 0. 0.]
 [5. 6. 7. 0. 0. 0.]
 [2. 5. 6. 8. 0. 0.]
 [1. 3. 5. 6. 8. 0.]
 [1. 1. 3. 5. 6. 8.]]
Centroid : {5: (1.2, 2.0), 3: (1.5, 0.5), 6: (2.5, 1.5), 7: (1.5, 3.5), 1: (0.3333333333333333, 0.3333333333333333), 8: (4.0, 1.0), 2: (0.0, 2.0)}
Repeat number : 4
Original weight : [16.04, 11.8, 14.99, 18.82, 20.04, 15.12, 15.86, 17.82, 17.49, 5.85, 7.7, 17.4, 23.3, 9.93, 21.53, 19.6, 6.89, 10.33, 16.29, 21.54]
Group : [0, 0, 0, 0, 0, 0, 0, 0, 0, 0, 0, 0, 0, 0, 0, 0, 0, 0, 0, 0]
Sequence : [1, 2, 3, 4, 5, 6, 7, 8, 9, 10, 11, 12, 13, 14, 15, 16, 17, 18, 19, 20]
Scroe : [16.04, 11.8, 14.99, 18.82, 20.04, 15.12, 15.86, 17.82, 17.49, 5.85, 7.7, 17.4, 23.3, 9.93, 21.53, 19.6, 6.89, 10.33, 16.29, 21.54]
Time taken to solve the MIP model : 0.1469 seconds
min_d : 0, max_d : 9
---------------------------------
solution for: IP model
objective: 2.80741
x_0_1_0=1
x_1_2_0=1
x_2_2_1=1
x_3_2_2=1
x_4_2_3=1
x_5_1_1=1
x_6_1_2=1
x_7_3_0=1
x_8_3_1=1
x_9_0_0=1
x_10_0_1=1
x_11_3_2=1
x_12_5_0=1
x_13_0_2=1
x_14_5_1=1
x_15_2_4=1
x_16_0_3=1
x_17_4_0=1
x_18_1_3=1
x_19_4_1=1
r_0_1=1
r_0_2=1
r_0_3=1
r_1_0=1
r_1_1=1
r_1_2=1
r_1_3=1
r_2_0=1
r_2_1=1
r_2_2=1
r_2_3=1
r_2_4=1
r_3_0=1
r_3_1=1
r_3_2=1
r_5_0=1
r_5_1=1
d_0=2.200
d_1=1.000
d_2=1.800
d_3=1.000
d_4=1.000
d_5=1.200
d_6=0.200
d_7=2.000
d_8=1.000
d_9=0.667
d_10=1.000
d_11=1.000
d_12=2.000
d_14=1.000
d_15=1.000
d_16=3.000
d_17=3.000
d_18=1.200
d_x_0=0.200
d_x_1=0.500
d_x_2=0.800
d_x_3=0.500
d_x_4=0.500
d_x_5=0.200
d_x_6=0.200
d_x_7=0.500
d_x_8=0.500
d_x_9=0.333
d_x_10=0.333
d_x_11=0.500
d_x_12=1.000
d_x_14=1.000
d_x_15=0.500
d_x_16=0.333
d_x_17=2.500
d_x_18=0.200
d_y_0=2.000
d_y_1=0.500
d_y_2=1.000
d_y_3=0.500
d_y_4=0.500
d_y_5=1.000
d_y_7=1.500
d_y_8=0.500
d_y_9=0.333
d_y_10=0.667
d_y_11=0.500
d_y_12=1.000
d_y_15=0.500
d_y_16=2.667
d_y_17=0.500
d_y_18=1.000
normalized distance of container 0 : 0.24444444444444446
normalized distance of container 1 : 0.11111111111111072
normalized distance of container 2 : 0.1999999999999993
normalized distance of container 3 : 0.11111111111111033
normalized distance of container 4 : 0.11111111111111033
normalized distance of container 5 : 0.13333333333333333
normalized distance of container 6 : 0.022222222222222216
normalized distance of container 7 : 0.22222222222222182
normalized distance of container 8 : 0.11111111111111072
normalized distance of container 9 : 0.07407407407407407
normalized distance of container 10 : 0.11111111111110926
normalized distance of container 11 : 0.11111111111110993
normalized distance of container 12 : 0.2222222222222222
normalized distance of container 13 : 0.0
normalized distance of container 14 : 0.1111111111111111
normalized distance of container 15 : 0.11111111111111022
normalized distance of container 16 : 0.3333333333333315
normalized distance of container 17 : 0.33333333333333254
normalized distance of container 18 : 0.13333333333333333
normalized distance of container 19 : 0.0
