Number of initial container : 0
Number of new container : 10
Total number of containers : 10
Level_num : 9
Container_level : [1, 3, 8, 9, 7, 5, 7, 6, 6, 1]
ideal_configuration : 
 [[0. 0. 0. 0. 0. 0.]
 [7. 0. 0. 0. 0. 0.]
 [5. 7. 0. 0. 0. 0.]
 [1. 6. 8. 0. 0. 0.]
 [1. 3. 6. 9. 0. 0.]]
Centroid : {1: (0.0, 0.5), 3: (1.0, 0.0), 8: (2.0, 1.0), 9: (3.0, 0.0), 7: (0.5, 2.5), 5: (0.0, 2.0), 6: (1.5, 0.5)}
Repeat number : 26
Original weight : [10.51, 14.39, 23.53, 23.74, 20.67, 17.36, 21.18, 18.8, 18.8, 8.86]
Sequence : [1, 2, 3, 4, 5, 6, 7, 8, 9, 10]
Emergency : [0, 0, 0, 0, 0, 0, 0, 0, 0, 0]
Time taken to solve the MIP model : 0.0083 seconds
min_d : 0, max_d : 9
---------------------------------
solution for: IP model
objective: 0
status: OPTIMAL_SOLUTION(2)
x_0_0_0=1
x_1_1_0=1
x_2_0_1=1
x_3_2_0=1
x_4_1_1=1
x_5_5_0=1
x_6_1_2=1
x_7_3_0=1
x_8_3_1=1
x_9_4_0=1
d_0=1.000
d_2=2.000
d_3=1.000
d_4=3.000
d_5=7.000
d_6=2.000
d_7=3.000
d_8=3.000
d_9=5.000
d_x_2=2.000
d_x_3=1.000
d_x_4=1.000
d_x_5=5.000
d_x_6=1.000
d_x_7=2.000
d_x_8=2.000
d_x_9=4.000
d_y_0=1.000
d_y_4=2.000
d_y_5=2.000
d_y_6=1.000
d_y_7=1.000
d_y_8=1.000
d_y_9=1.000
normalized distance of container 0 : 0.1111111111111111
normalized distance of container 1 : 0.0
normalized distance of container 2 : 0.2222222222222222
normalized distance of container 3 : 0.1111111111111111
normalized distance of container 4 : 0.3333333333333333
normalized distance of container 5 : 0.7777777777777778
normalized distance of container 6 : 0.2222222222222222
normalized distance of container 7 : 0.3333333333333333
normalized distance of container 8 : 0.3333333333333333
normalized distance of container 9 : 0.5555555555555556
