Number of initial container : 0
Number of new container : 25
Total number of containers : 25
Level_num : 9
Container_level : [8, 1, 8, 1, 8, 1, 1, 1, 8, 1, 9, 1, 4, 1, 4, 1, 4, 1, 1, 8, 1, 8, 1, 8, 8]
ideal_configuration : 
 [[1. 4. 8. 9. 0. 0.]
 [1. 1. 8. 8. 0. 0.]
 [1. 1. 1. 8. 8. 0.]
 [1. 1. 1. 4. 8. 8.]
 [1. 1. 1. 1. 4. 8.]]
Centroid : {8: (3.5, 2.0), 1: (1.0, 1.4615384615384615), 9: (3.0, 4.0), 4: (2.6666666666666665, 1.6666666666666667)}
Repeat number : 6
Original weight : [22.18, 14.6, 14.33, 16.2, 22.46, 9.07, 21.1, 9.43, 23.45, 11.54, 23.55, 12.54, 13.9, 11.42, 11.56, 17.24, 9.99, 9.12, 9.9, 6.4, 13.95, 8.48, 9.86, 8.84, 23.52]
Group : [2, 0, 2, 0, 2, 0, 0, 0, 2, 0, 2, 0, 1, 0, 1, 0, 1, 0, 0, 2, 0, 2, 0, 2, 2]
Sequence : [1, 2, 3, 4, 5, 6, 7, 8, 9, 10, 11, 12, 13, 14, 15, 16, 17, 18, 19, 20, 21, 22, 23, 24, 25]
Scroe : [222.18, 14.6, 214.33, 16.2, 222.46, 9.07, 21.1, 9.43, 223.45, 11.54, 223.55, 12.54, 113.9, 11.42, 111.56, 17.24, 109.99, 9.12, 9.9, 206.4, 13.95, 208.48, 9.86, 208.84, 223.52]
Time taken to solve the MIP model : 0.1473 seconds
min_d : 0, max_d : 9
---------------------------------
solution for: IP model
objective: 4.68946
x_0_4_0=1
x_1_2_0=1
x_2_5_0=1
x_3_2_1=1
x_4_5_1=1
x_5_2_2=1
x_6_0_0=1
x_7_2_3=1
x_8_4_1=1
x_9_0_1=1
x_10_2_4=1
x_11_0_2=1
x_12_3_0=1
x_13_0_3=1
x_14_3_1=1
x_15_1_0=1
x_16_3_2=1
x_17_1_1=1
x_18_1_2=1
x_19_3_3=1
x_20_1_3=1
x_21_5_2=1
x_22_1_4=1
x_23_4_2=1
x_24_4_3=1
r_0_0=1
r_0_1=1
r_0_2=1
r_0_3=1
r_1_0=1
r_1_1=1
r_1_2=1
r_1_3=1
r_1_4=1
r_2_0=1
r_2_1=1
r_2_2=1
r_2_3=1
r_2_4=1
r_3_0=1
r_3_1=1
r_3_2=1
r_3_3=1
r_4_0=1
r_4_1=1
r_4_2=1
r_4_3=1
r_5_0=1
r_5_1=1
r_5_2=1
d_0=2.500
d_1=2.462
d_2=3.500
d_3=1.462
d_4=2.500
d_5=1.538
d_6=2.462
d_7=2.538
d_8=1.500
d_9=1.462
d_10=1.000
d_11=1.538
d_12=2.000
d_13=2.538
d_14=1.000
d_15=1.462
d_16=0.667
d_17=0.462
d_18=0.538
d_19=1.500
d_20=1.538
d_21=1.500
d_22=2.538
d_23=0.500
d_24=1.500
d_x_0=0.500
d_x_1=1.000
d_x_2=1.500
d_x_3=1.000
d_x_4=1.500
d_x_5=1.000
d_x_6=1.000
d_x_7=1.000
d_x_8=0.500
d_x_9=1.000
d_x_10=1.000
d_x_11=1.000
d_x_12=0.333
d_x_13=1.000
d_x_14=0.333
d_x_16=0.333
d_x_19=0.500
d_x_21=1.500
d_x_23=0.500
d_x_24=0.500
d_y_0=2.000
d_y_1=1.462
d_y_2=2.000
d_y_3=0.462
d_y_4=1.000
d_y_5=0.538
d_y_6=1.462
d_y_7=1.538
d_y_8=1.000
d_y_9=0.462
d_y_11=0.538
d_y_12=1.667
d_y_13=1.538
d_y_14=0.667
d_y_15=1.462
d_y_16=0.333
d_y_17=0.462
d_y_18=0.538
d_y_19=1.000
d_y_20=1.538
d_y_22=2.538
d_y_24=1.000
normalized distance of container 0 : 0.27777777777777757
normalized distance of container 1 : 0.27350427350427353
normalized distance of container 2 : 0.3888888888888889
normalized distance of container 3 : 0.16239316239316237
normalized distance of container 4 : 0.27777777777777757
normalized distance of container 5 : 0.1709401709401709
normalized distance of container 6 : 0.27350427350427353
normalized distance of container 7 : 0.28205128205128105
normalized distance of container 8 : 0.16666666666666646
normalized distance of container 9 : 0.16239316239316237
normalized distance of container 10 : 0.1111111111111111
normalized distance of container 11 : 0.17094017094016994
normalized distance of container 12 : 0.2222222222222222
normalized distance of container 13 : 0.28205128205128105
normalized distance of container 14 : 0.11111111111111059
normalized distance of container 15 : 0.16239316239316237
normalized distance of container 16 : 0.07407407407407302
normalized distance of container 17 : 0.05128205128205127
normalized distance of container 18 : 0.059829059829058825
normalized distance of container 19 : 0.16666666666666666
normalized distance of container 20 : 0.17094017094016997
normalized distance of container 21 : 0.16666666666666646
normalized distance of container 22 : 0.28205128205128105
normalized distance of container 23 : 0.05555555555555555
normalized distance of container 24 : 0.16666666666666666
