Number of initial container : 0
Number of new container : 25
Total number of containers : 25
Level_num : 9
Container_level : [1, 1, 3, 3, 1, 3, 8, 3, 6, 1, 3, 3, 8, 8, 1, 8, 1, 3, 8, 6, 1, 1, 6, 1, 9]
ideal_configuration : 
 [[3. 3. 8. 9. 0. 0.]
 [1. 3. 6. 8. 0. 0.]
 [1. 1. 3. 6. 8. 0.]
 [1. 1. 1. 3. 6. 8.]
 [1. 1. 1. 3. 3. 8.]]
Centroid : {1: (0.7777777777777778, 1.1111111111111112), 3: (2.0, 2.0), 8: (3.8, 2.0), 6: (3.0, 2.0), 9: (3.0, 4.0)}
Repeat number : 21
Original weight : [8.49, 16.53, 19.23, 6.31, 15.62, 15.78, 15.4, 5.39, 16.29, 12.49, 7.96, 9.95, 7.83, 11.06, 11.64, 10.93, 5.41, 14.75, 11.22, 15.77, 14.78, 7.29, 21.68, 6.37, 22.67]
Group : [0, 0, 1, 1, 0, 1, 3, 1, 2, 0, 1, 1, 3, 3, 0, 3, 0, 1, 3, 2, 0, 0, 2, 0, 3]
Sequence : [1, 2, 3, 4, 5, 6, 7, 8, 9, 10, 11, 12, 13, 14, 15, 16, 17, 18, 19, 20, 21, 22, 23, 24, 25]
Scroe : [8.49, 16.53, 119.23, 106.31, 15.62, 115.78, 315.4, 105.39, 216.29, 12.49, 107.96, 109.95, 307.83, 311.06, 11.64, 310.93, 5.41, 114.75, 311.22, 215.77, 14.78, 7.29, 221.68, 6.37, 322.67]
Time taken to solve the MIP model : 0.8191 seconds
min_d : 0, max_d : 9
---------------------------------
solution for: IP model
objective: 4.23457
x_0_1_0=1
x_1_1_1=1
x_2_5_0=1
x_3_2_0=1
x_4_1_2=1
x_5_2_1=1
x_6_5_1=1
x_7_3_0=1
x_8_3_1=1
x_9_0_0=1
x_10_2_2=1
x_11_2_3=1
x_12_5_2=1
x_13_4_0=1
x_14_1_3=1
x_15_4_1=1
x_16_0_1=1
x_17_2_4=1
x_18_4_2=1
x_19_3_2=1
x_20_0_2=1
x_21_1_4=1
x_22_3_3=1
x_23_0_3=1
x_24_3_4=1
r_0_0=1
r_0_1=1
r_0_2=1
r_0_3=1
r_1_0=1
r_1_1=1
r_1_2=1
r_1_3=1
r_1_4=1
r_2_0=1
r_2_1=1
r_2_2=1
r_2_3=1
r_2_4=1
r_3_0=1
r_3_1=1
r_3_2=1
r_3_3=1
r_3_4=1
r_4_0=1
r_4_1=1
r_4_2=1
r_5_1=1
r_5_2=1
d_0=1.333
d_1=0.333
d_2=5.000
d_3=2.000
d_4=1.111
d_5=1.000
d_6=2.200
d_7=3.000
d_8=1.000
d_9=1.889
d_11=1.000
d_12=1.200
d_13=2.200
d_14=2.111
d_15=1.200
d_16=0.889
d_17=2.000
d_18=0.200
d_20=1.667
d_21=3.111
d_22=1.000
d_23=2.667
d_x_0=0.222
d_x_1=0.222
d_x_2=3.000
d_x_4=0.222
d_x_6=1.200
d_x_7=1.000
d_x_9=0.778
d_x_12=1.200
d_x_13=0.200
d_x_14=0.222
d_x_15=0.200
d_x_16=0.778
d_x_18=0.200
d_x_20=0.778
d_x_21=0.222
d_x_23=0.778
d_y_0=1.111
d_y_1=0.111
d_y_2=2.000
d_y_3=2.000
d_y_4=0.889
d_y_5=1.000
d_y_6=1.000
d_y_7=2.000
d_y_8=1.000
d_y_9=1.111
d_y_11=1.000
d_y_13=2.000
d_y_14=1.889
d_y_15=1.000
d_y_16=0.111
d_y_17=2.000
d_y_20=0.889
d_y_21=2.889
d_y_22=1.000
d_y_23=1.889
normalized distance of container 0 : 0.14814814814814786
normalized distance of container 1 : 0.03703703703703655
normalized distance of container 2 : 0.5555555555555556
normalized distance of container 3 : 0.2222222222222222
normalized distance of container 4 : 0.12345679012345398
normalized distance of container 5 : 0.1111111111111111
normalized distance of container 6 : 0.24444444444444446
normalized distance of container 7 : 0.3333333333333333
normalized distance of container 8 : 0.1111111111111111
normalized distance of container 9 : 0.20987654320987653
normalized distance of container 10 : 0.0
normalized distance of container 11 : 0.1111111111111111
normalized distance of container 12 : 0.13333333333333336
normalized distance of container 13 : 0.24444444444444427
normalized distance of container 14 : 0.23456790123456508
normalized distance of container 15 : 0.13333333333333316
normalized distance of container 16 : 0.09876543209876544
normalized distance of container 17 : 0.2222222222222222
normalized distance of container 18 : 0.022222222222222046
normalized distance of container 19 : 0.0
normalized distance of container 20 : 0.18518518518518454
normalized distance of container 21 : 0.34567901234567944
normalized distance of container 22 : 0.1111111111111111
normalized distance of container 23 : 0.2962962962962963
normalized distance of container 24 : 0.0
