Number of initial container : 0
Number of new container : 25
Total number of containers : 25
Level_num : 9
Container_level : [3, 3, 3, 6, 3, 6, 3, 1, 1, 6, 9, 1, 1, 8, 6, 8, 8, 6, 1, 6, 8, 8, 8, 3, 6]
ideal_configuration : 
 [[3. 6. 8. 9. 0. 0.]
 [3. 6. 6. 8. 0. 0.]
 [1. 3. 6. 6. 8. 0.]
 [1. 1. 3. 6. 8. 8.]
 [1. 1. 3. 3. 6. 8.]]
Centroid : {3: (1.3333333333333333, 1.6666666666666667), 6: (2.2857142857142856, 2.142857142857143), 1: (0.4, 0.8), 9: (3.0, 4.0), 8: (3.8333333333333335, 1.8333333333333333)}
Repeat number : 25
Original weight : [8.29, 17.48, 14.7, 19.18, 5.58, 10.09, 5.1, 20.79, 12.11, 16.85, 18.26, 6.42, 11.26, 8.45, 22.7, 12.26, 5.73, 12.21, 5.12, 9.61, 10.87, 11.04, 13.78, 15.83, 23.63]
Group : [1, 1, 1, 2, 1, 2, 1, 0, 0, 2, 3, 0, 0, 3, 2, 3, 3, 2, 0, 2, 3, 3, 3, 1, 2]
Sequence : [1, 2, 3, 4, 5, 6, 7, 8, 9, 10, 11, 12, 13, 14, 15, 16, 17, 18, 19, 20, 21, 22, 23, 24, 25]
Scroe : [108.28999999999999, 117.48, 114.7, 219.18, 105.58, 210.09, 105.1, 20.79, 12.11, 216.85, 318.26, 6.42, 11.26, 308.45, 222.7, 312.26, 305.73, 212.21, 5.12, 209.61, 310.87, 311.04, 313.78, 115.83, 223.63]
Time taken to solve the MIP model : 0.2867 seconds
min_d : 0, max_d : 9
---------------------------------
solution for: IP model
objective: 4.31429
x_0_1_0=1
x_1_1_1=1
x_2_3_0=1
x_3_3_1=1
x_4_1_2=1
x_5_3_2=1
x_6_1_3=1
x_7_0_0=1
x_8_2_0=1
x_9_3_3=1
x_10_3_4=1
x_11_0_1=1
x_12_0_2=1
x_13_5_0=1
x_14_2_1=1
x_15_5_1=1
x_16_5_2=1
x_17_2_2=1
x_18_0_3=1
x_19_2_3=1
x_20_4_0=1
x_21_4_1=1
x_22_4_2=1
x_23_1_4=1
x_24_2_4=1
r_0_0=1
r_0_1=1
r_0_2=1
r_0_3=1
r_1_0=1
r_1_1=1
r_1_2=1
r_1_3=1
r_1_4=1
r_2_0=1
r_2_1=1
r_2_2=1
r_2_3=1
r_2_4=1
r_3_1=1
r_3_2=1
r_3_3=1
r_3_4=1
r_4_1=1
r_4_2=1
r_5_0=1
r_5_1=1
r_5_2=1
d_0=2.000
d_1=1.000
d_2=3.333
d_3=1.857
d_4=0.667
d_5=0.857
d_6=1.667
d_7=1.200
d_8=2.400
d_9=1.571
d_11=0.600
d_12=1.600
d_13=3.000
d_14=1.429
d_15=2.000
d_16=1.333
d_17=0.429
d_18=2.600
d_19=1.143
d_20=2.000
d_21=1.000
d_22=0.333
d_23=2.667
d_24=2.143
d_x_0=0.333
d_x_1=0.333
d_x_2=1.667
d_x_3=0.714
d_x_4=0.333
d_x_5=0.714
d_x_6=0.333
d_x_7=0.400
d_x_8=1.600
d_x_9=0.714
d_x_11=0.400
d_x_12=0.400
d_x_13=1.167
d_x_14=0.286
d_x_15=1.167
d_x_16=1.167
d_x_17=0.286
d_x_18=0.400
d_x_19=0.286
d_x_20=0.167
d_x_21=0.167
d_x_22=0.167
d_x_23=0.333
d_x_24=0.286
d_y_0=1.667
d_y_1=0.667
d_y_2=1.667
d_y_3=1.143
d_y_4=0.333
d_y_5=0.143
d_y_6=1.333
d_y_7=0.800
d_y_8=0.800
d_y_9=0.857
d_y_11=0.200
d_y_12=1.200
d_y_13=1.833
d_y_14=1.143
d_y_15=0.833
d_y_16=0.167
d_y_17=0.143
d_y_18=2.200
d_y_19=0.857
d_y_20=1.833
d_y_21=0.833
d_y_22=0.167
d_y_23=2.333
d_y_24=1.857
normalized distance of container 0 : 0.2222222222222222
normalized distance of container 1 : 0.1111111111111111
normalized distance of container 2 : 0.3703703703703697
normalized distance of container 3 : 0.20634920634920606
normalized distance of container 4 : 0.07407407407407393
normalized distance of container 5 : 0.09523809523809455
normalized distance of container 6 : 0.18518518518518468
normalized distance of container 7 : 0.13333333333333336
normalized distance of container 8 : 0.2666666666666652
normalized distance of container 9 : 0.1746031746031736
normalized distance of container 10 : 0.0
normalized distance of container 11 : 0.0666666666666662
normalized distance of container 12 : 0.17777777777777728
normalized distance of container 13 : 0.3333333333333333
normalized distance of container 14 : 0.15873015873015872
normalized distance of container 15 : 0.222222222222222
normalized distance of container 16 : 0.14814814814814767
normalized distance of container 17 : 0.047619047619047596
normalized distance of container 18 : 0.2888888888888884
normalized distance of container 19 : 0.12698412698412664
normalized distance of container 20 : 0.22222222222222204
normalized distance of container 21 : 0.11111111111111094
normalized distance of container 22 : 0.03703703703703706
normalized distance of container 23 : 0.2962962962962963
normalized distance of container 24 : 0.23809523809523878
