Number of initial container : 0
Number of new container : 25
Total number of containers : 25
Level_num : 9
Container_level : [1, 1, 3, 1, 6, 8, 3, 9, 1, 1, 3, 6, 3, 3, 6, 6, 3, 1, 8, 1, 6, 6, 3, 6, 1]
ideal_configuration : 
 [[3. 6. 6. 9. 0. 0.]
 [1. 3. 6. 6. 0. 0.]
 [1. 1. 3. 6. 8. 0.]
 [1. 1. 3. 3. 6. 8.]
 [1. 1. 1. 3. 3. 6.]]
Centroid : {1: (0.625, 1.125), 3: (2.142857142857143, 1.5714285714285714), 6: (2.857142857142857, 2.4285714285714284), 8: (4.5, 1.5), 9: (3.0, 4.0)}
Repeat number : 13
Original weight : [19.58, 17.24, 15.44, 11.11, 20.52, 17.43, 16.27, 22.09, 16.46, 11.98, 5.65, 9.56, 8.11, 11.78, 8.89, 7.69, 10.09, 19.53, 19.55, 20.52, 18.85, 21.3, 21.51, 13.32, 21.06]
Group : [0, 0, 1, 0, 2, 3, 1, 3, 0, 0, 1, 2, 1, 1, 2, 2, 1, 0, 3, 0, 2, 2, 1, 2, 0]
Sequence : [1, 2, 3, 4, 5, 6, 7, 8, 9, 10, 11, 12, 13, 14, 15, 16, 17, 18, 19, 20, 21, 22, 23, 24, 25]
Scroe : [19.58, 17.24, 115.44, 11.11, 220.52, 317.43, 116.27, 322.09, 16.46, 11.98, 105.65, 209.56, 108.11, 111.78, 208.89, 207.69, 110.09, 19.53, 319.55, 20.52, 218.85, 221.3, 121.51, 213.32, 21.06]
Time taken to solve the MIP model : 0.3806 seconds
min_d : 0, max_d : 9
---------------------------------
solution for: IP model
objective: 4.55159
x_0_1_0=1
x_1_1_1=1
x_2_4_0=1
x_3_1_2=1
x_4_1_3=1
x_5_5_0=1
x_6_2_0=1
x_7_1_4=1
x_8_2_1=1
x_9_0_0=1
x_10_2_2=1
x_11_2_3=1
x_12_4_1=1
x_13_3_0=1
x_14_4_2=1
x_15_4_3=1
x_16_3_1=1
x_17_0_1=1
x_18_5_1=1
x_19_0_2=1
x_20_3_2=1
x_21_3_3=1
x_22_2_4=1
x_23_3_4=1
x_24_0_3=1
r_0_0=1
r_0_1=1
r_0_2=1
r_0_3=1
r_1_0=1
r_1_1=1
r_1_2=1
r_1_3=1
r_1_4=1
r_2_0=1
r_2_1=1
r_2_2=1
r_2_3=1
r_2_4=1
r_3_0=1
r_3_1=1
r_3_2=1
r_3_3=1
r_3_4=1
r_4_0=1
r_4_1=1
r_4_2=1
r_4_3=1
d_0=1.500
d_1=0.500
d_2=3.429
d_3=1.250
d_4=2.429
d_5=2.000
d_6=1.714
d_7=2.000
d_8=1.500
d_9=1.750
d_10=0.571
d_11=1.429
d_12=2.429
d_13=2.429
d_14=1.571
d_15=1.714
d_16=1.429
d_17=0.750
d_18=1.000
d_19=1.500
d_20=0.571
d_21=0.714
d_22=2.571
d_23=1.714
d_24=2.500
d_x_0=0.375
d_x_1=0.375
d_x_2=1.857
d_x_3=0.375
d_x_4=1.857
d_x_5=0.500
d_x_6=0.143
d_x_7=2.000
d_x_8=1.375
d_x_9=0.625
d_x_10=0.143
d_x_11=0.857
d_x_12=1.857
d_x_13=0.857
d_x_14=1.143
d_x_15=1.143
d_x_16=0.857
d_x_17=0.625
d_x_18=0.500
d_x_19=0.625
d_x_20=0.143
d_x_21=0.143
d_x_22=0.143
d_x_23=0.143
d_x_24=0.625
d_y_0=1.125
d_y_1=0.125
d_y_2=1.571
d_y_3=0.875
d_y_4=0.571
d_y_5=1.500
d_y_6=1.571
d_y_8=0.125
d_y_9=1.125
d_y_10=0.429
d_y_11=0.571
d_y_12=0.571
d_y_13=1.571
d_y_14=0.429
d_y_15=0.571
d_y_16=0.571
d_y_17=0.125
d_y_18=0.500
d_y_19=0.875
d_y_20=0.429
d_y_21=0.571
d_y_22=2.429
d_y_23=1.571
d_y_24=1.875
normalized distance of container 0 : 0.16666666666666646
normalized distance of container 1 : 0.05555555555555555
normalized distance of container 2 : 0.3809523809523806
normalized distance of container 3 : 0.138888888888888
normalized distance of container 4 : 0.26984126984126977
normalized distance of container 5 : 0.22222222222222213
normalized distance of container 6 : 0.19047619047619047
normalized distance of container 7 : 0.2222222222222222
normalized distance of container 8 : 0.16666666666666508
normalized distance of container 9 : 0.19444444444444445
normalized distance of container 10 : 0.06349206349206253
normalized distance of container 11 : 0.1587301587301583
normalized distance of container 12 : 0.2698412698412691
normalized distance of container 13 : 0.2698412698412691
normalized distance of container 14 : 0.17460317460317412
normalized distance of container 15 : 0.1904761904761896
normalized distance of container 16 : 0.158730158730158
normalized distance of container 17 : 0.08333333333333333
normalized distance of container 18 : 0.11111111111111062
normalized distance of container 19 : 0.16666666666666588
normalized distance of container 20 : 0.06349206349206302
normalized distance of container 21 : 0.07936507936507849
normalized distance of container 22 : 0.2857142857142857
normalized distance of container 23 : 0.1904761904761896
normalized distance of container 24 : 0.2777777777777778
