Number of initial container : 0
Number of new container : 25
Total number of containers : 25
Level_num : 9
Container_level : [6, 6, 3, 3, 6, 3, 3, 9, 3, 3, 8, 8, 8, 6, 1, 6, 3, 6, 8, 3, 3, 6, 8, 8, 8]
ideal_configuration : 
 [[6. 6. 8. 9. 0. 0.]
 [3. 6. 6. 8. 0. 0.]
 [3. 3. 6. 8. 8. 0.]
 [3. 3. 3. 6. 8. 8.]
 [1. 3. 3. 3. 6. 8.]]
Centroid : {6: (1.8571428571428572, 2.4285714285714284), 3: (1.1111111111111112, 1.1111111111111112), 9: (3.0, 4.0), 8: (3.7142857142857144, 1.8571428571428572), 1: (0.0, 0.0)}
Repeat number : 28
Original weight : [6.79, 19.15, 8.4, 11.71, 23.58, 9.73, 11.33, 22.36, 9.56, 13.3, 18.95, 13.17, 9.88, 12.76, 5.79, 6.32, 16.18, 5.82, 13.88, 17.36, 9.02, 12.01, 20.17, 15.27, 15.0]
Group : [2, 2, 1, 1, 2, 1, 1, 3, 1, 1, 3, 3, 3, 2, 0, 2, 1, 2, 3, 1, 1, 2, 3, 3, 3]
Sequence : [1, 2, 3, 4, 5, 6, 7, 8, 9, 10, 11, 12, 13, 14, 15, 16, 17, 18, 19, 20, 21, 22, 23, 24, 25]
Scroe : [206.79, 219.15, 108.4, 111.71000000000001, 223.57999999999998, 109.73, 111.33, 322.36, 109.56, 113.3, 318.95, 313.17, 309.88, 212.76, 5.79, 206.32, 116.18, 205.82, 313.88, 117.36, 109.02, 212.01, 320.17, 315.27, 315.0]
Time taken to solve the MIP model : 0.2654 seconds
min_d : 0, max_d : 9
---------------------------------
solution for: IP model
objective: 4.40741
x_0_3_0=1
x_1_3_1=1
x_2_2_0=1
x_3_1_0=1
x_4_3_2=1
x_5_1_1=1
x_6_1_2=1
x_7_3_3=1
x_8_1_3=1
x_9_2_1=1
x_10_4_0=1
x_11_5_0=1
x_12_4_1=1
x_13_2_2=1
x_14_0_0=1
x_15_2_3=1
x_16_0_1=1
x_17_2_4=1
x_18_5_1=1
x_19_0_2=1
x_20_0_3=1
x_21_1_4=1
x_22_5_2=1
x_23_4_2=1
x_24_4_3=1
r_0_1=1
r_0_2=1
r_0_3=1
r_1_0=1
r_1_1=1
r_1_2=1
r_1_3=1
r_1_4=1
r_2_0=1
r_2_1=1
r_2_2=1
r_2_3=1
r_2_4=1
r_3_0=1
r_3_1=1
r_3_2=1
r_3_3=1
r_4_0=1
r_4_1=1
r_4_2=1
r_4_3=1
d_0=3.571
d_1=2.571
d_2=2.000
d_3=1.222
d_4=1.571
d_5=0.222
d_6=1.000
d_7=1.000
d_8=2.000
d_9=1.000
d_10=2.143
d_11=3.143
d_12=1.143
d_13=0.571
d_15=0.714
d_16=1.222
d_17=1.714
d_18=2.143
d_19=2.000
d_20=3.000
d_21=2.429
d_22=1.429
d_23=0.429
d_24=1.429
d_x_0=1.143
d_x_1=1.143
d_x_2=0.889
d_x_3=0.111
d_x_4=1.143
d_x_5=0.111
d_x_6=0.111
d_x_8=0.111
d_x_9=0.889
d_x_10=0.286
d_x_11=1.286
d_x_12=0.286
d_x_13=0.143
d_x_15=0.143
d_x_16=1.111
d_x_17=0.143
d_x_18=1.286
d_x_19=1.111
d_x_20=1.111
d_x_21=0.857
d_x_22=1.286
d_x_23=0.286
d_x_24=0.286
d_y_0=2.429
d_y_1=1.429
d_y_2=1.111
d_y_3=1.111
d_y_4=0.429
d_y_5=0.111
d_y_6=0.889
d_y_7=1.000
d_y_8=1.889
d_y_9=0.111
d_y_10=1.857
d_y_11=1.857
d_y_12=0.857
d_y_13=0.429
d_y_15=0.571
d_y_16=0.111
d_y_17=1.571
d_y_18=0.857
d_y_19=0.889
d_y_20=1.889
d_y_21=1.571
d_y_22=0.143
d_y_23=0.143
d_y_24=1.143
normalized distance of container 0 : 0.3968253968253965
normalized distance of container 1 : 0.28571428571428525
normalized distance of container 2 : 0.22222222222222188
normalized distance of container 3 : 0.1358024691358025
normalized distance of container 4 : 0.17460317460317373
normalized distance of container 5 : 0.02469135802469137
normalized distance of container 6 : 0.11111111111110998
normalized distance of container 7 : 0.1111111111111111
normalized distance of container 8 : 0.2222222222222211
normalized distance of container 9 : 0.11111111111110998
normalized distance of container 10 : 0.2380952380952379
normalized distance of container 11 : 0.349206349206349
normalized distance of container 12 : 0.12698412698412678
normalized distance of container 13 : 0.06349206349206302
normalized distance of container 14 : 0.0
normalized distance of container 15 : 0.07936507936507849
normalized distance of container 16 : 0.1358024691358025
normalized distance of container 17 : 0.1904761904761896
normalized distance of container 18 : 0.2380952380952379
normalized distance of container 19 : 0.2222222222222211
normalized distance of container 20 : 0.3333333333333322
normalized distance of container 21 : 0.26984126984126944
normalized distance of container 22 : 0.1587301587301587
normalized distance of container 23 : 0.04761904761904675
normalized distance of container 24 : 0.15873015873015828
