Number of initial container : 0
Number of new container : 25
Total number of containers : 25
Level_num : 9
Container_level : [8, 3, 6, 3, 6, 6, 6, 6, 6, 8, 6, 6, 8, 9, 1, 8, 3, 6, 1, 3, 3, 3, 6, 8, 1]
ideal_configuration : 
 [[6. 6. 8. 9. 0. 0.]
 [3. 6. 6. 8. 0. 0.]
 [3. 3. 6. 6. 8. 0.]
 [1. 3. 3. 6. 6. 8.]
 [1. 1. 3. 6. 6. 8.]]
Centroid : {8: (3.8, 2.0), 3: (1.0, 1.5), 6: (2.3, 2.0), 9: (3.0, 4.0), 1: (0.3333333333333333, 0.3333333333333333)}
Repeat number : 4
Original weight : [11.75, 14.78, 12.93, 22.38, 16.07, 15.88, 13.18, 9.39, 23.46, 22.0, 17.66, 8.42, 23.14, 23.67, 6.78, 9.45, 18.11, 14.76, 16.38, 11.07, 6.64, 14.73, 10.91, 16.98, 16.36]
Group : [3, 1, 2, 1, 2, 2, 2, 2, 2, 3, 2, 2, 3, 3, 0, 3, 1, 2, 0, 1, 1, 1, 2, 3, 0]
Sequence : [1, 2, 3, 4, 5, 6, 7, 8, 9, 10, 11, 12, 13, 14, 15, 16, 17, 18, 19, 20, 21, 22, 23, 24, 25]
Scroe : [311.75, 114.78, 212.93, 122.38, 216.07, 215.88, 213.18, 209.39, 223.46, 322.0, 217.66, 208.42, 323.14, 323.67, 6.78, 309.45, 118.11, 214.76, 16.38, 111.07, 106.64, 114.73, 210.91, 316.98, 16.36]
Time taken to solve the MIP model : 0.3195 seconds
min_d : 0, max_d : 9
---------------------------------
solution for: IP model
objective: 4.2963
x_0_4_0=1
x_1_1_0=1
x_2_2_0=1
x_3_1_1=1
x_4_3_0=1
x_5_3_1=1
x_6_3_2=1
x_7_3_3=1
x_8_2_1=1
x_9_4_1=1
x_10_2_2=1
x_11_2_3=1
x_12_4_2=1
x_13_3_4=1
x_14_0_0=1
x_15_5_0=1
x_16_1_2=1
x_17_5_1=1
x_18_0_1=1
x_19_1_3=1
x_20_1_4=1
x_21_0_2=1
x_22_2_4=1
x_23_4_3=1
x_24_0_3=1
r_0_1=1
r_0_2=1
r_0_3=1
r_1_0=1
r_1_1=1
r_1_2=1
r_1_3=1
r_1_4=1
r_2_0=1
r_2_1=1
r_2_2=1
r_2_3=1
r_2_4=1
r_3_0=1
r_3_1=1
r_3_2=1
r_3_3=1
r_3_4=1
r_4_1=1
r_4_2=1
r_4_3=1
r_5_0=1
r_5_1=1
d_0=2.200
d_1=1.500
d_2=2.300
d_3=0.500
d_4=2.700
d_5=1.700
d_6=0.700
d_7=1.700
d_8=1.300
d_9=1.200
d_10=0.300
d_11=1.300
d_12=0.200
d_14=0.667
d_15=3.200
d_16=0.500
d_17=3.700
d_18=1.000
d_19=1.500
d_20=2.500
d_21=1.500
d_22=2.300
d_23=1.200
d_24=3.000
d_x_0=0.200
d_x_2=0.300
d_x_4=0.700
d_x_5=0.700
d_x_6=0.700
d_x_7=0.700
d_x_8=0.300
d_x_9=0.200
d_x_10=0.300
d_x_11=0.300
d_x_12=0.200
d_x_14=0.333
d_x_15=1.200
d_x_17=2.700
d_x_18=0.333
d_x_21=1.000
d_x_22=0.300
d_x_23=0.200
d_x_24=0.333
d_y_0=2.000
d_y_1=1.500
d_y_2=2.000
d_y_3=0.500
d_y_4=2.000
d_y_5=1.000
d_y_7=1.000
d_y_8=1.000
d_y_9=1.000
d_y_11=1.000
d_y_14=0.333
d_y_15=2.000
d_y_16=0.500
d_y_17=1.000
d_y_18=0.667
d_y_19=1.500
d_y_20=2.500
d_y_21=0.500
d_y_22=2.000
d_y_23=1.000
d_y_24=2.667
normalized distance of container 0 : 0.24444444444444435
normalized distance of container 1 : 0.16666666666666666
normalized distance of container 2 : 0.25555555555555554
normalized distance of container 3 : 0.05555555555555555
normalized distance of container 4 : 0.29999999999999954
normalized distance of container 5 : 0.18888888888888802
normalized distance of container 6 : 0.0777777777777769
normalized distance of container 7 : 0.18888888888888802
normalized distance of container 8 : 0.14444444444444443
normalized distance of container 9 : 0.13333333333333336
normalized distance of container 10 : 0.03333333333333331
normalized distance of container 11 : 0.14444444444444443
normalized distance of container 12 : 0.022222222222222046
normalized distance of container 13 : 0.0
normalized distance of container 14 : 0.07407407407407371
normalized distance of container 15 : 0.35555555555555557
normalized distance of container 16 : 0.05555555555555477
normalized distance of container 17 : 0.41111111111111026
normalized distance of container 18 : 0.11111111111111104
normalized distance of container 19 : 0.16666666666666666
normalized distance of container 20 : 0.277777777777777
normalized distance of container 21 : 0.16666666666666666
normalized distance of container 22 : 0.25555555555555554
normalized distance of container 23 : 0.13333333333333336
normalized distance of container 24 : 0.3333333333333333
