Number of initial container : 0
Number of new container : 25
Total number of containers : 25
Level_num : 9
Container_level : [1, 8, 3, 3, 8, 8, 3, 3, 3, 8, 8, 6, 1, 8, 6, 9, 8, 8, 6, 3, 1, 3, 6, 8, 6]
ideal_configuration : 
 [[6. 8. 8. 9. 0. 0.]
 [3. 6. 8. 8. 0. 0.]
 [3. 3. 6. 8. 8. 0.]
 [1. 3. 3. 6. 8. 8.]
 [1. 1. 3. 3. 6. 8.]]
Centroid : {1: (0.3333333333333333, 0.3333333333333333), 8: (3.2222222222222223, 2.2222222222222223), 3: (1.2857142857142858, 1.2857142857142858), 6: (2.0, 2.0), 9: (3.0, 4.0)}
Repeat number : 14
Original weight : [5.1, 10.6, 21.42, 15.14, 22.75, 12.96, 6.31, 13.23, 9.59, 13.84, 12.93, 5.26, 17.99, 15.82, 16.4, 22.81, 14.56, 15.26, 12.62, 7.05, 15.03, 23.4, 6.23, 8.58, 23.78]
Group : [0, 3, 1, 1, 3, 3, 1, 1, 1, 3, 3, 2, 0, 3, 2, 3, 3, 3, 2, 1, 0, 1, 2, 3, 2]
Sequence : [1, 2, 3, 4, 5, 6, 7, 8, 9, 10, 11, 12, 13, 14, 15, 16, 17, 18, 19, 20, 21, 22, 23, 24, 25]
Scroe : [5.1, 310.6, 121.42, 115.14, 322.75, 312.96, 106.31, 113.23, 109.59, 313.84, 312.93, 205.26, 17.99, 315.82, 216.4, 322.81, 314.56, 315.26, 212.62, 107.05, 15.03, 123.4, 206.23, 308.58, 223.78]
Time taken to solve the MIP model : 0.2620 seconds
min_d : 0, max_d : 9
---------------------------------
solution for: IP model
objective: 4.4709
x_0_1_0=1
x_1_4_0=1
x_2_2_0=1
x_3_2_1=1
x_4_4_1=1
x_5_5_0=1
x_6_3_0=1
x_7_1_1=1
x_8_3_1=1
x_9_3_2=1
x_10_4_2=1
x_11_1_2=1
x_12_0_0=1
x_13_3_3=1
x_14_2_2=1
x_15_3_4=1
x_16_5_1=1
x_17_4_3=1
x_18_2_3=1
x_19_1_3=1
x_20_0_1=1
x_21_0_2=1
x_22_2_4=1
x_23_5_2=1
x_24_0_3=1
r_0_0=1
r_0_1=1
r_0_2=1
r_0_3=1
r_1_1=1
r_1_2=1
r_1_3=1
r_2_0=1
r_2_1=1
r_2_2=1
r_2_3=1
r_2_4=1
r_3_0=1
r_3_1=1
r_3_2=1
r_3_3=1
r_3_4=1
r_4_0=1
r_4_1=1
r_4_2=1
r_4_3=1
r_5_0=1
r_5_1=1
r_5_2=1
d_0=1.000
d_1=3.000
d_2=2.000
d_3=1.000
d_4=2.000
d_5=4.000
d_6=3.000
d_7=0.571
d_8=2.000
d_9=0.444
d_10=1.000
d_11=1.000
d_12=0.667
d_13=1.000
d_16=3.000
d_17=1.556
d_18=1.000
d_19=2.000
d_20=1.000
d_21=2.000
d_22=2.000
d_23=2.000
d_24=3.000
d_x_0=0.667
d_x_1=0.778
d_x_2=0.714
d_x_3=0.714
d_x_4=0.778
d_x_5=1.778
d_x_6=1.714
d_x_7=0.286
d_x_8=1.714
d_x_9=0.222
d_x_10=0.778
d_x_11=1.000
d_x_12=0.333
d_x_13=0.222
d_x_16=1.778
d_x_17=0.778
d_x_19=0.286
d_x_20=0.333
d_x_21=1.286
d_x_23=1.778
d_x_24=2.000
d_y_0=0.333
d_y_1=2.222
d_y_2=1.286
d_y_3=0.286
d_y_4=1.222
d_y_5=2.222
d_y_6=1.286
d_y_7=0.286
d_y_8=0.286
d_y_9=0.222
d_y_10=0.222
d_y_12=0.333
d_y_13=0.778
d_y_16=1.222
d_y_17=0.778
d_y_18=1.000
d_y_19=1.714
d_y_20=0.667
d_y_21=0.714
d_y_22=2.000
d_y_23=0.222
d_y_24=1.000
normalized distance of container 0 : 0.1111111111111111
normalized distance of container 1 : 0.33333333333333237
normalized distance of container 2 : 0.22222222222222196
normalized distance of container 3 : 0.11111111111111044
normalized distance of container 4 : 0.22222222222222193
normalized distance of container 5 : 0.44444444444444414
normalized distance of container 6 : 0.33333333333333265
normalized distance of container 7 : 0.06349206349206352
normalized distance of container 8 : 0.22222222222222154
normalized distance of container 9 : 0.04938271604938274
normalized distance of container 10 : 0.11111111111111081
normalized distance of container 11 : 0.1111111111111111
normalized distance of container 12 : 0.07407407407407278
normalized distance of container 13 : 0.11111111111111081
normalized distance of container 14 : 0.0
normalized distance of container 15 : 0.0
normalized distance of container 16 : 0.33333333333333304
normalized distance of container 17 : 0.17283950617283889
normalized distance of container 18 : 0.1111111111111111
normalized distance of container 19 : 0.22222222222222154
normalized distance of container 20 : 0.1111111111111111
normalized distance of container 21 : 0.22222222222222154
normalized distance of container 22 : 0.2222222222222222
normalized distance of container 23 : 0.2222222222222222
normalized distance of container 24 : 0.3333333333333333
