Number of initial container : 0
Number of new container : 25
Total number of containers : 25
Level_num : 9
Container_level : [6, 4, 3, 3, 3, 6, 4, 8, 1, 1, 8, 6, 9, 8, 1, 6, 6, 3, 1, 1, 6, 3, 1, 8, 6]
ideal_configuration : 
 [[3. 6. 8. 9. 0. 0.]
 [3. 4. 6. 8. 0. 0.]
 [1. 3. 4. 6. 8. 0.]
 [1. 1. 3. 6. 6. 8.]
 [1. 1. 1. 3. 6. 6.]]
Centroid : {6: (3.142857142857143, 1.5714285714285714), 4: (1.5, 2.5), 3: (1.2, 2.0), 8: (3.5, 2.5), 1: (0.6666666666666666, 0.6666666666666666), 9: (3.0, 4.0)}
Repeat number : 24
Original weight : [14.29, 21.12, 9.67, 8.77, 18.0, 12.17, 21.82, 5.71, 6.8, 23.15, 8.57, 22.96, 11.33, 6.56, 16.32, 9.96, 23.68, 9.05, 12.7, 21.12, 22.47, 11.34, 23.76, 6.65, 8.24]
Group : [2, 1, 1, 1, 1, 2, 1, 3, 0, 0, 3, 2, 3, 3, 0, 2, 2, 1, 0, 0, 2, 1, 0, 3, 2]
Sequence : [1, 2, 3, 4, 5, 6, 7, 8, 9, 10, 11, 12, 13, 14, 15, 16, 17, 18, 19, 20, 21, 22, 23, 24, 25]
Scroe : [214.29, 121.12, 109.67, 108.77, 118.0, 212.17, 121.82, 305.71, 6.8, 23.15, 308.57, 222.96, 311.33, 306.56, 16.32, 209.96, 223.68, 109.05, 12.7, 21.12, 222.47, 111.34, 23.76, 306.65, 208.24]
Time taken to solve the MIP model : 0.2610 seconds
min_d : 0, max_d : 9
---------------------------------
solution for: IP model
objective: 4.34286
x_0_3_0=1
x_1_2_0=1
x_2_2_1=1
x_3_2_2=1
x_4_2_3=1
x_5_3_1=1
x_6_2_4=1
x_7_3_2=1
x_8_1_0=1
x_9_1_1=1
x_10_3_3=1
x_11_5_0=1
x_12_3_4=1
x_13_4_0=1
x_14_0_0=1
x_15_4_1=1
x_16_5_1=1
x_17_1_2=1
x_18_0_1=1
x_19_0_2=1
x_20_4_2=1
x_21_1_3=1
x_22_0_3=1
x_23_4_3=1
x_24_5_2=1
r_0_0=1
r_0_1=1
r_0_2=1
r_0_3=1
r_2_0=1
r_2_1=1
r_2_2=1
r_2_3=1
r_2_4=1
r_3_0=1
r_3_1=1
r_3_2=1
r_3_3=1
r_3_4=1
r_4_0=1
r_4_1=1
r_4_2=1
r_4_3=1
r_5_0=1
r_5_1=1
r_5_2=1
d_0=1.714
d_1=3.000
d_2=1.800
d_3=0.800
d_4=1.800
d_5=0.714
d_6=2.000
d_7=1.000
d_8=1.000
d_9=0.667
d_10=1.000
d_11=3.429
d_13=3.000
d_14=1.333
d_15=1.429
d_16=2.429
d_17=0.200
d_18=1.000
d_19=2.000
d_20=1.286
d_21=1.200
d_22=3.000
d_23=1.000
d_24=2.286
d_x_0=0.143
d_x_1=0.500
d_x_2=0.800
d_x_3=0.800
d_x_4=0.800
d_x_5=0.143
d_x_6=0.500
d_x_7=0.500
d_x_8=0.333
d_x_9=0.333
d_x_10=0.500
d_x_11=1.857
d_x_13=0.500
d_x_14=0.667
d_x_15=0.857
d_x_16=1.857
d_x_17=0.200
d_x_18=0.667
d_x_19=0.667
d_x_20=0.857
d_x_21=0.200
d_x_22=0.667
d_x_23=0.500
d_x_24=1.857
d_y_0=1.571
d_y_1=2.500
d_y_2=1.000
d_y_4=1.000
d_y_5=0.571
d_y_6=1.500
d_y_7=0.500
d_y_8=0.667
d_y_9=0.333
d_y_10=0.500
d_y_11=1.571
d_y_13=2.500
d_y_14=0.667
d_y_15=0.571
d_y_16=0.571
d_y_18=0.333
d_y_19=1.333
d_y_20=0.429
d_y_21=1.000
d_y_22=2.333
d_y_23=0.500
d_y_24=0.429
normalized distance of container 0 : 0.19047619047619047
normalized distance of container 1 : 0.3333333333333329
normalized distance of container 2 : 0.1999999999999993
normalized distance of container 3 : 0.08888888888888778
normalized distance of container 4 : 0.1999999999999989
normalized distance of container 5 : 0.07936507936507936
normalized distance of container 6 : 0.2222222222222214
normalized distance of container 7 : 0.1111111111111111
normalized distance of container 8 : 0.11111111111111077
normalized distance of container 9 : 0.07407407407407221
normalized distance of container 10 : 0.11111111111111052
normalized distance of container 11 : 0.3809523809523806
normalized distance of container 12 : 0.0
normalized distance of container 13 : 0.33333333333333315
normalized distance of container 14 : 0.14814814814814814
normalized distance of container 15 : 0.1587301587301584
normalized distance of container 16 : 0.2698412698412695
normalized distance of container 17 : 0.022222222222222216
normalized distance of container 18 : 0.11111111111111056
normalized distance of container 19 : 0.22222222222222168
normalized distance of container 20 : 0.14285714285714188
normalized distance of container 21 : 0.13333333333333286
normalized distance of container 22 : 0.33333333333333437
normalized distance of container 23 : 0.11111111111111052
normalized distance of container 24 : 0.2539682539682532
