Number of initial container : 0
Number of new container : 15
Total number of containers : 15
Level_num : 9
Container_level : [1, 4, 9, 4, 3, 6, 7, 8, 7, 6, 7, 1, 8, 8, 4]
ideal_configuration : 
 [[7. 0. 0. 0. 0. 0.]
 [6. 8. 0. 0. 0. 0.]
 [4. 6. 8. 0. 0. 0.]
 [1. 4. 7. 8. 0. 0.]
 [1. 3. 4. 7. 9. 0.]]
Centroid : {1: (0.0, 0.5), 4: (1.0, 1.0), 9: (4.0, 0.0), 3: (1.0, 0.0), 6: (0.5, 2.5), 7: (1.6666666666666667, 1.6666666666666667), 8: (2.0, 2.0)}
Repeat number : 24
Original weight : [5.25, 13.36, 23.0, 13.55, 11.23, 17.58, 19.69, 22.34, 19.53, 18.07, 20.57, 6.25, 21.78, 22.62, 13.07]
Sequence : [1, 2, 3, 4, 5, 6, 7, 8, 9, 10, 11, 12, 13, 14, 15]
Emergency : [0, 0, 0, 0, 0, 0, 0, 0, 0, 0, 0, 0, 0, 0, 0]
Time taken to solve the MIP model : 0.0394 seconds
min_d : 0, max_d : 9
---------------------------------
solution for: IP model
objective: 0
status: OPTIMAL_SOLUTION(2)
x_0_0_0=1
x_1_0_1=1
x_2_0_2=1
x_3_5_0=1
x_4_1_0=1
x_5_3_0=1
x_6_4_0=1
x_7_4_1=1
x_8_5_1=1
x_9_1_1=1
x_10_1_2=1
x_11_2_0=1
x_12_5_2=1
x_13_3_1=1
x_14_2_1=1
d_0=1.000
d_1=1.000
d_2=6.000
d_3=5.000
d_5=6.000
d_6=5.000
d_7=3.000
d_8=5.000
d_9=3.000
d_10=2.000
d_11=3.000
d_12=3.000
d_13=2.000
d_14=1.000
d_x_1=1.000
d_x_2=4.000
d_x_3=4.000
d_x_5=3.000
d_x_6=3.000
d_x_7=2.000
d_x_8=4.000
d_x_9=1.000
d_x_10=1.000
d_x_11=2.000
d_x_12=3.000
d_x_13=1.000
d_x_14=1.000
d_y_0=1.000
d_y_2=2.000
d_y_3=1.000
d_y_5=3.000
d_y_6=2.000
d_y_7=1.000
d_y_8=1.000
d_y_9=2.000
d_y_10=1.000
d_y_11=1.000
d_y_13=1.000
normalized distance of container 0 : 0.1111111111111111
normalized distance of container 1 : 0.1111111111111111
normalized distance of container 2 : 0.6666666666666666
normalized distance of container 3 : 0.5555555555555556
normalized distance of container 4 : 0.0
normalized distance of container 5 : 0.6666666666666666
normalized distance of container 6 : 0.5555555555555556
normalized distance of container 7 : 0.3333333333333333
normalized distance of container 8 : 0.5555555555555556
normalized distance of container 9 : 0.3333333333333333
normalized distance of container 10 : 0.2222222222222222
normalized distance of container 11 : 0.3333333333333333
normalized distance of container 12 : 0.3333333333333333
normalized distance of container 13 : 0.2222222222222222
normalized distance of container 14 : 0.1111111111111111
