Number of initial container : 0
Number of new container : 15
Total number of containers : 15
Level_num : 9
Container_level : [1, 2, 6, 5, 4, 5, 4, 8, 2, 6, 7, 7, 5, 2, 9]
ideal_configuration : 
 [[6. 0. 0. 0. 0. 0.]
 [5. 7. 0. 0. 0. 0.]
 [2. 5. 7. 0. 0. 0.]
 [2. 4. 5. 8. 0. 0.]
 [1. 2. 4. 6. 9. 0.]]
Centroid : {1: (0.0, 0.0), 2: (0.3333333333333333, 1.0), 6: (1.5, 2.0), 5: (1.0, 2.0), 4: (1.5, 0.5), 8: (3.0, 1.0), 7: (1.5, 2.5), 9: (4.0, 0.0)}
Repeat number : 29
Original weight : [5.09, 9.07, 19.0, 14.87, 13.55, 15.11, 12.53, 22.42, 9.31, 16.77, 20.45, 20.81, 15.23, 9.18, 23.74]
Sequence : [1, 2, 3, 4, 5, 6, 7, 8, 9, 10, 11, 12, 13, 14, 15]
Emergency : [0, 0, 0, 0, 0, 0, 0, 0, 0, 0, 0, 0, 0, 0, 0]
Time taken to solve the MIP model : 0.0425 seconds
min_d : 0, max_d : 9
---------------------------------
solution for: IP model
objective: 0
status: OPTIMAL_SOLUTION(2)
x_0_4_0=1
x_1_4_1=1
x_2_4_2=1
x_3_1_0=1
x_4_3_0=1
x_5_1_1=1
x_6_2_0=1
x_7_2_1=1
x_8_5_0=1
x_9_3_1=1
x_10_1_2=1
x_11_4_3=1
x_12_5_1=1
x_13_0_0=1
x_14_3_2=1
d_0=4.000
d_1=4.000
d_2=3.000
d_3=2.000
d_4=3.000
d_5=1.000
d_6=2.000
d_7=1.000
d_8=6.000
d_9=3.000
d_10=2.000
d_11=4.000
d_12=5.000
d_13=2.000
d_14=3.000
d_x_0=4.000
d_x_1=4.000
d_x_2=3.000
d_x_4=2.000
d_x_6=1.000
d_x_7=1.000
d_x_8=5.000
d_x_9=2.000
d_x_10=1.000
d_x_11=3.000
d_x_12=4.000
d_x_13=1.000
d_x_14=1.000
d_y_3=2.000
d_y_4=1.000
d_y_5=1.000
d_y_6=1.000
d_y_8=1.000
d_y_9=1.000
d_y_10=1.000
d_y_11=1.000
d_y_12=1.000
d_y_13=1.000
d_y_14=2.000
normalized distance of container 0 : 0.4444444444444444
normalized distance of container 1 : 0.4444444444444444
normalized distance of container 2 : 0.3333333333333333
normalized distance of container 3 : 0.2222222222222222
normalized distance of container 4 : 0.3333333333333333
normalized distance of container 5 : 0.1111111111111111
normalized distance of container 6 : 0.2222222222222222
normalized distance of container 7 : 0.1111111111111111
normalized distance of container 8 : 0.6666666666666666
normalized distance of container 9 : 0.3333333333333333
normalized distance of container 10 : 0.2222222222222222
normalized distance of container 11 : 0.4444444444444444
normalized distance of container 12 : 0.5555555555555556
normalized distance of container 13 : 0.2222222222222222
normalized distance of container 14 : 0.3333333333333333
