Number of initial container : 3
Number of new container : 17
Total number of containers : 20
Level_num : 9
Container_level : [4, 5, 9, 4, 1, 8, 8, 1, 5, 1, 4, 5, 2, 8, 3, 6, 7, 8, 3, 4]
ideal_configuration : 
 [[5. 8. 0. 0. 0. 0.]
 [4. 5. 8. 0. 0. 0.]
 [2. 4. 5. 8. 0. 0.]
 [1. 3. 4. 6. 8. 0.]
 [1. 1. 3. 4. 7. 9.]]
Centroid : {4: (1.5, 1.5), 5: (1.0, 3.0), 9: (5.0, 0.0), 1: (0.3333333333333333, 0.3333333333333333), 8: (2.5, 2.5), 2: (0.0, 2.0), 3: (1.5, 0.5), 6: (3.0, 1.0), 7: (4.0, 0.0)}
Repeat number : 26
Original weight : [12.99, 16.31, 23.78, 12.57, 5.04, 21.71, 23.01, 6.69, 15.92, 6.65, 12.96, 15.22, 8.84, 22.96, 11.66, 18.96, 20.11, 22.64, 10.14, 14.25]
Sequence : [0, 0, 0, 1, 2, 3, 4, 5, 6, 7, 8, 9, 10, 11, 12, 13, 14, 15, 16, 17]
Emergency : [0, 0, 0, 0, 0, 0, 0, 0, 0, 0, 0, 0, 0, 0, 0, 0, 0, 0, 0, 0]
Time taken to solve the MIP model : 0.0950 seconds
min_d : 0, max_d : 9
---------------------------------
solution for: IP model
objective: 3.81481
status: OPTIMAL_SOLUTION(2)
x_0_2_0=1
x_1_3_0=1
x_2_0_0=1
x_3_2_1=1
x_4_1_0=1
x_5_2_2=1
x_6_2_3=1
x_7_0_1=1
x_8_0_2=1
x_9_1_1=1
x_10_1_2=1
x_11_1_3=1
x_12_0_3=1
x_13_2_4=1
x_14_3_1=1
x_15_3_2=1
x_16_4_0=1
x_17_3_3=1
x_18_4_1=1
x_19_1_4=1
r_0_0=1
r_0_1=1
r_0_2=1
r_0_3=1
r_1_3=1
r_1_4=1
r_2_0=1
r_2_1=1
r_2_2=1
r_2_3=1
r_2_4=1
r_3_0=1
r_3_1=1
r_3_2=1
r_3_3=1
r_4_0=1
r_4_1=1
d_0=2.000
d_1=5.000
d_2=5.000
d_3=1.000
d_4=1.000
d_5=1.000
d_6=1.000
d_7=1.000
d_8=2.000
d_9=1.333
d_10=1.000
d_12=1.000
d_13=2.000
d_14=2.000
d_15=1.000
d_17=1.000
d_18=3.000
d_19=3.000
d_x_0=0.500
d_x_1=2.000
d_x_2=5.000
d_x_3=0.500
d_x_4=0.667
d_x_5=0.500
d_x_6=0.500
d_x_7=0.333
d_x_8=1.000
d_x_9=0.667
d_x_10=0.500
d_x_13=0.500
d_x_14=1.500
d_x_17=0.500
d_x_18=2.500
d_x_19=0.500
d_y_0=1.500
d_y_1=3.000
d_y_3=0.500
d_y_4=0.333
d_y_5=0.500
d_y_6=0.500
d_y_7=0.667
d_y_8=1.000
d_y_9=0.667
d_y_10=0.500
d_y_12=1.000
d_y_13=1.500
d_y_14=0.500
d_y_15=1.000
d_y_17=0.500
d_y_18=0.500
d_y_19=2.500
normalized distance of container 0 : 0.2222222222222222
normalized distance of container 1 : 0.5555555555555556
normalized distance of container 2 : 0.5555555555555556
normalized distance of container 3 : 0.11111111111111091
normalized distance of container 4 : 0.11111111111111044
normalized distance of container 5 : 0.11111111111111066
normalized distance of container 6 : 0.11111111111111091
normalized distance of container 7 : 0.11111111111110926
normalized distance of container 8 : 0.2222222222222222
normalized distance of container 9 : 0.14814814814814448
normalized distance of container 10 : 0.11111111111111033
normalized distance of container 11 : 0.0
normalized distance of container 12 : 0.1111111111111111
normalized distance of container 13 : 0.22222222222222182
normalized distance of container 14 : 0.2222222222222222
normalized distance of container 15 : 0.1111111111111111
normalized distance of container 16 : 0.0
normalized distance of container 17 : 0.11111111111111033
normalized distance of container 18 : 0.33333333333333254
normalized distance of container 19 : 0.33333333333333254
