Number of initial container : 3
Number of new container : 12
Total number of containers : 15
Level_num : 9
Container_level : [1, 8, 1, 6, 3, 3, 3, 3, 3, 8, 1, 3, 6, 9, 5]
ideal_configuration : 
 [[6. 0. 0. 0. 0. 0.]
 [3. 6. 0. 0. 0. 0.]
 [3. 3. 8. 0. 0. 0.]
 [1. 3. 3. 8. 0. 0.]
 [1. 1. 3. 5. 9. 0.]]
Centroid : {1: (0.3333333333333333, 0.3333333333333333), 8: (2.5, 1.5), 6: (0.5, 3.5), 3: (1.0, 1.5), 9: (4.0, 0.0), 5: (3.0, 0.0)}
Repeat number : 7
Original weight : [23.5, 6.29, 19.59, 17.1, 7.67, 6.04, 12.47, 9.37, 10.03, 17.68, 19.05, 13.44, 18.12, 20.61, 6.98]
Group : [0, 3, 0, 2, 1, 1, 1, 1, 1, 3, 0, 1, 2, 3, 2]
Sequence : [0, 0, 0, 1, 2, 3, 4, 5, 6, 7, 8, 9, 10, 11, 12]
Scroe : [23.5, 306.29, 19.59, 217.1, 107.67, 106.04, 112.47, 109.37, 110.03, 317.68, 19.05, 113.44, 218.12, 320.61, 206.98]
Time taken to solve the MIP model : 0.0812 seconds
min_d : 0, max_d : 9
---------------------------------
solution for: IP model
objective: 1.38889
x_0_1_0=1
x_1_4_0=1
x_2_2_0=1
x_3_2_1=1
x_4_0_0=1
x_5_1_1=1
x_6_1_2=1
x_7_0_1=1
x_8_0_2=1
x_9_2_2=1
x_10_3_0=1
x_11_1_3=1
x_12_1_4=1
x_13_4_1=1
x_14_3_1=1
d_0=1.000
d_1=3.000
d_2=2.000
d_3=4.000
d_4=2.500
d_5=0.500
d_6=0.500
d_7=1.500
d_8=1.500
d_9=1.000
d_10=3.000
d_11=1.500
d_12=1.000
d_13=1.000
d_14=1.000
d_x_0=0.667
d_x_1=1.500
d_x_2=1.667
d_x_3=1.500
d_x_4=1.000
d_x_7=1.000
d_x_8=1.000
d_x_9=0.500
d_x_10=2.667
d_x_12=0.500
d_y_0=0.333
d_y_1=1.500
d_y_2=0.333
d_y_3=2.500
d_y_4=1.500
d_y_5=0.500
d_y_6=0.500
d_y_7=0.500
d_y_8=0.500
d_y_9=0.500
d_y_10=0.333
d_y_11=1.500
d_y_12=0.500
d_y_13=1.000
d_y_14=1.000
normalized distance of container 0 : 0.1111111111111111
normalized distance of container 1 : 0.3333333333333333
normalized distance of container 2 : 0.2222222222222222
normalized distance of container 3 : 0.44444444444444403
normalized distance of container 4 : 0.2777777777777778
normalized distance of container 5 : 0.05555555555555555
normalized distance of container 6 : 0.055555555555555455
normalized distance of container 7 : 0.16666666666666666
normalized distance of container 8 : 0.16666666666666627
normalized distance of container 9 : 0.11111111111111033
normalized distance of container 10 : 0.3333333333333323
normalized distance of container 11 : 0.16666666666666666
normalized distance of container 12 : 0.11111111111111101
normalized distance of container 13 : 0.1111111111111111
normalized distance of container 14 : 0.1111111111111111
