Number of initial container : 3
Number of new container : 12
Total number of containers : 15
Level_num : 9
Container_level : [1, 6, 6, 1, 1, 6, 8, 6, 1, 3, 3, 6, 9, 8, 6]
ideal_configuration : 
 [[6. 0. 0. 0. 0. 0.]
 [6. 6. 0. 0. 0. 0.]
 [1. 6. 8. 0. 0. 0.]
 [1. 3. 6. 8. 0. 0.]
 [1. 1. 3. 6. 9. 0.]]
Centroid : {1: (0.25, 0.75), 6: (1.1666666666666667, 2.1666666666666665), 8: (2.5, 1.5), 3: (1.5, 0.5), 9: (4.0, 0.0)}
Repeat number : 1
Original weight : [22.68, 21.53, 7.82, 10.12, 23.04, 15.07, 10.78, 19.2, 9.24, 20.23, 21.21, 14.24, 22.1, 12.77, 6.51]
Group : [0, 2, 2, 0, 0, 2, 3, 2, 0, 1, 1, 2, 3, 3, 2]
Sequence : [0, 0, 0, 1, 2, 3, 4, 5, 6, 7, 8, 9, 10, 11, 12]
Scroe : [22.68, 221.53, 207.82, 10.12, 23.04, 215.07, 310.78, 219.2, 9.24, 120.23, 121.21000000000001, 214.24, 322.1, 312.77, 206.51]
Time taken to solve the MIP model : 0.0713 seconds
min_d : 0, max_d : 9
---------------------------------
solution for: IP model
objective: 1.58333
x_0_2_0=1
x_1_4_0=1
x_2_0_0=1
x_3_1_0=1
x_3_3_0=-0
x_4_1_0=-0
x_4_1_1=1
x_4_3_0=0
x_5_1_2=1
x_6_4_1=1
x_7_1_3=1
x_8_3_0=1
x_9_3_1=1
x_10_2_1=1
x_11_0_1=1
x_12_5_0=1
x_13_3_2=1
x_14_2_2=1
d_0=2.500
d_1=5.000
d_2=3.333
d_3=1.500
d_4=1.000
d_5=0.333
d_6=2.000
d_7=1.000
d_8=3.500
d_9=2.000
d_10=1.000
d_11=2.333
d_12=1.000
d_13=1.000
d_14=1.000
d_x_0=1.750
d_x_1=2.833
d_x_2=1.167
d_x_3=0.750
d_x_4=0.750
d_x_5=0.167
d_x_6=1.500
d_x_7=0.167
d_x_8=2.750
d_x_9=1.500
d_x_10=0.500
d_x_11=1.167
d_x_12=1.000
d_x_13=0.500
d_x_14=0.833
d_y_0=0.750
d_y_1=2.167
d_y_2=2.167
d_y_3=0.750
d_y_4=0.250
d_y_5=0.167
d_y_6=0.500
d_y_7=0.833
d_y_8=0.750
d_y_9=0.500
d_y_10=0.500
d_y_11=1.167
d_y_13=0.500
d_y_14=0.167
normalized distance of container 0 : 0.2777777777777778
normalized distance of container 1 : 0.5555555555555556
normalized distance of container 2 : 0.37037037037037035
normalized distance of container 3 : 0.16666666666652194
normalized distance of container 4 : 0.11111111111125584
normalized distance of container 5 : 0.03703703703703703
normalized distance of container 6 : 0.22222222222222182
normalized distance of container 7 : 0.11111111111111079
normalized distance of container 8 : 0.3888888888888889
normalized distance of container 9 : 0.22222222222222143
normalized distance of container 10 : 0.11111111111110951
normalized distance of container 11 : 0.25925925925925924
normalized distance of container 12 : 0.1111111111111111
normalized distance of container 13 : 0.1111111111111099
normalized distance of container 14 : 0.11111111111111012
