Number of initial container : 3
Number of new container : 12
Total number of containers : 15
Level_num : 9
Container_level : [3, 1, 1, 9, 3, 1, 6, 1, 1, 3, 3, 8, 6, 1, 1]
ideal_configuration : 
 [[3. 0. 0. 0. 0. 0.]
 [1. 6. 0. 0. 0. 0.]
 [1. 3. 6. 0. 0. 0.]
 [1. 1. 3. 8. 0. 0.]
 [1. 1. 1. 3. 9. 0.]]
Centroid : {3: (1.5, 1.75), 1: (0.5714285714285714, 1.0), 9: (4.0, 0.0), 6: (1.5, 2.5), 8: (3.0, 1.0)}
Repeat number : 9
Original weight : [11.43, 21.22, 20.44, 22.18, 9.17, 17.5, 23.4, 21.88, 17.03, 16.49, 18.09, 7.18, 9.87, 10.59, 11.63]
Group : [1, 0, 0, 3, 1, 0, 2, 0, 0, 1, 1, 3, 2, 0, 0]
Sequence : [0, 0, 0, 1, 2, 3, 4, 5, 6, 7, 8, 9, 10, 11, 12]
Scroe : [111.43, 21.22, 20.44, 322.18, 109.17, 17.5, 223.4, 21.88, 17.03, 116.49, 118.09, 307.18, 209.87, 10.59, 11.63]
Time taken to solve the MIP model : 0.0963 seconds
min_d : 0, max_d : 9
---------------------------------
solution for: IP model
objective: 2.76587
x_0_5_0=1
x_1_4_0=1
x_2_4_1=1
x_3_5_1=1
x_4_3_0=1
x_5_1_0=1
x_6_3_1=1
x_7_1_1=1
x_8_2_0=1
x_9_2_1=1
x_10_2_2=1
x_11_3_2=1
x_12_2_3=1
x_13_0_0=1
x_14_0_1=1
r_4_0=1
r_4_1=1
d_0=5.250
d_1=4.429
d_2=3.429
d_3=2.000
d_4=3.250
d_5=1.429
d_6=3.000
d_7=0.429
d_8=2.429
d_9=1.250
d_10=0.750
d_11=1.000
d_12=1.000
d_13=1.571
d_14=0.571
d_x_0=3.500
d_x_1=3.429
d_x_2=3.429
d_x_3=1.000
d_x_4=1.500
d_x_5=0.429
d_x_6=1.500
d_x_7=0.429
d_x_8=1.429
d_x_9=0.500
d_x_10=0.500
d_x_12=0.500
d_x_13=0.571
d_x_14=0.571
d_y_0=1.750
d_y_1=1.000
d_y_3=1.000
d_y_4=1.750
d_y_5=1.000
d_y_6=1.500
d_y_8=1.000
d_y_9=0.750
d_y_10=0.250
d_y_11=1.000
d_y_12=0.500
d_y_13=1.000
normalized distance of container 0 : 0.5833333333333334
normalized distance of container 1 : 0.4920634920634921
normalized distance of container 2 : 0.380952380952381
normalized distance of container 3 : 0.2222222222222222
normalized distance of container 4 : 0.3611111111111111
normalized distance of container 5 : 0.15873015873015778
normalized distance of container 6 : 0.3333333333333333
normalized distance of container 7 : 0.047619047619047054
normalized distance of container 8 : 0.26984126984126927
normalized distance of container 9 : 0.1388888888888881
normalized distance of container 10 : 0.08333333333333215
normalized distance of container 11 : 0.1111111111111111
normalized distance of container 12 : 0.11111111111111033
normalized distance of container 13 : 0.1746031746031746
normalized distance of container 14 : 0.06349206349206349
