Number of initial container : 3
Number of new container : 12
Total number of containers : 15
Level_num : 9
Container_level : [1, 8, 8, 3, 1, 6, 6, 9, 8, 1, 1, 8, 8, 3, 3]
ideal_configuration : 
 [[8. 0. 0. 0. 0. 0.]
 [3. 8. 0. 0. 0. 0.]
 [1. 6. 8. 0. 0. 0.]
 [1. 3. 6. 8. 0. 0.]
 [1. 1. 3. 8. 9. 0.]]
Centroid : {1: (0.25, 0.75), 8: (1.8, 2.0), 3: (1.0, 1.3333333333333333), 6: (1.5, 1.5), 9: (4.0, 0.0)}
Repeat number : 8
Original weight : [13.22, 8.2, 7.0, 7.48, 7.97, 23.67, 11.67, 21.92, 11.16, 17.75, 17.38, 12.96, 15.1, 15.81, 19.06]
Group : [0, 3, 3, 1, 0, 2, 2, 3, 3, 0, 0, 3, 3, 1, 1]
Sequence : [0, 0, 0, 1, 2, 3, 4, 5, 6, 7, 8, 9, 10, 11, 12]
Scroe : [13.22, 308.2, 307.0, 107.48, 7.97, 223.67000000000002, 211.67, 321.92, 311.16, 17.75, 17.38, 312.96, 315.1, 115.81, 119.06]
Time taken to solve the MIP model : 0.0982 seconds
min_d : 0, max_d : 9
---------------------------------
solution for: IP model
objective: 1.96481
x_0_5_0=1
x_1_3_0=1
x_2_0_0=1
x_3_2_0=1
x_4_1_0=1
x_5_5_1=1
x_6_2_1=1
x_7_3_1=1
x_8_0_1=1
x_9_4_0=1
x_10_1_1=1
x_11_2_2=1
x_12_2_3=1
x_13_1_2=1
x_14_1_3=1
d_0=5.500
d_1=3.200
d_2=3.800
d_3=2.333
d_4=1.500
d_5=4.000
d_6=1.000
d_7=2.000
d_8=2.800
d_9=4.500
d_10=1.000
d_11=0.200
d_12=1.200
d_13=0.667
d_14=1.667
d_x_0=4.750
d_x_1=1.200
d_x_2=1.800
d_x_3=1.000
d_x_4=0.750
d_x_5=3.500
d_x_6=0.500
d_x_7=1.000
d_x_8=1.800
d_x_9=3.750
d_x_10=0.750
d_x_11=0.200
d_x_12=0.200
d_y_0=0.750
d_y_1=2.000
d_y_2=2.000
d_y_3=1.333
d_y_4=0.750
d_y_5=0.500
d_y_6=0.500
d_y_7=1.000
d_y_8=1.000
d_y_9=0.750
d_y_10=0.250
d_y_12=1.000
d_y_13=0.667
d_y_14=1.667
normalized distance of container 0 : 0.6111111111111112
normalized distance of container 1 : 0.35555555555555557
normalized distance of container 2 : 0.4222222222222222
normalized distance of container 3 : 0.25925925925925924
normalized distance of container 4 : 0.16666666666666666
normalized distance of container 5 : 0.44444444444444403
normalized distance of container 6 : 0.11111111111111033
normalized distance of container 7 : 0.2222222222222222
normalized distance of container 8 : 0.3111111111111111
normalized distance of container 9 : 0.5
normalized distance of container 10 : 0.11111111111111072
normalized distance of container 11 : 0.022222222222221352
normalized distance of container 12 : 0.13333333333333247
normalized distance of container 13 : 0.0740740740740738
normalized distance of container 14 : 0.18518518518518493
