Number of initial container : 3
Number of new container : 17
Total number of containers : 20
Level_num : 9
Container_level : [1, 1, 6, 3, 6, 6, 1, 3, 7, 6, 5, 3, 8, 1, 1, 9, 6, 4, 1, 5]
ideal_configuration : 
 [[5. 6. 0. 0. 0. 0.]
 [3. 5. 6. 0. 0. 0.]
 [1. 3. 6. 7. 0. 0.]
 [1. 1. 3. 6. 8. 0.]
 [1. 1. 1. 4. 6. 9.]]
Centroid : {1: (0.6666666666666666, 0.6666666666666666), 6: (2.4, 2.0), 3: (1.0, 2.0), 7: (3.0, 2.0), 5: (0.5, 3.5), 8: (4.0, 1.0), 9: (5.0, 0.0), 4: (3.0, 0.0)}
Repeat number : 17
Original weight : [6.0, 6.79, 17.78, 10.64, 17.86, 17.12, 6.37, 11.74, 18.67, 17.91, 14.99, 10.07, 20.76, 6.72, 7.44, 22.19, 17.69, 13.32, 7.93, 15.75]
Sequence : [0, 0, 0, 1, 2, 3, 4, 5, 6, 7, 8, 9, 10, 11, 12, 13, 14, 15, 16, 17]
Emergency : [0, 0, 0, 0, 0, 0, 0, 0, 0, 0, 0, 0, 0, 0, 0, 0, 0, 0, 0, 0]
Time taken to solve the MIP model : 0.0889 seconds
min_d : 0, max_d : 9
---------------------------------
solution for: IP model
objective: 0
status: OPTIMAL_SOLUTION(2)
x_0_2_0=1
x_1_4_0=1
x_2_4_1=1
x_3_1_0=1
x_4_4_2=1
x_5_1_1=1
x_6_2_1=1
x_7_0_0=1
x_8_1_2=1
x_9_4_3=1
x_10_0_1=1
x_11_3_0=1
x_12_0_2=1
x_13_5_0=1
x_14_5_1=1
x_15_1_3=1
x_16_3_1=1
x_17_2_2=1
x_18_5_2=1
x_19_2_3=1
d_0=2.000
d_1=4.000
d_2=2.600
d_3=2.000
d_4=2.000
d_5=3.000
d_6=3.000
d_7=3.000
d_8=2.000
d_9=3.000
d_10=4.000
d_11=4.000
d_12=5.000
d_13=6.000
d_14=6.000
d_15=7.000
d_16=2.000
d_17=3.000
d_18=7.000
d_19=3.000
d_x_0=1.333
d_x_1=3.333
d_x_2=1.600
d_x_4=2.000
d_x_5=2.000
d_x_6=2.000
d_x_7=1.000
d_x_8=2.000
d_x_9=2.000
d_x_10=1.000
d_x_11=2.000
d_x_12=4.000
d_x_13=5.000
d_x_14=5.000
d_x_15=4.000
d_x_16=1.000
d_x_17=1.000
d_x_18=5.000
d_x_19=2.000
d_y_0=0.667
d_y_1=0.667
d_y_2=1.000
d_y_3=2.000
d_y_5=1.000
d_y_6=1.000
d_y_7=2.000
d_y_9=1.000
d_y_10=3.000
d_y_11=2.000
d_y_12=1.000
d_y_13=1.000
d_y_14=1.000
d_y_15=3.000
d_y_16=1.000
d_y_17=2.000
d_y_18=2.000
d_y_19=1.000
normalized distance of container 0 : 0.2222222222222222
normalized distance of container 1 : 0.4444444444444444
normalized distance of container 2 : 0.2888888888888889
normalized distance of container 3 : 0.2222222222222222
normalized distance of container 4 : 0.2222222222222222
normalized distance of container 5 : 0.3333333333333333
normalized distance of container 6 : 0.3333333333333333
normalized distance of container 7 : 0.3333333333333333
normalized distance of container 8 : 0.2222222222222222
normalized distance of container 9 : 0.3333333333333333
normalized distance of container 10 : 0.4444444444444444
normalized distance of container 11 : 0.4444444444444444
normalized distance of container 12 : 0.5555555555555556
normalized distance of container 13 : 0.6666666666666666
normalized distance of container 14 : 0.6666666666666666
normalized distance of container 15 : 0.7777777777777778
normalized distance of container 16 : 0.2222222222222222
normalized distance of container 17 : 0.3333333333333333
normalized distance of container 18 : 0.7777777777777778
normalized distance of container 19 : 0.3333333333333333
