Number of initial container : 3
Number of new container : 17
Total number of containers : 20
Level_num : 9
Container_level : [5, 1, 4, 4, 2, 2, 1, 1, 6, 2, 4, 7, 3, 9, 2, 1, 6, 7, 2, 2]
ideal_configuration : 
 [[3. 6. 0. 0. 0. 0.]
 [2. 4. 6. 0. 0. 0.]
 [1. 2. 4. 7. 0. 0.]
 [1. 2. 2. 4. 7. 0.]
 [1. 1. 2. 2. 5. 9.]]
Centroid : {5: (4.0, 0.0), 1: (0.25, 0.75), 4: (2.0, 2.0), 2: (1.5, 1.1666666666666667), 6: (1.5, 3.5), 7: (3.5, 1.5), 3: (0.0, 4.0), 9: (5.0, 0.0)}
Repeat number : 28
Original weight : [14.9, 5.96, 13.89, 13.11, 8.45, 9.99, 7.34, 6.34, 18.01, 9.6, 13.73, 19.19, 11.46, 23.26, 9.12, 7.84, 18.56, 19.9, 9.65, 8.26]
Group : [0, 0, 0, 0, 0, 0, 0, 0, 0, 0, 0, 0, 0, 0, 0, 0, 0, 0, 0, 0]
Sequence : [0, 0, 0, 1, 2, 3, 4, 5, 6, 7, 8, 9, 10, 11, 12, 13, 14, 15, 16, 17]
Scroe : [14.9, 5.96, 13.89, 13.11, 8.45, 9.99, 7.34, 6.34, 18.01, 9.6, 13.73, 19.19, 11.46, 23.26, 9.12, 7.84, 18.56, 19.9, 9.65, 8.26]
Time taken to solve the MIP model : 0.6583 seconds
min_d : 0, max_d : 9
---------------------------------
solution for: IP model
objective: 2
x_0_3_0=1
x_1_5_0=1
x_2_2_0=1
x_3_1_0=1
x_4_0_0=1
x_5_0_1=1
x_6_5_1=1
x_7_4_0=1
x_8_2_1=1
x_9_4_1=1
x_10_1_1=1
x_11_2_2=1
x_12_0_2=1
x_13_0_3=1
x_14_3_1=1
x_15_5_2=1
x_16_1_2=1
x_17_1_3=1
x_18_4_2=1
x_19_5_3=1
r_3_0=1
r_3_1=1
d_0=1.000
d_1=5.500
d_2=2.000
d_3=3.000
d_4=4.000
d_5=3.000
d_6=6.000
d_7=5.000
d_8=4.000
d_9=4.000
d_10=2.000
d_11=3.000
d_12=2.000
d_13=8.000
d_14=3.000
d_15=7.000
d_16=3.000
d_17=5.000
d_18=4.000
d_19=6.000
d_x_0=1.000
d_x_1=4.750
d_x_3=1.000
d_x_4=2.000
d_x_5=2.000
d_x_6=5.000
d_x_7=4.000
d_x_8=1.000
d_x_9=3.000
d_x_10=1.000
d_x_11=2.000
d_x_13=5.000
d_x_14=2.000
d_x_15=5.000
d_x_16=1.000
d_x_17=3.000
d_x_18=3.000
d_x_19=4.000
d_y_1=0.750
d_y_2=2.000
d_y_3=2.000
d_y_4=2.000
d_y_5=1.000
d_y_6=1.000
d_y_7=1.000
d_y_8=3.000
d_y_9=1.000
d_y_10=1.000
d_y_11=1.000
d_y_12=2.000
d_y_13=3.000
d_y_14=1.000
d_y_15=2.000
d_y_16=2.000
d_y_17=2.000
d_y_18=1.000
d_y_19=2.000
normalized distance of container 0 : 0.1111111111111111
normalized distance of container 1 : 0.6111111111111112
normalized distance of container 2 : 0.2222222222222222
normalized distance of container 3 : 0.3333333333333333
normalized distance of container 4 : 0.4444444444444444
normalized distance of container 5 : 0.3333333333333333
normalized distance of container 6 : 0.6666666666666666
normalized distance of container 7 : 0.5555555555555556
normalized distance of container 8 : 0.4444444444444444
normalized distance of container 9 : 0.4444444444444444
normalized distance of container 10 : 0.2222222222222222
normalized distance of container 11 : 0.3333333333333333
normalized distance of container 12 : 0.2222222222222222
normalized distance of container 13 : 0.8888888888888888
normalized distance of container 14 : 0.3333333333333333
normalized distance of container 15 : 0.7777777777777778
normalized distance of container 16 : 0.3333333333333333
normalized distance of container 17 : 0.5555555555555556
normalized distance of container 18 : 0.4444444444444444
normalized distance of container 19 : 0.6666666666666666
