Number of initial container : 3
Number of new container : 17
Total number of containers : 20
Level_num : 9
Container_level : [8, 1, 3, 8, 3, 7, 1, 2, 1, 2, 2, 2, 1, 3, 6, 6, 2, 1, 3, 9]
ideal_configuration : 
 [[3. 6. 0. 0. 0. 0.]
 [2. 3. 7. 0. 0. 0.]
 [1. 2. 3. 8. 0. 0.]
 [1. 1. 2. 3. 8. 0.]
 [1. 1. 2. 2. 6. 9.]]
Centroid : {8: (3.5, 1.5), 1: (0.4, 0.8), 3: (1.5, 2.5), 7: (2.0, 3.0), 2: (1.6, 1.2), 6: (2.5, 2.0), 9: (5.0, 0.0)}
Repeat number : 10
Original weight : [21.14, 6.98, 10.45, 19.56, 11.09, 17.9, 6.09, 8.53, 6.76, 9.43, 8.99, 8.21, 7.53, 11.02, 16.98, 16.89, 9.13, 7.21, 10.45, 21.26]
Group : [0, 0, 0, 0, 0, 0, 0, 0, 0, 0, 0, 0, 0, 0, 0, 0, 0, 0, 0, 0]
Sequence : [0, 0, 0, 1, 2, 3, 4, 5, 6, 7, 8, 9, 10, 11, 12, 13, 14, 15, 16, 17]
Scroe : [21.14, 6.98, 10.45, 19.56, 11.09, 17.9, 6.09, 8.53, 6.76, 9.43, 8.99, 8.21, 7.53, 11.02, 16.98, 16.89, 9.13, 7.21, 10.45, 21.26]
Time taken to solve the MIP model : 2.8439 seconds
min_d : 0, max_d : 9
---------------------------------
solution for: IP model
objective: 3
x_0_5_0=1
x_1_4_0=1
x_2_2_0=1
x_3_4_1=1
x_4_2_1=1
x_5_2_2=1
x_6_1_0=1
x_7_0_0=1
x_8_1_1=1
x_9_0_1=1
x_10_4_2=1
x_11_3_0=1
x_12_1_2=1
x_13_0_2=1
x_14_0_3=1
x_15_3_1=1
x_16_1_3=1
x_17_4_3=1
x_18_1_4=1
x_19_5_1=1
r_4_1=1
r_4_2=1
r_4_3=1
d_0=3.000
d_1=4.400
d_2=3.000
d_3=2.000
d_4=3.000
d_5=1.000
d_6=2.000
d_7=4.000
d_8=2.000
d_9=3.000
d_10=4.000
d_11=4.000
d_12=3.000
d_13=3.000
d_14=4.000
d_15=2.000
d_16=3.000
d_17=7.000
d_18=3.000
d_19=1.000
d_x_0=1.500
d_x_1=3.600
d_x_2=0.500
d_x_3=1.000
d_x_4=1.000
d_x_6=1.000
d_x_7=2.000
d_x_8=1.000
d_x_9=2.000
d_x_10=3.000
d_x_11=2.000
d_x_12=1.000
d_x_13=2.000
d_x_14=3.000
d_x_15=1.000
d_x_16=1.000
d_x_17=4.000
d_x_18=1.000
d_y_0=1.500
d_y_1=0.800
d_y_2=2.500
d_y_3=1.000
d_y_4=2.000
d_y_5=1.000
d_y_6=1.000
d_y_7=2.000
d_y_8=1.000
d_y_9=1.000
d_y_10=1.000
d_y_11=2.000
d_y_12=2.000
d_y_13=1.000
d_y_14=1.000
d_y_15=1.000
d_y_16=2.000
d_y_17=3.000
d_y_18=2.000
d_y_19=1.000
normalized distance of container 0 : 0.3333333333333333
normalized distance of container 1 : 0.48888888888888893
normalized distance of container 2 : 0.3333333333333333
normalized distance of container 3 : 0.2222222222222222
normalized distance of container 4 : 0.3333333333333333
normalized distance of container 5 : 0.1111111111111111
normalized distance of container 6 : 0.2222222222222222
normalized distance of container 7 : 0.4444444444444444
normalized distance of container 8 : 0.2222222222222222
normalized distance of container 9 : 0.3333333333333333
normalized distance of container 10 : 0.4444444444444444
normalized distance of container 11 : 0.4444444444444444
normalized distance of container 12 : 0.3333333333333333
normalized distance of container 13 : 0.3333333333333333
normalized distance of container 14 : 0.4444444444444444
normalized distance of container 15 : 0.2222222222222222
normalized distance of container 16 : 0.3333333333333333
normalized distance of container 17 : 0.7777777777777778
normalized distance of container 18 : 0.3333333333333333
normalized distance of container 19 : 0.1111111111111111
