Number of initial container : 3
Number of new container : 17
Total number of containers : 20
Level_num : 9
Container_level : [2, 2, 5, 8, 1, 2, 5, 2, 3, 4, 1, 2, 2, 3, 9, 4, 1, 3, 6, 6]
ideal_configuration : 
 [[3. 5. 0. 0. 0. 0.]
 [2. 3. 6. 0. 0. 0.]
 [2. 2. 4. 6. 0. 0.]
 [1. 2. 2. 4. 8. 0.]
 [1. 1. 2. 3. 5. 9.]]
Centroid : {2: (1.0, 1.5), 5: (2.5, 2.0), 8: (4.0, 1.0), 1: (0.3333333333333333, 0.3333333333333333), 3: (1.3333333333333333, 2.3333333333333335), 4: (2.5, 1.5), 9: (5.0, 0.0), 6: (2.5, 2.5)}
Repeat number : 4
Original weight : [8.65, 9.07, 15.79, 21.71, 6.09, 8.5, 14.7, 9.27, 11.47, 12.8, 6.0, 10.21, 9.78, 11.57, 23.4, 14.65, 6.29, 11.5, 18.91, 17.55]
Sequence : [0, 0, 0, 1, 2, 3, 4, 5, 6, 7, 8, 9, 10, 11, 12, 13, 14, 15, 16, 17]
Emergency : [0, 0, 0, 0, 0, 0, 0, 0, 0, 0, 0, 0, 0, 0, 0, 0, 0, 0, 0, 0]
Time taken to solve the MIP model : 0.1049 seconds
min_d : 0, max_d : 9
---------------------------------
solution for: IP model
objective: 0
status: OPTIMAL_SOLUTION(2)
x_0_1_0=1
x_1_2_0=1
x_2_3_0=1
x_3_3_1=1
x_4_4_0=1
x_5_0_0=1
x_6_2_1=1
x_7_1_1=1
x_8_1_2=1
x_9_1_3=1
x_10_5_0=1
x_11_0_1=1
x_12_4_1=1
x_13_4_2=1
x_14_3_2=1
x_15_4_3=1
x_16_5_1=1
x_17_5_2=1
x_18_0_2=1
x_19_2_2=1
d_0=1.500
d_1=2.500
d_2=2.500
d_3=1.000
d_4=5.000
d_5=3.000
d_6=2.000
d_7=1.000
d_8=2.000
d_9=4.000
d_10=6.000
d_11=2.000
d_12=4.000
d_13=4.000
d_14=4.000
d_15=4.000
d_16=6.000
d_17=5.000
d_18=4.000
d_19=2.000
d_x_1=1.000
d_x_2=0.500
d_x_3=1.000
d_x_4=4.000
d_x_5=1.000
d_x_6=1.000
d_x_8=1.000
d_x_9=2.000
d_x_10=5.000
d_x_11=1.000
d_x_12=3.000
d_x_13=3.000
d_x_14=2.000
d_x_15=2.000
d_x_16=5.000
d_x_17=4.000
d_x_18=3.000
d_x_19=1.000
d_y_0=1.500
d_y_1=1.500
d_y_2=2.000
d_y_4=1.000
d_y_5=2.000
d_y_6=1.000
d_y_7=1.000
d_y_8=1.000
d_y_9=2.000
d_y_10=1.000
d_y_11=1.000
d_y_12=1.000
d_y_13=1.000
d_y_14=2.000
d_y_15=2.000
d_y_16=1.000
d_y_17=1.000
d_y_18=1.000
d_y_19=1.000
normalized distance of container 0 : 0.16666666666666666
normalized distance of container 1 : 0.2777777777777778
normalized distance of container 2 : 0.2777777777777778
normalized distance of container 3 : 0.1111111111111111
normalized distance of container 4 : 0.5555555555555556
normalized distance of container 5 : 0.3333333333333333
normalized distance of container 6 : 0.2222222222222222
normalized distance of container 7 : 0.1111111111111111
normalized distance of container 8 : 0.2222222222222222
normalized distance of container 9 : 0.4444444444444444
normalized distance of container 10 : 0.6666666666666666
normalized distance of container 11 : 0.2222222222222222
normalized distance of container 12 : 0.4444444444444444
normalized distance of container 13 : 0.4444444444444444
normalized distance of container 14 : 0.4444444444444444
normalized distance of container 15 : 0.4444444444444444
normalized distance of container 16 : 0.6666666666666666
normalized distance of container 17 : 0.5555555555555556
normalized distance of container 18 : 0.4444444444444444
normalized distance of container 19 : 0.2222222222222222
