Number of initial container : 3
Number of new container : 17
Total number of containers : 20
Level_num : 9
Container_level : [5, 5, 6, 7, 1, 2, 1, 2, 2, 1, 4, 7, 7, 4, 6, 5, 9, 4, 8, 3]
ideal_configuration : 
 [[5. 7. 0. 0. 0. 0.]
 [3. 5. 7. 0. 0. 0.]
 [2. 4. 5. 7. 0. 0.]
 [1. 2. 4. 6. 8. 0.]
 [1. 1. 2. 4. 6. 9.]]
Centroid : {5: (1.0, 3.0), 6: (3.5, 0.5), 7: (2.0, 3.0), 1: (0.3333333333333333, 0.3333333333333333), 2: (1.0, 1.0), 4: (2.0, 1.0), 9: (5.0, 0.0), 8: (4.0, 1.0), 3: (0.0, 3.0)}
Repeat number : 7
Original weight : [15.82, 14.07, 16.55, 18.52, 6.14, 8.63, 5.05, 7.92, 8.43, 5.81, 12.62, 18.07, 18.28, 12.04, 16.84, 14.52, 22.4, 12.08, 21.54, 9.97]
Sequence : [0, 0, 0, 1, 2, 3, 4, 5, 6, 7, 8, 9, 10, 11, 12, 13, 14, 15, 16, 17]
Emergency : [0, 0, 0, 0, 0, 0, 0, 0, 0, 0, 0, 0, 0, 0, 0, 0, 0, 0, 0, 0]
Time taken to solve the MIP model : 0.7915 seconds
min_d : 0, max_d : 9
---------------------------------
solution for: IP model
objective: 3
status: OPTIMAL_SOLUTION(2)
x_0_3_0=1
x_1_3_1=1
x_2_1_0=1
x_3_3_2=1
x_4_5_0=1
x_5_5_1=1
x_6_2_0=1
x_7_0_0=1
x_8_0_1=1
x_9_4_0=1
x_10_2_1=1
x_11_1_1=1
x_12_1_2=1
x_13_5_2=1
x_14_2_2=1
x_15_0_2=1
x_16_1_3=1
x_17_5_3=1
x_18_2_3=1
x_19_4_1=1
r_3_0=1
r_3_1=1
r_3_2=1
d_0=5.000
d_1=4.000
d_2=3.000
d_3=2.000
d_4=6.000
d_5=4.000
d_6=3.000
d_7=2.000
d_8=1.000
d_9=5.000
d_11=3.000
d_12=2.000
d_13=4.000
d_14=4.000
d_15=2.000
d_16=7.000
d_17=5.000
d_18=4.000
d_19=6.000
d_x_0=2.000
d_x_1=2.000
d_x_2=2.500
d_x_3=1.000
d_x_4=5.000
d_x_5=4.000
d_x_6=2.000
d_x_7=1.000
d_x_8=1.000
d_x_9=4.000
d_x_11=1.000
d_x_12=1.000
d_x_13=3.000
d_x_14=2.000
d_x_15=1.000
d_x_16=4.000
d_x_17=3.000
d_x_18=2.000
d_x_19=4.000
d_y_0=3.000
d_y_1=2.000
d_y_2=0.500
d_y_3=1.000
d_y_4=1.000
d_y_6=1.000
d_y_7=1.000
d_y_9=1.000
d_y_11=2.000
d_y_12=1.000
d_y_13=1.000
d_y_14=2.000
d_y_15=1.000
d_y_16=3.000
d_y_17=2.000
d_y_18=2.000
d_y_19=2.000
normalized distance of container 0 : 0.5555555555555556
normalized distance of container 1 : 0.4444444444444444
normalized distance of container 2 : 0.3333333333333333
normalized distance of container 3 : 0.2222222222222222
normalized distance of container 4 : 0.6666666666666666
normalized distance of container 5 : 0.4444444444444444
normalized distance of container 6 : 0.3333333333333333
normalized distance of container 7 : 0.2222222222222222
normalized distance of container 8 : 0.1111111111111111
normalized distance of container 9 : 0.5555555555555556
normalized distance of container 10 : 0.0
normalized distance of container 11 : 0.3333333333333333
normalized distance of container 12 : 0.2222222222222222
normalized distance of container 13 : 0.4444444444444444
normalized distance of container 14 : 0.4444444444444444
normalized distance of container 15 : 0.2222222222222222
normalized distance of container 16 : 0.7777777777777778
normalized distance of container 17 : 0.5555555555555556
normalized distance of container 18 : 0.4444444444444444
normalized distance of container 19 : 0.6666666666666666
