Number of initial container : 3
Number of new container : 17
Total number of containers : 20
Level_num : 9
Container_level : [1, 4, 6, 7, 8, 7, 1, 6, 1, 2, 6, 2, 6, 7, 7, 4, 7, 8, 8, 9]
ideal_configuration : 
 [[6. 7. 0. 0. 0. 0.]
 [4. 7. 8. 0. 0. 0.]
 [2. 6. 7. 8. 0. 0.]
 [1. 2. 6. 7. 8. 0.]
 [1. 1. 4. 6. 7. 9.]]
Centroid : {1: (0.3333333333333333, 0.3333333333333333), 4: (1.0, 1.5), 6: (1.5, 1.75), 7: (2.2, 2.0), 8: (3.0, 2.0), 2: (0.5, 1.5), 9: (5.0, 0.0)}
Repeat number : 1
Original weight : [6.2, 13.16, 17.88, 19.15, 20.75, 19.45, 5.1, 17.98, 7.22, 9.03, 17.89, 7.73, 16.98, 19.13, 18.78, 12.49, 19.53, 21.2, 20.89, 22.92]
Group : [0, 0, 0, 0, 0, 0, 0, 0, 0, 0, 0, 0, 0, 0, 0, 0, 0, 0, 0, 0]
Sequence : [0, 0, 0, 1, 2, 3, 4, 5, 6, 7, 8, 9, 10, 11, 12, 13, 14, 15, 16, 17]
Scroe : [6.2, 13.16, 17.88, 19.15, 20.75, 19.45, 5.1, 17.98, 7.22, 9.03, 17.89, 7.73, 16.98, 19.13, 18.78, 12.49, 19.53, 21.2, 20.89, 22.92]
Time taken to solve the MIP model : 0.0933 seconds
min_d : 0, max_d : 9
---------------------------------
solution for: IP model
objective: 0
x_0_5_0=1
x_1_4_0=1
x_2_3_0=1
x_3_2_0=1
x_4_4_1=1
x_5_2_1=1
x_6_1_0=1
x_7_3_1=1
x_8_0_0=1
x_9_0_1=1
x_10_0_2=1
x_11_5_1=1
x_12_1_1=1
x_13_0_3=1
x_14_1_2=1
x_15_5_2=1
x_16_3_2=1
x_17_1_3=1
x_18_0_4=1
x_19_5_3=1
d_0=5.000
d_1=4.500
d_2=3.250
d_3=3.000
d_4=2.000
d_5=2.000
d_6=2.000
d_7=3.000
d_8=2.000
d_9=2.000
d_10=3.000
d_11=6.000
d_12=2.000
d_13=4.000
d_14=2.000
d_15=5.000
d_16=1.000
d_17=3.000
d_18=5.000
d_19=3.000
d_x_0=4.667
d_x_1=3.000
d_x_2=1.500
d_x_3=1.000
d_x_4=1.000
d_x_5=1.000
d_x_6=1.000
d_x_7=2.000
d_x_8=1.000
d_x_9=1.000
d_x_10=2.000
d_x_11=5.000
d_x_12=1.000
d_x_13=3.000
d_x_14=2.000
d_x_15=4.000
d_x_16=1.000
d_x_17=2.000
d_x_18=3.000
d_y_0=0.333
d_y_1=1.500
d_y_2=1.750
d_y_3=2.000
d_y_4=1.000
d_y_5=1.000
d_y_6=1.000
d_y_7=1.000
d_y_8=1.000
d_y_9=1.000
d_y_10=1.000
d_y_11=1.000
d_y_12=1.000
d_y_13=1.000
d_y_15=1.000
d_y_17=1.000
d_y_18=2.000
d_y_19=3.000
normalized distance of container 0 : 0.5555555555555556
normalized distance of container 1 : 0.5
normalized distance of container 2 : 0.3611111111111111
normalized distance of container 3 : 0.3333333333333333
normalized distance of container 4 : 0.2222222222222222
normalized distance of container 5 : 0.2222222222222222
normalized distance of container 6 : 0.2222222222222222
normalized distance of container 7 : 0.3333333333333333
normalized distance of container 8 : 0.2222222222222222
normalized distance of container 9 : 0.2222222222222222
normalized distance of container 10 : 0.3333333333333333
normalized distance of container 11 : 0.6666666666666666
normalized distance of container 12 : 0.2222222222222222
normalized distance of container 13 : 0.4444444444444444
normalized distance of container 14 : 0.2222222222222222
normalized distance of container 15 : 0.5555555555555556
normalized distance of container 16 : 0.1111111111111111
normalized distance of container 17 : 0.3333333333333333
normalized distance of container 18 : 0.5555555555555556
normalized distance of container 19 : 0.3333333333333333
