Number of initial container : 0
Number of new container : 20
Total number of containers : 20
Level_num : 9
Container_level : [5, 9, 5, 1, 1, 1, 4, 1, 2, 8, 4, 6, 3, 8, 6, 4, 4, 4, 7, 1]
ideal_configuration : 
 [[4. 6. 0. 0. 0. 0.]
 [3. 4. 7. 0. 0. 0.]
 [1. 4. 5. 8. 0. 0.]
 [1. 1. 4. 5. 8. 0.]
 [1. 1. 2. 4. 6. 9.]]
Centroid : {5: (2.5, 1.5), 9: (5.0, 0.0), 1: (0.4, 0.8), 4: (1.4, 2.0), 2: (2.0, 0.0), 8: (3.5, 1.5), 6: (2.5, 2.0), 3: (0.0, 3.0), 7: (2.0, 3.0)}
Repeat number : 23
Original weight : [15.22, 22.85, 14.68, 6.79, 5.45, 6.22, 13.76, 7.1, 9.54, 21.14, 12.62, 16.6, 9.95, 21.42, 17.08, 13.28, 13.49, 11.98, 20.1, 5.66]
Group : [0, 0, 0, 0, 0, 0, 0, 0, 0, 0, 0, 0, 0, 0, 0, 0, 0, 0, 0, 0]
Sequence : [1, 2, 3, 4, 5, 6, 7, 8, 9, 10, 11, 12, 13, 14, 15, 16, 17, 18, 19, 20]
Scroe : [15.22, 22.85, 14.68, 6.79, 5.45, 6.22, 13.76, 7.1, 9.54, 21.14, 12.62, 16.6, 9.95, 21.42, 17.08, 13.28, 13.49, 11.98, 20.1, 5.66]
Time taken to solve the MIP model : 1.6919 seconds
min_d : 0, max_d : 9
---------------------------------
solution for: IP model
objective: 0
x_0_1_0=1
x_1_1_1=1
x_2_0_0=1
x_3_3_0=1
x_4_2_0=1
x_5_4_0=1
x_6_3_1=1
x_7_5_0=1
x_8_4_1=1
x_9_0_1=1
x_10_4_2=1
x_11_3_2=1
x_12_5_1=1
x_13_0_2=1
x_14_3_3=1
x_15_4_3=1
x_16_4_4=1
x_17_5_2=1
x_18_5_3=1
x_19_2_1=1
d_0=4.000
d_1=5.000
d_2=5.000
d_3=4.000
d_4=3.000
d_5=5.000
d_6=3.000
d_7=6.000
d_8=3.000
d_9=5.000
d_10=3.000
d_11=1.000
d_12=7.000
d_13=5.000
d_14=2.000
d_15=4.000
d_16=5.000
d_17=4.000
d_18=3.000
d_19=3.000
d_x_0=2.000
d_x_1=4.000
d_x_2=3.000
d_x_3=3.000
d_x_4=2.000
d_x_5=4.000
d_x_6=2.000
d_x_7=5.000
d_x_8=2.000
d_x_9=4.000
d_x_10=3.000
d_x_11=1.000
d_x_12=5.000
d_x_13=4.000
d_x_14=1.000
d_x_15=3.000
d_x_16=3.000
d_x_17=4.000
d_x_18=3.000
d_x_19=2.000
d_y_0=2.000
d_y_1=1.000
d_y_2=2.000
d_y_3=1.000
d_y_4=1.000
d_y_5=1.000
d_y_6=1.000
d_y_7=1.000
d_y_8=1.000
d_y_9=1.000
d_y_12=2.000
d_y_13=1.000
d_y_14=1.000
d_y_15=1.000
d_y_16=2.000
d_y_19=1.000
normalized distance of container 0 : 0.4444444444444444
normalized distance of container 1 : 0.5555555555555556
normalized distance of container 2 : 0.5555555555555556
normalized distance of container 3 : 0.4444444444444444
normalized distance of container 4 : 0.3333333333333333
normalized distance of container 5 : 0.5555555555555556
normalized distance of container 6 : 0.3333333333333333
normalized distance of container 7 : 0.6666666666666666
normalized distance of container 8 : 0.3333333333333333
normalized distance of container 9 : 0.5555555555555556
normalized distance of container 10 : 0.3333333333333333
normalized distance of container 11 : 0.1111111111111111
normalized distance of container 12 : 0.7777777777777778
normalized distance of container 13 : 0.5555555555555556
normalized distance of container 14 : 0.2222222222222222
normalized distance of container 15 : 0.4444444444444444
normalized distance of container 16 : 0.5555555555555556
normalized distance of container 17 : 0.4444444444444444
normalized distance of container 18 : 0.3333333333333333
normalized distance of container 19 : 0.3333333333333333
