Number of initial container : 0
Number of new container : 20
Total number of containers : 20
Level_num : 9
Container_level : [2, 6, 4, 8, 4, 5, 7, 8, 3, 3, 8, 6, 1, 1, 9, 5, 8, 1, 2, 5]
ideal_configuration : 
 [[5. 8. 0. 0. 0. 0.]
 [3. 5. 8. 0. 0. 0.]
 [2. 4. 6. 8. 0. 0.]
 [1. 2. 4. 6. 8. 0.]
 [1. 1. 3. 5. 7. 9.]]
Centroid : {2: (0.5, 1.5), 6: (2.5, 1.5), 4: (1.5, 1.5), 8: (2.5, 2.5), 5: (1.3333333333333333, 2.3333333333333335), 7: (4.0, 0.0), 3: (1.0, 1.5), 1: (0.3333333333333333, 0.3333333333333333), 9: (5.0, 0.0)}
Repeat number : 14
Original weight : [8.63, 17.67, 13.4, 22.38, 12.45, 15.85, 19.86, 23.02, 10.25, 11.85, 21.8, 18.49, 6.8, 6.16, 23.17, 16.31, 21.43, 5.56, 7.87, 14.81]
Group : [0, 0, 0, 0, 0, 0, 0, 0, 0, 0, 0, 0, 0, 0, 0, 0, 0, 0, 0, 0]
Sequence : [1, 2, 3, 4, 5, 6, 7, 8, 9, 10, 11, 12, 13, 14, 15, 16, 17, 18, 19, 20]
Scroe : [8.63, 17.67, 13.4, 22.38, 12.45, 15.85, 19.86, 23.02, 10.25, 11.85, 21.8, 18.49, 6.8, 6.16, 23.17, 16.31, 21.43, 5.56, 7.87, 14.81]
Time taken to solve the MIP model : 19.9934 seconds
min_d : 0, max_d : 9
---------------------------------
solution for: IP model
objective: 2
x_0_0_0=1
x_1_1_0=1
x_2_2_0=1
x_3_2_1=1
x_4_5_0=1
x_5_5_1=1
x_6_5_2=1
x_7_2_2=1
x_8_0_1=1
x_9_0_2=1
x_10_5_3=1
x_11_0_3=1
x_12_4_0=1
x_13_3_0=1
x_14_5_4=1
x_15_3_1=1
x_16_3_2=1
x_17_1_1=1
x_18_4_1=1
x_19_4_2=1
r_1_0=1
r_1_1=1
d_0=3.000
d_1=4.000
d_2=3.000
d_3=3.000
d_4=6.000
d_5=6.000
d_6=3.000
d_7=2.000
d_8=2.000
d_9=2.000
d_10=4.000
d_11=5.000
d_12=5.000
d_13=4.000
d_14=4.000
d_15=4.000
d_16=2.000
d_17=2.000
d_18=5.000
d_19=4.000
d_x_0=1.000
d_x_1=2.000
d_x_2=1.000
d_x_3=1.000
d_x_4=4.000
d_x_5=4.000
d_x_6=1.000
d_x_7=1.000
d_x_8=1.000
d_x_9=1.000
d_x_10=3.000
d_x_11=3.000
d_x_12=4.000
d_x_13=3.000
d_x_15=2.000
d_x_16=1.000
d_x_17=1.000
d_x_18=4.000
d_x_19=3.000
d_y_0=2.000
d_y_1=2.000
d_y_2=2.000
d_y_3=2.000
d_y_4=2.000
d_y_5=2.000
d_y_6=2.000
d_y_7=1.000
d_y_8=1.000
d_y_9=1.000
d_y_10=1.000
d_y_11=2.000
d_y_12=1.000
d_y_13=1.000
d_y_14=4.000
d_y_15=2.000
d_y_16=1.000
d_y_17=1.000
d_y_18=1.000
d_y_19=1.000
normalized distance of container 0 : 0.3333333333333333
normalized distance of container 1 : 0.4444444444444444
normalized distance of container 2 : 0.3333333333333333
normalized distance of container 3 : 0.3333333333333333
normalized distance of container 4 : 0.6666666666666666
normalized distance of container 5 : 0.6666666666666666
normalized distance of container 6 : 0.3333333333333333
normalized distance of container 7 : 0.2222222222222222
normalized distance of container 8 : 0.2222222222222222
normalized distance of container 9 : 0.2222222222222222
normalized distance of container 10 : 0.4444444444444444
normalized distance of container 11 : 0.5555555555555556
normalized distance of container 12 : 0.5555555555555556
normalized distance of container 13 : 0.4444444444444444
normalized distance of container 14 : 0.4444444444444444
normalized distance of container 15 : 0.4444444444444444
normalized distance of container 16 : 0.2222222222222222
normalized distance of container 17 : 0.2222222222222222
normalized distance of container 18 : 0.5555555555555556
normalized distance of container 19 : 0.4444444444444444
