Number of initial container : 0
Number of new container : 20
Total number of containers : 20
Level_num : 9
Container_level : [4, 5, 3, 1, 3, 7, 2, 4, 4, 2, 8, 9, 4, 7, 5, 2, 1, 5, 1, 8]
ideal_configuration : 
 [[4. 7. 0. 0. 0. 0.]
 [3. 4. 7. 0. 0. 0.]
 [2. 3. 5. 8. 0. 0.]
 [1. 2. 4. 5. 8. 0.]
 [1. 1. 2. 4. 5. 9.]]
Centroid : {4: (1.5, 2.0), 5: (3.0, 1.0), 3: (0.5, 2.5), 1: (0.3333333333333333, 0.3333333333333333), 7: (1.5, 3.5), 2: (1.0, 1.0), 8: (3.5, 1.5), 9: (5.0, 0.0)}
Repeat number : 6
Original weight : [13.61, 15.21, 12.44, 5.78, 12.07, 20.31, 9.51, 13.77, 12.58, 9.37, 21.86, 23.65, 12.79, 20.21, 16.88, 8.2, 5.93, 15.34, 6.12, 22.79]
Group : [0, 0, 0, 0, 0, 0, 0, 0, 0, 0, 0, 0, 0, 0, 0, 0, 0, 0, 0, 0]
Sequence : [1, 2, 3, 4, 5, 6, 7, 8, 9, 10, 11, 12, 13, 14, 15, 16, 17, 18, 19, 20]
Scroe : [13.61, 15.21, 12.44, 5.78, 12.07, 20.31, 9.51, 13.77, 12.58, 9.37, 21.86, 23.65, 12.79, 20.21, 16.88, 8.2, 5.93, 15.34, 6.12, 22.79]
Time taken to solve the MIP model : 24.5849 seconds
min_d : 0, max_d : 9
---------------------------------
solution for: IP model
objective: 2
x_0_0_0=1
x_1_0_1=1
x_2_1_0=1
x_3_5_0=1
x_4_4_0=1
x_5_0_2=1
x_6_2_0=1
x_7_2_1=1
x_8_4_1=1
x_9_5_1=1
x_10_0_3=1
x_11_0_4=1
x_12_4_2=1
x_13_4_3=1
x_14_2_2=1
x_15_5_2=1
x_16_3_0=1
x_17_1_1=1
x_18_3_1=1
x_19_1_2=1
r_5_1=1
r_5_2=1
d_0=4.000
d_1=3.000
d_2=4.000
d_3=6.000
d_4=7.000
d_5=4.000
d_6=2.000
d_7=2.000
d_8=4.000
d_9=4.000
d_10=6.000
d_11=9.000
d_12=3.000
d_13=4.000
d_14=2.000
d_15=5.000
d_16=4.000
d_17=2.000
d_18=4.000
d_19=4.000
d_x_0=2.000
d_x_1=3.000
d_x_2=1.000
d_x_3=5.000
d_x_4=4.000
d_x_5=2.000
d_x_6=1.000
d_x_7=1.000
d_x_8=3.000
d_x_9=4.000
d_x_10=4.000
d_x_11=5.000
d_x_12=3.000
d_x_13=3.000
d_x_14=1.000
d_x_15=4.000
d_x_16=3.000
d_x_17=2.000
d_x_18=3.000
d_x_19=3.000
d_y_0=2.000
d_y_2=3.000
d_y_3=1.000
d_y_4=3.000
d_y_5=2.000
d_y_6=1.000
d_y_7=1.000
d_y_8=1.000
d_y_10=2.000
d_y_11=4.000
d_y_13=1.000
d_y_14=1.000
d_y_15=1.000
d_y_16=1.000
d_y_18=1.000
d_y_19=1.000
normalized distance of container 0 : 0.4444444444444444
normalized distance of container 1 : 0.3333333333333333
normalized distance of container 2 : 0.4444444444444444
normalized distance of container 3 : 0.6666666666666666
normalized distance of container 4 : 0.7777777777777778
normalized distance of container 5 : 0.4444444444444444
normalized distance of container 6 : 0.2222222222222222
normalized distance of container 7 : 0.2222222222222222
normalized distance of container 8 : 0.4444444444444444
normalized distance of container 9 : 0.4444444444444444
normalized distance of container 10 : 0.6666666666666666
normalized distance of container 11 : 1.0
normalized distance of container 12 : 0.3333333333333333
normalized distance of container 13 : 0.4444444444444444
normalized distance of container 14 : 0.2222222222222222
normalized distance of container 15 : 0.5555555555555556
normalized distance of container 16 : 0.4444444444444444
normalized distance of container 17 : 0.2222222222222222
normalized distance of container 18 : 0.4444444444444444
normalized distance of container 19 : 0.4444444444444444
