Number of initial container : 0
Number of new container : 20
Total number of containers : 20
Level_num : 9
Container_level : [1, 9, 8, 1, 1, 8, 2, 5, 4, 8, 4, 5, 2, 7, 6, 1, 1, 1, 3, 2]
ideal_configuration : 
 [[7. 0. 0. 0. 0. 0. 0. 0. 0. 0.]
 [4. 8. 0. 0. 0. 0. 0. 0. 0. 0.]
 [2. 4. 8. 0. 0. 0. 0. 0. 0. 0.]
 [1. 2. 5. 8. 0. 0. 0. 0. 0. 0.]
 [1. 1. 2. 5. 9. 0. 0. 0. 0. 0.]
 [1. 1. 1. 3. 6. 0. 0. 0. 0. 0.]]
Centroid : {1: (1.6666666666666667, 0.6666666666666666), 9: (5.0, 1.0), 8: (3.0, 3.0), 2: (2.0, 2.0), 5: (3.5, 1.5), 4: (1.5, 3.5), 7: (1.0, 5.0), 6: (5.0, 0.0), 3: (4.0, 0.0)}
Repeat number : 11
Original weight : [7.66, 20.58, 20.24, 6.26, 7.21, 19.08, 9.66, 13.81, 12.32, 20.12, 13.33, 14.52, 9.77, 18.23, 16.91, 7.7, 7.58, 7.39, 10.54, 8.82]
Group : [0, 0, 0, 0, 0, 0, 0, 0, 0, 0, 0, 0, 0, 0, 0, 0, 0, 0, 0, 0]
Sequence : [1, 2, 3, 4, 5, 6, 7, 8, 9, 10, 11, 12, 13, 14, 15, 16, 17, 18, 19, 20]
Scroe : [7.66, 20.58, 20.24, 6.26, 7.21, 19.08, 9.66, 13.81, 12.32, 20.12, 13.33, 14.52, 9.77, 18.23, 16.91, 7.7, 7.58, 7.39, 10.54, 8.82]
Time taken to solve the MIP model : 16.0235 seconds
---------------------------------
solution for: IP model
objective: 16.8333
x_1_3_0=1
x_2_3_1=1
x_3_3_2=1
x_4_1_0=1
x_5_1_1=1
x_6_3_3=1
x_7_1_2=1
x_8_4_0=1
x_9_1_3=1
x_10_3_4=1
x_11_1_4=1
x_12_4_1=1
x_13_4_2=1
x_14_1_5=1
x_15_5_0=1
x_16_2_0=1
x_17_2_1=1
x_18_2_2=1
x_19_6_0=1
x_20_2_3=1
r_2_0=1
r_2_1=1
r_2_2=1
r_2_3=1
r_3_1=1
r_3_2=1
r_3_3=1
r_3_4=1
r_4_0=1
r_4_1=1
r_4_2=1
d_1=2.000
d_2=2.000
d_3=1.000
d_4=1.333
d_5=1.000
d_7=1.000
d_8=2.000
d_9=1.000
d_10=1.000
d_11=1.000
d_12=1.000
d_13=2.000
d_16=1.000
d_17=0.667
d_18=1.667
d_19=2.000
d_20=1.000
d_x_1=1.333
d_x_2=2.000
d_x_4=0.667
d_x_5=0.667
d_x_7=1.000
d_x_8=0.500
d_x_9=0.500
d_x_11=0.500
d_x_12=0.500
d_x_13=2.000
d_x_16=0.333
d_x_17=0.333
d_x_18=0.333
d_x_19=2.000
d_y_1=0.667
d_y_3=1.000
d_y_4=0.667
d_y_5=0.333
d_y_8=1.500
d_y_9=0.500
d_y_10=1.000
d_y_11=0.500
d_y_12=0.500
d_y_16=0.667
d_y_17=0.333
d_y_18=1.333
d_y_20=1.000
