Number of initial container : 3
Number of new container : 7
Total number of containers : 10
Level_num : 9
Container_level : [1, 8, 4, 4, 8, 5, 8, 9, 1, 8]
ideal_configuration : 
 [[0. 0. 0. 0. 0. 0.]
 [8. 0. 0. 0. 0. 0.]
 [4. 8. 0. 0. 0. 0.]
 [1. 5. 8. 0. 0. 0.]
 [1. 4. 8. 9. 0. 0.]]
Centroid : {1: (0.0, 0.5), 8: (1.25, 1.5), 4: (0.5, 1.0), 5: (1.0, 1.0), 9: (3.0, 0.0)}
Repeat number : 4
Original weight : [17.48, 13.16, 12.84, 5.41, 13.29, 14.72, 17.41, 20.25, 5.9, 12.23]
Group : [0, 2, 1, 1, 2, 1, 2, 2, 0, 2]
Sequence : [0, 0, 0, 1, 2, 3, 4, 5, 6, 7]
Scroe : [17.48, 213.16, 112.84, 105.41, 213.29, 114.72, 217.41, 220.25, 5.9, 212.23]
Time taken to solve the MIP model : 0.0159 seconds
min_d : 0, max_d : 9
---------------------------------
solution for: IP model
objective: 0.916667
x_0_4_0=1
x_1_3_0=1
x_2_2_0=1
x_3_1_0=1
x_4_2_1=1
x_5_1_1=1
x_6_1_2=0
x_6_2_2=1
x_7_3_1=1
x_8_0_0=1
x_9_1_2=1
x_9_2_2=0
d_0=4.500
d_1=3.250
d_2=2.500
d_3=1.500
d_4=1.250
d_6=1.250
d_7=1.000
d_8=0.500
d_9=0.750
d_x_0=4.000
d_x_1=1.750
d_x_2=1.500
d_x_3=0.500
d_x_4=0.750
d_x_6=0.750
d_x_9=0.250
d_y_0=0.500
d_y_1=1.500
d_y_2=1.000
d_y_3=1.000
d_y_4=0.500
d_y_6=0.500
d_y_7=1.000
d_y_8=0.500
d_y_9=0.500
normalized distance of container 0 : 0.5
normalized distance of container 1 : 0.3611111111111111
normalized distance of container 2 : 0.2777777777777778
normalized distance of container 3 : 0.16666666666666646
normalized distance of container 4 : 0.13888888888888834
normalized distance of container 5 : 0.0
normalized distance of container 6 : 0.13888888888865994
normalized distance of container 7 : 0.1111111111111111
normalized distance of container 8 : 0.055555555555555455
normalized distance of container 9 : 0.08333333333356036
