Number of initial container : 3
Number of new container : 7
Total number of containers : 10
Level_num : 9
Container_level : [3, 1, 3, 6, 1, 6, 8, 1, 9, 3]
ideal_configuration : 
 [[0. 0. 0. 0. 0. 0.]
 [6. 0. 0. 0. 0. 0.]
 [3. 6. 0. 0. 0. 0.]
 [1. 3. 8. 0. 0. 0.]
 [1. 1. 3. 9. 0. 0.]]
Centroid : {3: (1.0, 1.0), 1: (0.3333333333333333, 0.3333333333333333), 6: (0.5, 2.5), 8: (2.0, 1.0), 9: (3.0, 0.0)}
Repeat number : 15
Original weight : [5.79, 8.16, 15.6, 13.34, 15.83, 14.38, 5.22, 5.52, 16.66, 18.0]
Group : [1, 0, 1, 2, 0, 2, 3, 0, 3, 1]
Sequence : [0, 0, 0, 1, 2, 3, 4, 5, 6, 7]
Scroe : [105.79, 8.16, 115.6, 213.34, 15.83, 214.38, 305.22, 5.52, 316.66, 118.0]
Time taken to solve the MIP model : 0.0159 seconds
min_d : 0, max_d : 9
---------------------------------
solution for: IP model
objective: 0.759259
x_0_3_0=1
x_1_0_0=1
x_2_2_0=1
x_3_3_1=1
x_4_0_1=1
x_5_0_2=1
x_6_2_1=1
x_7_1_0=1
x_8_4_0=1
x_9_1_1=1
d_0=3.000
d_1=0.667
d_2=2.000
d_3=4.000
d_4=1.000
d_5=1.000
d_7=1.000
d_8=1.000
d_x_0=2.000
d_x_1=0.333
d_x_2=1.000
d_x_3=2.500
d_x_4=0.333
d_x_5=0.500
d_x_7=0.667
d_x_8=1.000
d_y_0=1.000
d_y_1=0.333
d_y_2=1.000
d_y_3=1.500
d_y_4=0.667
d_y_5=0.500
d_y_7=0.333
normalized distance of container 0 : 0.3333333333333333
normalized distance of container 1 : 0.07407407407407407
normalized distance of container 2 : 0.2222222222222222
normalized distance of container 3 : 0.44444444444444403
normalized distance of container 4 : 0.11111111111111077
normalized distance of container 5 : 0.11111111111111022
normalized distance of container 6 : 0.0
normalized distance of container 7 : 0.111111111111111
normalized distance of container 8 : 0.1111111111111111
normalized distance of container 9 : 0.0
