Number of initial container : 3
Number of new container : 7
Total number of containers : 10
Level_num : 9
Container_level : [9, 1, 1, 1, 4, 4, 8, 1, 8, 8]
ideal_configuration : 
 [[0. 0. 0. 0. 0. 0.]
 [8. 0. 0. 0. 0. 0.]
 [1. 8. 0. 0. 0. 0.]
 [1. 4. 8. 0. 0. 0.]
 [1. 1. 4. 9. 0. 0.]]
Centroid : {9: (3.0, 0.0), 1: (0.25, 0.75), 4: (1.5, 0.5), 8: (1.0, 2.0)}
Repeat number : 12
Original weight : [17.73, 16.98, 15.4, 22.51, 14.26, 8.77, 10.53, 23.31, 5.2, 5.74]
Group : [2, 0, 0, 0, 1, 1, 2, 0, 2, 2]
Sequence : [0, 0, 0, 1, 2, 3, 4, 5, 6, 7]
Scroe : [217.73, 16.98, 15.4, 22.51, 114.26, 108.77, 210.53, 23.31, 205.2, 205.74]
Time taken to solve the MIP model : 0.0434 seconds
min_d : 0, max_d : 9
---------------------------------
solution for: IP model
objective: 1.02778
x_0_0_0=1
x_1_1_0=1
x_2_2_0=1
x_3_3_0=1
x_4_2_1=1
x_5_1_1=1
x_6_1_2=1
x_7_3_1=1
x_8_2_2=1
x_9_2_3=1
d_0=3.000
d_1=1.500
d_2=2.500
d_3=3.500
d_4=1.000
d_5=1.000
d_7=3.000
d_8=1.000
d_9=2.000
d_x_0=3.000
d_x_1=0.750
d_x_2=1.750
d_x_3=2.750
d_x_4=0.500
d_x_5=0.500
d_x_7=2.750
d_x_8=1.000
d_x_9=1.000
d_y_1=0.750
d_y_2=0.750
d_y_3=0.750
d_y_4=0.500
d_y_5=0.500
d_y_7=0.250
d_y_9=1.000
normalized distance of container 0 : 0.3333333333333333
normalized distance of container 1 : 0.16666666666666666
normalized distance of container 2 : 0.2777777777777778
normalized distance of container 3 : 0.3888888888888889
normalized distance of container 4 : 0.11111111111111062
normalized distance of container 5 : 0.11111111111110993
normalized distance of container 6 : 0.0
normalized distance of container 7 : 0.33333333333333254
normalized distance of container 8 : 0.1111111111111111
normalized distance of container 9 : 0.2222222222222222
