Number of initial container : 3
Number of new container : 7
Total number of containers : 10
Level_num : 9
Container_level : [6, 3, 8, 1, 1, 6, 1, 9, 8, 3]
ideal_configuration : 
 [[0. 0. 0. 0. 0. 0.]
 [6. 0. 0. 0. 0. 0.]
 [3. 8. 0. 0. 0. 0.]
 [1. 3. 8. 0. 0. 0.]
 [1. 1. 6. 9. 0. 0.]]
Centroid : {6: (1.0, 1.5), 3: (0.5, 1.5), 8: (1.5, 1.5), 1: (0.3333333333333333, 0.3333333333333333), 9: (3.0, 0.0)}
Repeat number : 16
Original weight : [6.99, 6.62, 8.38, 14.82, 9.99, 20.57, 21.65, 16.06, 15.46, 19.01]
Group : [2, 1, 3, 0, 0, 2, 0, 3, 3, 1]
Sequence : [0, 0, 0, 1, 2, 3, 4, 5, 6, 7]
Scroe : [206.99, 106.62, 308.38, 14.82, 9.99, 220.57, 21.65, 316.06, 315.46, 119.01]
Time taken to solve the MIP model : 0.0186 seconds
min_d : 0, max_d : 9
---------------------------------
solution for: IP model
objective: 1.09259
x_0_3_0=1
x_1_5_0=1
x_2_1_0=1
x_3_0_0=1
x_4_2_0=1
x_5_2_1=1
x_6_0_1=1
x_7_3_1=1
x_8_1_1=1
x_9_0_2=1
d_0=3.500
d_1=6.000
d_2=2.000
d_3=0.667
d_4=2.000
d_5=1.500
d_6=1.000
d_7=1.000
d_8=1.000
d_9=1.000
d_x_0=2.000
d_x_1=4.500
d_x_2=0.500
d_x_3=0.333
d_x_4=1.667
d_x_5=1.000
d_x_6=0.333
d_x_8=0.500
d_x_9=0.500
d_y_0=1.500
d_y_1=1.500
d_y_2=1.500
d_y_3=0.333
d_y_4=0.333
d_y_5=0.500
d_y_6=0.667
d_y_7=1.000
d_y_8=0.500
d_y_9=0.500
normalized distance of container 0 : 0.3888888888888889
normalized distance of container 1 : 0.6666666666666666
normalized distance of container 2 : 0.2222222222222222
normalized distance of container 3 : 0.07407407407407389
normalized distance of container 4 : 0.2222222222222221
normalized distance of container 5 : 0.16666666666666666
normalized distance of container 6 : 0.11111111111111018
normalized distance of container 7 : 0.1111111111111111
normalized distance of container 8 : 0.11111111111110993
normalized distance of container 9 : 0.1111111111111101
