Number of initial container : 3
Number of new container : 7
Total number of containers : 10
Level_num : 9
Container_level : [8, 3, 8, 1, 9, 3, 6, 8, 6, 3]
ideal_configuration : 
 [[0. 0. 0. 0. 0. 0.]
 [8. 0. 0. 0. 0. 0.]
 [3. 8. 0. 0. 0. 0.]
 [3. 6. 8. 0. 0. 0.]
 [1. 3. 6. 9. 0. 0.]]
Centroid : {8: (1.0, 2.0), 3: (0.3333333333333333, 1.0), 1: (0.0, 0.0), 9: (3.0, 0.0), 6: (1.5, 0.5)}
Repeat number : 22
Original weight : [10.69, 5.98, 13.73, 10.38, 21.58, 14.62, 20.91, 14.67, 9.16, 23.12]
Group : [3, 1, 3, 0, 3, 1, 2, 3, 2, 1]
Sequence : [0, 0, 0, 1, 2, 3, 4, 5, 6, 7]
Scroe : [310.69, 105.98, 313.73, 10.38, 321.58, 114.62, 220.91, 314.67, 209.16, 123.12]
Time taken to solve the MIP model : 0.0325 seconds
min_d : 0, max_d : 9
---------------------------------
solution for: IP model
objective: 1.09259
x_0_5_0=1
x_1_3_0=1
x_2_4_0=1
x_3_0_0=1
x_4_3_1=1
x_5_1_0=1
x_6_1_1=1
x_7_1_2=1
x_8_2_0=1
x_9_0_1=1
d_0=6.000
d_1=3.667
d_2=5.000
d_4=1.000
d_5=1.667
d_6=1.000
d_8=1.000
d_9=0.333
d_x_0=4.000
d_x_1=2.667
d_x_2=3.000
d_x_5=0.667
d_x_6=0.500
d_x_8=0.500
d_x_9=0.333
d_y_0=2.000
d_y_1=1.000
d_y_2=2.000
d_y_4=1.000
d_y_5=1.000
d_y_6=0.500
d_y_8=0.500
normalized distance of container 0 : 0.6666666666666666
normalized distance of container 1 : 0.4074074074074074
normalized distance of container 2 : 0.5555555555555556
normalized distance of container 3 : 0.0
normalized distance of container 4 : 0.1111111111111111
normalized distance of container 5 : 0.18518518518518517
normalized distance of container 6 : 0.11111111111111052
normalized distance of container 7 : 0.0
normalized distance of container 8 : 0.11111111111111052
normalized distance of container 9 : 0.03703703703703653
