Number of initial container : 3
Number of new container : 7
Total number of containers : 10
Level_num : 9
Container_level : [8, 1, 8, 8, 1, 4, 4, 8, 8, 9]
ideal_configuration : 
 [[0. 0. 0. 0. 0. 0.]
 [8. 0. 0. 0. 0. 0.]
 [4. 8. 0. 0. 0. 0.]
 [1. 8. 8. 0. 0. 0.]
 [1. 4. 8. 9. 0. 0.]]
Centroid : {8: (1.2, 1.4), 1: (0.0, 0.5), 4: (0.5, 1.0), 9: (3.0, 0.0)}
Repeat number : 5
Original weight : [12.62, 16.58, 17.73, 18.87, 10.29, 10.53, 9.73, 15.42, 22.09, 23.21]
Group : [2, 0, 2, 2, 0, 1, 1, 2, 2, 2]
Sequence : [0, 0, 0, 1, 2, 3, 4, 5, 6, 7]
Scroe : [212.62, 16.58, 217.73, 218.87, 10.29, 110.53, 109.73, 215.42, 222.09, 223.21]
Time taken to solve the MIP model : 0.0154 seconds
min_d : 0, max_d : 9
---------------------------------
solution for: IP model
objective: 0.711111
x_0_2_0=1
x_1_0_0=1
x_2_3_0=1
x_3_2_1=1
x_4_1_0=1
x_5_0_1=1
x_6_1_1=1
x_7_1_2=1
x_8_2_2=1
x_9_4_0=1
d_0=2.200
d_1=0.500
d_2=3.200
d_3=1.200
d_4=1.500
d_5=0.500
d_6=0.500
d_7=0.800
d_8=1.400
d_9=1.000
d_x_0=0.800
d_x_2=1.800
d_x_3=0.800
d_x_4=1.000
d_x_5=0.500
d_x_6=0.500
d_x_7=0.200
d_x_8=0.800
d_x_9=1.000
d_y_0=1.400
d_y_1=0.500
d_y_2=1.400
d_y_3=0.400
d_y_4=0.500
d_y_7=0.600
d_y_8=0.600
normalized distance of container 0 : 0.24444444444444446
normalized distance of container 1 : 0.05555555555555555
normalized distance of container 2 : 0.35555555555555557
normalized distance of container 3 : 0.1333333333333332
normalized distance of container 4 : 0.16666666666666666
normalized distance of container 5 : 0.055555555555555164
normalized distance of container 6 : 0.05555555555555477
normalized distance of container 7 : 0.08888888888888845
normalized distance of container 8 : 0.15555555555555423
normalized distance of container 9 : 0.1111111111111111
