Number of initial container : 10
Number of new container : 13
Total number of containers : 23
Level_num : 9
Container_level : [1, 2, 5, 3, 5, 8, 6, 8, 1, 7, 4, 1, 2, 9, 8, 2, 1, 8, 3, 4, 2, 6, 7]
ideal_configuration : 
 [[4. 6. 8. 0. 0. 0.]
 [2. 4. 7. 8. 0. 0.]
 [1. 2. 5. 7. 9. 0.]
 [1. 2. 3. 5. 8. 0.]
 [1. 1. 2. 3. 6. 8.]]
Centroid : {1: (0.25, 0.75), 2: (1.0, 1.5), 5: (2.5, 1.5), 3: (2.5, 0.5), 8: (3.5, 2.0), 6: (2.5, 2.0), 7: (2.5, 2.5), 4: (0.5, 3.5), 9: (4.0, 2.0)}
Repeat number : 6
Original weight : [5.72, 9.21, 14.64, 12.13, 14.7, 22.13, 17.09, 22.43, 5.83, 20.99, 14.47, 7.74, 8.39, 23.26, 22.17, 8.6, 7.63, 22.54, 11.97, 12.49, 8.47, 18.25, 20.32]
Group : [0, 0, 0, 0, 0, 0, 0, 0, 0, 0, 0, 0, 0, 0, 0, 0, 0, 0, 0, 0, 0, 0, 0]
Sequence : [0, 0, 0, 0, 0, 0, 0, 0, 0, 0, 1, 2, 3, 4, 5, 6, 7, 8, 9, 10, 11, 12, 13]
Scroe : [5.72, 9.21, 14.64, 12.13, 14.7, 22.13, 17.09, 22.43, 5.83, 20.99, 14.47, 7.74, 8.39, 23.26, 22.17, 8.6, 7.63, 22.54, 11.97, 12.49, 8.47, 18.25, 20.32]
Time taken to solve the MIP model : 0.1308 seconds
min_d : 0, max_d : 9
---------------------------------
solution for: IP model
objective: 8.22222
x_0_0_0=1
x_1_4_0=1
x_2_3_0=1
x_3_5_0=1
x_4_0_1=1
x_5_5_1=1
x_6_1_0=1
x_7_2_0=1
x_8_3_1=1
x_9_0_2=1
x_10_3_2=1
x_11_2_1=1
x_12_2_2=1
x_13_5_2=1
x_14_1_1=1
x_15_2_3=1
x_16_3_3=1
x_17_1_2=1
x_18_4_1=1
x_19_4_2=1
x_20_2_4=1
x_21_4_3=1
x_22_4_4=1
r_2_0=1
r_2_1=1
r_2_2=1
r_2_3=1
r_2_4=1
r_3_0=1
r_3_1=1
r_3_2=1
r_3_3=1
d_0=1.000
d_1=4.500
d_2=2.000
d_3=3.000
d_4=3.000
d_5=2.500
d_6=3.500
d_7=3.500
d_8=3.000
d_9=3.000
d_10=4.000
d_11=2.000
d_12=1.500
d_13=1.000
d_14=3.500
d_15=2.500
d_16=5.000
d_17=2.500
d_18=2.000
d_19=5.000
d_20=3.500
d_21=2.500
d_22=3.000
d_x_0=0.250
d_x_1=3.000
d_x_2=0.500
d_x_3=2.500
d_x_4=2.500
d_x_5=1.500
d_x_6=1.500
d_x_7=1.500
d_x_8=2.750
d_x_9=2.500
d_x_10=2.500
d_x_11=1.750
d_x_12=1.000
d_x_13=1.000
d_x_14=2.500
d_x_15=1.000
d_x_16=2.750
d_x_17=2.500
d_x_18=1.500
d_x_19=3.500
d_x_20=1.000
d_x_21=1.500
d_x_22=1.500
d_y_0=0.750
d_y_1=1.500
d_y_2=1.500
d_y_3=0.500
d_y_4=0.500
d_y_5=1.000
d_y_6=2.000
d_y_7=2.000
d_y_8=0.250
d_y_9=0.500
d_y_10=1.500
d_y_11=0.250
d_y_12=0.500
d_y_14=1.000
d_y_15=1.500
d_y_16=2.250
d_y_18=0.500
d_y_19=1.500
d_y_20=2.500
d_y_21=1.000
d_y_22=1.500
normalized distance of container 0 : 0.1111111111111111
normalized distance of container 1 : 0.5
normalized distance of container 2 : 0.2222222222222222
normalized distance of container 3 : 0.3333333333333333
normalized distance of container 4 : 0.3333333333333333
normalized distance of container 5 : 0.2777777777777778
normalized distance of container 6 : 0.3888888888888889
normalized distance of container 7 : 0.3888888888888889
normalized distance of container 8 : 0.3333333333333333
normalized distance of container 9 : 0.3333333333333333
normalized distance of container 10 : 0.44444444444444403
normalized distance of container 11 : 0.22222222222222143
normalized distance of container 12 : 0.16666666666666666
normalized distance of container 13 : 0.1111111111111111
normalized distance of container 14 : 0.3888888888888889
normalized distance of container 15 : 0.2777777777777778
normalized distance of container 16 : 0.5555555555555548
normalized distance of container 17 : 0.2777777777777778
normalized distance of container 18 : 0.2222222222222222
normalized distance of container 19 : 0.5555555555555556
normalized distance of container 20 : 0.3888888888888889
normalized distance of container 21 : 0.2777777777777774
normalized distance of container 22 : 0.3333333333333329
