Number of initial container : 10
Number of new container : 13
Total number of containers : 23
Level_num : 9
Container_level : [7, 1, 7, 9, 5, 7, 6, 5, 4, 1, 6, 4, 7, 8, 4, 1, 2, 8, 1, 3, 1, 8, 7]
ideal_configuration : 
 [[5. 7. 8. 0. 0. 0.]
 [3. 5. 7. 8. 0. 0.]
 [1. 4. 6. 7. 9. 0.]
 [1. 1. 4. 6. 7. 0.]
 [1. 1. 2. 4. 7. 8.]]
Centroid : {7: (2.8, 2.0), 1: (0.4, 0.8), 9: (4.0, 2.0), 5: (0.5, 3.5), 6: (2.5, 1.5), 4: (2.0, 1.0), 8: (3.3333333333333335, 2.3333333333333335), 2: (2.0, 0.0), 3: (0.0, 3.0)}
Repeat number : 18
Original weight : [20.45, 6.41, 18.84, 22.89, 15.34, 19.41, 17.44, 15.45, 13.14, 8.44, 17.05, 12.66, 19.39, 21.25, 14.04, 7.43, 10.08, 22.07, 7.08, 10.55, 7.63, 22.37, 19.69]
Group : [0, 0, 0, 0, 0, 0, 0, 0, 0, 0, 0, 0, 0, 0, 0, 0, 0, 0, 0, 0, 0, 0, 0]
Sequence : [0, 0, 0, 0, 0, 0, 0, 0, 0, 0, 1, 2, 3, 4, 5, 6, 7, 8, 9, 10, 11, 12, 13]
Scroe : [20.45, 6.41, 18.84, 22.89, 15.34, 19.41, 17.44, 15.45, 13.14, 8.44, 17.05, 12.66, 19.39, 21.25, 14.04, 7.43, 10.08, 22.07, 7.08, 10.55, 7.63, 22.37, 19.69]
Time taken to solve the MIP model : 0.1338 seconds
min_d : 0, max_d : 9
---------------------------------
solution for: IP model
objective: 8.8963
x_0_2_0=1
x_1_0_0=1
x_2_2_1=1
x_3_5_0=1
x_4_1_0=1
x_5_5_1=1
x_6_0_1=1
x_7_5_2=1
x_8_5_3=1
x_9_1_1=1
x_10_2_2=1
x_11_4_0=1
x_12_0_2=1
x_13_0_3=1
x_14_4_1=1
x_15_3_0=1
x_16_3_1=1
x_17_4_2=1
x_18_1_2=1
x_19_3_2=1
x_20_1_3=1
x_21_4_3=1
x_22_3_3=1
r_1_0=1
r_1_1=1
r_1_2=1
r_1_3=1
r_2_0=1
r_2_1=1
r_2_2=1
r_5_0=1
r_5_1=1
r_5_2=1
r_5_3=1
d_0=2.800
d_1=1.200
d_2=1.800
d_3=3.000
d_4=4.000
d_5=3.200
d_6=3.000
d_7=6.000
d_8=5.000
d_9=0.800
d_10=1.000
d_11=3.000
d_12=2.800
d_13=4.000
d_14=2.000
d_15=3.400
d_16=2.000
d_17=1.000
d_18=1.800
d_19=4.000
d_20=2.800
d_21=1.333
d_22=1.200
d_x_0=0.800
d_x_1=0.400
d_x_2=0.800
d_x_3=1.000
d_x_4=0.500
d_x_5=2.200
d_x_6=2.500
d_x_7=4.500
d_x_8=3.000
d_x_9=0.600
d_x_10=0.500
d_x_11=2.000
d_x_12=2.800
d_x_13=3.333
d_x_14=2.000
d_x_15=2.600
d_x_16=1.000
d_x_17=0.667
d_x_18=0.600
d_x_19=3.000
d_x_20=0.600
d_x_21=0.667
d_x_22=0.200
d_y_0=2.000
d_y_1=0.800
d_y_2=1.000
d_y_3=2.000
d_y_4=3.500
d_y_5=1.000
d_y_6=0.500
d_y_7=1.500
d_y_8=2.000
d_y_9=0.200
d_y_10=0.500
d_y_11=1.000
d_y_13=0.667
d_y_15=0.800
d_y_16=1.000
d_y_17=0.333
d_y_18=1.200
d_y_19=1.000
d_y_20=2.200
d_y_21=0.667
d_y_22=1.000
normalized distance of container 0 : 0.3111111111111111
normalized distance of container 1 : 0.13333333333333336
normalized distance of container 2 : 0.19999999999999998
normalized distance of container 3 : 0.3333333333333333
normalized distance of container 4 : 0.4444444444444444
normalized distance of container 5 : 0.35555555555555557
normalized distance of container 6 : 0.3333333333333333
normalized distance of container 7 : 0.6666666666666666
normalized distance of container 8 : 0.5555555555555556
normalized distance of container 9 : 0.08888888888888888
normalized distance of container 10 : 0.11111111111111101
normalized distance of container 11 : 0.3333333333333333
normalized distance of container 12 : 0.3111111111111111
normalized distance of container 13 : 0.4444444444444444
normalized distance of container 14 : 0.2222222222222222
normalized distance of container 15 : 0.3777777777777771
normalized distance of container 16 : 0.2222222222222222
normalized distance of container 17 : 0.11111111111111106
normalized distance of container 18 : 0.1999999999999989
normalized distance of container 19 : 0.4444444444444444
normalized distance of container 20 : 0.31111111111111
normalized distance of container 21 : 0.1481481481481476
normalized distance of container 22 : 0.13333333333333316
