Number of initial container : 10
Number of new container : 13
Total number of containers : 23
Level_num : 9
Container_level : [2, 5, 2, 5, 7, 9, 6, 7, 8, 6, 4, 3, 7, 3, 7, 6, 7, 8, 1, 7, 8, 1, 3]
ideal_configuration : 
 [[6. 7. 8. 0. 0. 0.]
 [3. 6. 7. 8. 0. 0.]
 [2. 4. 6. 7. 9. 0.]
 [1. 3. 5. 7. 7. 0.]
 [1. 2. 3. 5. 7. 8.]]
Centroid : {2: (0.5, 1.0), 5: (2.5, 0.5), 7: (2.8333333333333335, 1.8333333333333333), 9: (4.0, 2.0), 6: (1.0, 3.0), 8: (3.3333333333333335, 2.3333333333333335), 4: (1.0, 2.0), 3: (1.0, 1.3333333333333333), 1: (0.0, 0.5)}
Repeat number : 2
Original weight : [8.73, 15.8, 8.55, 15.96, 19.43, 23.13, 16.96, 20.36, 21.8, 17.25, 14.12, 11.21, 19.17, 11.8, 20.16, 16.44, 18.76, 21.26, 5.28, 20.44, 22.92, 7.45, 11.05]
Group : [0, 0, 0, 0, 0, 0, 0, 0, 0, 0, 0, 0, 0, 0, 0, 0, 0, 0, 0, 0, 0, 0, 0]
Sequence : [0, 0, 0, 0, 0, 0, 0, 0, 0, 0, 1, 2, 3, 4, 5, 6, 7, 8, 9, 10, 11, 12, 13]
Scroe : [8.73, 15.8, 8.55, 15.96, 19.43, 23.13, 16.96, 20.36, 21.8, 17.25, 14.12, 11.21, 19.17, 11.8, 20.16, 16.44, 18.76, 21.26, 5.28, 20.44, 22.92, 7.45, 11.05]
Time taken to solve the MIP model : 0.2634 seconds
min_d : 0, max_d : 9
---------------------------------
solution for: IP model
objective: 5.85185
x_0_5_0=1
x_1_5_1=1
x_2_3_0=1
x_3_5_2=1
x_4_4_0=1
x_5_4_1=1
x_6_0_0=1
x_7_3_1=1
x_8_2_0=1
x_9_0_1=1
x_10_2_1=1
x_11_2_2=1
x_12_0_2=1
x_13_2_3=1
x_14_0_3=1
x_15_2_4=1
x_16_5_3=1
x_17_0_4=1
x_18_1_0=1
x_19_3_2=1
x_20_3_3=1
x_21_1_1=1
x_22_1_2=1
r_2_0=1
r_2_1=1
r_2_2=1
r_2_3=1
r_2_4=1
d_0=5.500
d_1=3.000
d_2=3.500
d_3=4.000
d_4=3.000
d_5=1.000
d_6=4.000
d_7=1.000
d_8=3.667
d_9=3.000
d_10=2.000
d_11=1.667
d_12=3.000
d_13=2.667
d_14=4.000
d_15=2.000
d_16=3.333
d_17=5.000
d_18=1.500
d_19=0.333
d_20=1.000
d_21=1.500
d_22=0.667
d_x_0=4.500
d_x_1=2.500
d_x_2=2.500
d_x_3=2.500
d_x_4=1.167
d_x_6=1.000
d_x_7=0.167
d_x_8=1.333
d_x_9=1.000
d_x_10=1.000
d_x_11=1.000
d_x_12=2.833
d_x_13=1.000
d_x_14=2.833
d_x_15=1.000
d_x_16=2.167
d_x_17=3.333
d_x_18=1.000
d_x_19=0.167
d_x_20=0.333
d_x_21=1.000
d_y_0=1.000
d_y_1=0.500
d_y_2=1.000
d_y_3=1.500
d_y_4=1.833
d_y_5=1.000
d_y_6=3.000
d_y_7=0.833
d_y_8=2.333
d_y_9=2.000
d_y_10=1.000
d_y_11=0.667
d_y_12=0.167
d_y_13=1.667
d_y_14=1.167
d_y_15=1.000
d_y_16=1.167
d_y_17=1.667
d_y_18=0.500
d_y_19=0.167
d_y_20=0.667
d_y_21=0.500
d_y_22=0.667
normalized distance of container 0 : 0.6111111111111112
normalized distance of container 1 : 0.3333333333333333
normalized distance of container 2 : 0.3888888888888889
normalized distance of container 3 : 0.4444444444444444
normalized distance of container 4 : 0.3333333333333333
normalized distance of container 5 : 0.1111111111111111
normalized distance of container 6 : 0.4444444444444444
normalized distance of container 7 : 0.11111111111111109
normalized distance of container 8 : 0.40740740740740744
normalized distance of container 9 : 0.3333333333333333
normalized distance of container 10 : 0.2222222222222222
normalized distance of container 11 : 0.18518518518518473
normalized distance of container 12 : 0.3333333333333331
normalized distance of container 13 : 0.2962962962962956
normalized distance of container 14 : 0.4444444444444444
normalized distance of container 15 : 0.2222222222222222
normalized distance of container 16 : 0.37037037037036985
normalized distance of container 17 : 0.5555555555555551
normalized distance of container 18 : 0.16666666666666666
normalized distance of container 19 : 0.03703703703703651
normalized distance of container 20 : 0.11111111111111066
normalized distance of container 21 : 0.16666666666666666
normalized distance of container 22 : 0.07407407407407342
