Number of initial container : 5
Number of new container : 10
Total number of containers : 15
Level_num : 9
Container_level : [3, 3, 9, 1, 1, 6, 3, 1, 1, 6, 3, 6, 6, 8, 8]
ideal_configuration : 
 [[6. 0. 0. 0. 0. 0.]
 [3. 6. 0. 0. 0. 0.]
 [1. 3. 8. 0. 0. 0.]
 [1. 3. 6. 8. 0. 0.]
 [1. 1. 3. 6. 9. 0.]]
Centroid : {3: (1.0, 1.5), 9: (4.0, 0.0), 1: (0.25, 0.75), 6: (1.5, 2.0), 8: (2.5, 1.5)}
Repeat number : 22
Original weight : [16.39, 16.79, 20.62, 13.44, 23.55, 14.2, 22.65, 7.1, 15.12, 9.98, 19.66, 12.02, 20.16, 18.06, 10.34]
Group : [1, 1, 3, 0, 0, 2, 1, 0, 0, 2, 1, 2, 2, 3, 3]
Sequence : [0, 0, 0, 0, 0, 1, 2, 3, 4, 5, 6, 7, 8, 9, 10]
Scroe : [116.39, 116.78999999999999, 320.62, 13.44, 23.55, 214.2, 122.65, 7.1, 15.12, 209.98, 119.66, 212.02, 220.16, 318.06, 310.34]
Time taken to solve the MIP model : 0.0404 seconds
min_d : 0, max_d : 9
---------------------------------
solution for: IP model
objective: 3.77778
x_0_3_0=1
x_1_3_1=1
x_2_0_0=1
x_3_4_0=1
x_4_3_2=1
x_5_2_0=1
x_6_2_1=1
x_7_1_0=1
x_8_1_1=1
x_9_1_2=1
x_10_1_3=1
x_11_2_2=1
x_12_2_3=1
x_13_4_1=1
x_14_0_1=1
r_0_0=1
r_0_1=1
r_1_0=1
r_1_1=1
r_1_2=1
r_1_3=1
r_2_0=1
r_2_1=1
r_2_2=1
r_2_3=1
r_3_0=1
r_3_1=1
r_3_2=1
r_3_4=-0
d_0=3.500
d_1=2.500
d_2=4.000
d_3=4.500
d_4=4.000
d_5=2.500
d_6=1.500
d_7=1.500
d_8=1.000
d_9=0.500
d_10=1.500
d_11=0.500
d_12=1.500
d_13=2.000
d_14=3.000
d_x_0=2.000
d_x_1=2.000
d_x_2=4.000
d_x_3=3.750
d_x_4=2.750
d_x_5=0.500
d_x_6=1.000
d_x_7=0.750
d_x_8=0.750
d_x_9=0.500
d_x_11=0.500
d_x_12=0.500
d_x_13=1.500
d_x_14=2.500
d_y_0=1.500
d_y_1=0.500
d_y_3=0.750
d_y_4=1.250
d_y_5=2.000
d_y_6=0.500
d_y_7=0.750
d_y_8=0.250
d_y_10=1.500
d_y_12=1.000
d_y_13=0.500
d_y_14=0.500
normalized distance of container 0 : 0.3888888888888889
normalized distance of container 1 : 0.2777777777777778
normalized distance of container 2 : 0.4444444444444444
normalized distance of container 3 : 0.5
normalized distance of container 4 : 0.4444444444444444
normalized distance of container 5 : 0.27777777777777757
normalized distance of container 6 : 0.16666666666666666
normalized distance of container 7 : 0.16666666666666666
normalized distance of container 8 : 0.1111111111111111
normalized distance of container 9 : 0.055555555555555164
normalized distance of container 10 : 0.16666666666666666
normalized distance of container 11 : 0.05555555555555477
normalized distance of container 12 : 0.16666666666666588
normalized distance of container 13 : 0.22222222222222182
normalized distance of container 14 : 0.3333333333333333
