Number of initial container : 5
Number of new container : 10
Total number of containers : 15
Level_num : 9
Container_level : [1, 3, 3, 3, 1, 6, 8, 6, 1, 6, 9, 8, 3, 6, 3]
ideal_configuration : 
 [[6. 0. 0. 0. 0. 0.]
 [3. 6. 0. 0. 0. 0.]
 [3. 3. 8. 0. 0. 0.]
 [1. 3. 6. 8. 0. 0.]
 [1. 1. 3. 6. 9. 0.]]
Centroid : {1: (0.3333333333333333, 0.3333333333333333), 3: (0.8, 1.6), 6: (1.5, 2.0), 8: (2.5, 1.5), 9: (4.0, 0.0)}
Repeat number : 7
Original weight : [15.44, 10.42, 17.1, 14.73, 7.26, 20.64, 11.07, 12.94, 21.26, 20.57, 23.99, 14.32, 7.57, 15.28, 17.44]
Group : [0, 1, 1, 1, 0, 2, 3, 2, 0, 2, 3, 3, 1, 2, 1]
Sequence : [0, 0, 0, 0, 0, 1, 2, 3, 4, 5, 6, 7, 8, 9, 10]
Scroe : [15.44, 110.42, 117.1, 114.73, 7.26, 220.64, 311.07, 212.94, 21.26, 220.57, 323.99, 314.32, 107.57, 215.28, 117.44]
Time taken to solve the MIP model : 0.0224 seconds
min_d : 0, max_d : 9
---------------------------------
solution for: IP model
objective: 3.02963
x_0_5_0=1
x_1_5_1=1
x_2_3_0=1
x_3_3_1=1
x_4_0_0=1
x_5_2_0=1
x_6_2_1=1
x_7_2_2=1
x_8_1_0=1
x_9_2_3=1
x_10_4_0=1
x_11_3_2=1
x_12_1_1=1
x_13_1_2=1
x_14_0_1=1
r_0_1=1
r_2_0=1
r_2_1=1
r_2_2=1
r_2_3=1
r_3_0=1
r_3_1=1
r_3_2=1
d_0=5.000
d_1=4.800
d_2=3.800
d_3=2.800
d_4=0.667
d_5=2.500
d_6=1.000
d_7=0.500
d_8=1.000
d_9=1.500
d_11=1.000
d_12=0.800
d_13=0.500
d_14=1.400
d_x_0=4.667
d_x_1=4.200
d_x_2=2.200
d_x_3=2.200
d_x_4=0.333
d_x_5=0.500
d_x_6=0.500
d_x_7=0.500
d_x_8=0.667
d_x_9=0.500
d_x_11=0.500
d_x_12=0.200
d_x_13=0.500
d_x_14=0.800
d_y_0=0.333
d_y_1=0.600
d_y_2=1.600
d_y_3=0.600
d_y_4=0.333
d_y_5=2.000
d_y_6=0.500
d_y_8=0.333
d_y_9=1.000
d_y_11=0.500
d_y_12=0.600
d_y_14=0.600
normalized distance of container 0 : 0.5555555555555556
normalized distance of container 1 : 0.5333333333333334
normalized distance of container 2 : 0.4222222222222223
normalized distance of container 3 : 0.3111111111111111
normalized distance of container 4 : 0.07407407407407407
normalized distance of container 5 : 0.27777777777777757
normalized distance of container 6 : 0.11111111111111091
normalized distance of container 7 : 0.05555555555555474
normalized distance of container 8 : 0.11111111111111104
normalized distance of container 9 : 0.16666666666666588
normalized distance of container 10 : 0.0
normalized distance of container 11 : 0.11111111111110993
normalized distance of container 12 : 0.08888888888888842
normalized distance of container 13 : 0.05555555555555555
normalized distance of container 14 : 0.15555555555555556
